17 0.472656 0.236181 0.885417 0.360972
17 0.246745 0.465662 0.125000 0.017169
17 0.248047 0.724456 0.327474 0.018425
17 0.246745 0.753769 0.428385 0.030988
17 0.679688 0.674204 0.408854 0.019682
19 0.229167 0.485343 0.382812 0.017588
19 0.182292 0.503350 0.293620 0.016332
19 0.248698 0.525544 0.427734 0.025544
19 0.248047 0.553183 0.428385 0.026382
19 0.248698 0.585846 0.430990 0.034757
19 0.248698 0.619347 0.430339 0.028057
19 0.249349 0.653266 0.430339 0.036013
19 0.243490 0.687186 0.418620 0.027638
19 0.701172 0.476131 0.403646 0.039782
19 0.701172 0.526801 0.404948 0.060720
21 0.247396 0.803183 0.427734 0.047739
21 0.248698 0.860134 0.429688 0.067002
21 0.248047 0.912898 0.429688 0.036851
21 0.689453 0.588777 0.429036 0.051508
21 0.608724 0.628978 0.237630 0.018844
21 0.690104 0.809883 0.429036 0.241206