13 0.292415 0.119874 0.382745 0.132041
13 0.693109 0.107706 0.382166 0.107256
17 0.295310 0.202343 0.359004 0.020279
17 0.293573 0.424966 0.382745 0.032447
17 0.693688 0.189725 0.298784 0.031095
17 0.695426 0.316809 0.321946 0.021181
17 0.295310 0.588103 0.381008 0.030644
17 0.696005 0.484452 0.284308 0.019378
17 0.295889 0.757548 0.382745 0.042812
17 0.696005 0.693105 0.382166 0.041009
17 0.294152 0.855791 0.379849 0.015773
21 0.294152 0.309148 0.382745 0.183416
21 0.693688 0.252817 0.382166 0.082470
21 0.294731 0.505183 0.382166 0.116719
21 0.694268 0.347454 0.379849 0.030194
21 0.295310 0.669671 0.382745 0.116269
21 0.694847 0.515998 0.381587 0.029743
21 0.696584 0.748986 0.381008 0.054078
21 0.696584 0.793601 0.382745 0.029743
21 0.294731 0.883731 0.382166 0.030194
19 0.694847 0.383506 0.381587 0.041009
19 0.695426 0.433979 0.381587 0.055881
19 0.696005 0.552050 0.379849 0.041460
19 0.695426 0.616494 0.380428 0.080216
19 0.295889 0.813880 0.385061 0.054980
19 0.697163 0.829202 0.382166 0.040108
19 0.697163 0.885083 0.381008 0.068049
25 0.184713 0.910320 0.137811 0.016224
27 0.498552 0.931951 0.020845 0.016674