17 0.265779 0.106222 0.403011 0.071556
17 0.483497 0.472444 0.820498 0.069778
17 0.269832 0.536000 0.372901 0.031111
17 0.270411 0.683111 0.374059 0.028444
21 0.193399 0.160000 0.254198 0.016000
21 0.266937 0.200000 0.402432 0.055111
21 0.269832 0.246222 0.404748 0.030222
21 0.268095 0.285333 0.401853 0.042667
21 0.268095 0.321333 0.401274 0.017333
21 0.268674 0.356000 0.401853 0.044000
21 0.602779 0.076889 0.203822 0.019111
21 0.200926 0.565333 0.228720 0.014667
21 0.269253 0.588000 0.398958 0.027556
21 0.269253 0.616889 0.401853 0.026222
21 0.693109 0.561333 0.400116 0.082222
21 0.200926 0.709333 0.228141 0.016000
21 0.278518 0.727111 0.382745 0.016000
21 0.270411 0.748000 0.404748 0.025778
21 0.270411 0.797333 0.404169 0.066222
19 0.689635 0.164000 0.401853 0.148000
19 0.689635 0.274222 0.399537 0.068444
19 0.694268 0.672444 0.398958 0.133778
19 0.696005 0.789333 0.399537 0.094667
19 0.697163 0.868889 0.399537 0.057778
25 0.689635 0.358667 0.401274 0.040000
25 0.270411 0.850667 0.403590 0.033333
25 0.166763 0.876444 0.168500 0.013333
25 0.189346 0.890667 0.224088 0.013333
22 0.811812 0.315111 0.155182 0.015111
22 0.389693 0.637778 0.162710 0.016444
28 0.486972 0.919111 0.024320 0.016889
14 0.420961 0.652000 0.094383 0.012000
14 0.837869 0.329333 0.106543 0.012444