21 0.298212 0.129965 0.416347 0.155440
21 0.298212 0.248273 0.417625 0.057427
21 0.203704 0.294473 0.196679 0.018998
21 0.297573 0.387306 0.417625 0.040155
21 0.298212 0.433938 0.418902 0.053109
21 0.298851 0.601036 0.420179 0.260794
21 0.300128 0.768135 0.416986 0.056131
21 0.201788 0.813472 0.226054 0.018998
21 0.298212 0.910622 0.416347 0.069516
21 0.750958 0.085060 0.418902 0.065630
21 0.751596 0.150259 0.416986 0.064335
21 0.752874 0.376511 0.418902 0.387306
21 0.750958 0.615717 0.416986 0.089810
21 0.750958 0.674007 0.417625 0.025043
21 0.750958 0.700345 0.418263 0.028497
21 0.751596 0.743523 0.417625 0.043178
21 0.752874 0.860535 0.419540 0.172712
17 0.298212 0.336356 0.417625 0.042746
17 0.298851 0.852332 0.415070 0.029793
28 0.113665 0.967617 0.042146 0.018135