17 0.264361 0.113182 0.360492 0.019091
17 0.231536 0.331818 0.286049 0.031818
17 0.687573 0.131364 0.380422 0.060909
17 0.699883 0.414545 0.391559 0.045000
17 0.237397 0.629091 0.286635 0.016364
17 0.659437 0.696818 0.302462 0.016818
21 0.285463 0.216364 0.403283 0.179091
21 0.288394 0.440000 0.402110 0.177273
21 0.697538 0.232727 0.397421 0.132727
21 0.699883 0.343182 0.397421 0.074545
21 0.290739 0.571364 0.399179 0.075455
21 0.701641 0.465455 0.395662 0.046818
21 0.293083 0.738182 0.402110 0.192727
21 0.706917 0.805455 0.398593 0.189545
31 0.489449 0.075909 0.361665 0.022727
19 0.703400 0.552273 0.396249 0.117727
19 0.704572 0.646818 0.396249 0.060000
25 0.293669 0.894091 0.400938 0.035455
27 0.892732 0.922727 0.029308 0.019091