17 0.209848 0.117326 0.228019 0.122328
17 0.296600 0.211460 0.113130 0.021828
17 0.297186 0.312869 0.378077 0.019554
17 0.295428 0.346521 0.286049 0.020009
17 0.771981 0.078672 0.276084 0.046385
17 0.841149 0.170532 0.135404 0.021828
13 0.712192 0.254661 0.398007 0.105048
19 0.714537 0.452933 0.401524 0.288768
19 0.295428 0.572078 0.397421 0.273306
19 0.715709 0.759891 0.399766 0.316508
19 0.296014 0.809914 0.399766 0.191905
21 0.297186 0.394725 0.397421 0.070032
25 0.715709 0.939518 0.398593 0.029559
25 0.200469 0.944520 0.185229 0.011369
25 0.295428 0.925875 0.398593 0.022738
27 0.505275 0.965894 0.022860 0.015916
27 0.859320 0.965894 0.111372 0.014097
29 0.297773 0.254206 0.400938 0.066394
6 0.501172 0.129150 0.090270 0.061392
14 0.817702 0.126421 0.182884 0.035016