31 0.458599 0.062472 0.409380 0.018742
13 0.256514 0.091923 0.385061 0.029005
27 0.834395 0.060687 0.026057 0.016510
21 0.256514 0.126283 0.384482 0.039714
21 0.555877 0.475680 0.167342 0.017403
21 0.656051 0.506470 0.381008 0.041053
21 0.655472 0.560464 0.379270 0.064703
21 0.656051 0.625614 0.381587 0.063811
21 0.655472 0.728693 0.382745 0.138777
21 0.654893 0.825971 0.382166 0.051316
21 0.653735 0.879518 0.382745 0.053548
19 0.658367 0.103971 0.384482 0.053994
19 0.255356 0.172245 0.385061 0.051316
19 0.658367 0.176707 0.383324 0.091031
19 0.255356 0.225346 0.384482 0.053101
19 0.255356 0.310129 0.383903 0.115573
19 0.658367 0.274431 0.383324 0.103079
19 0.255935 0.446676 0.383324 0.154395
19 0.658367 0.353414 0.382166 0.053994
19 0.256514 0.561357 0.383903 0.076305
19 0.256514 0.646140 0.382745 0.090138
19 0.255356 0.736725 0.383324 0.090585
19 0.255356 0.814815 0.383903 0.065149
19 0.254198 0.887104 0.383903 0.080321
22 0.764910 0.396252 0.140127 0.016957
17 0.656630 0.447568 0.381008 0.031236
25 0.581934 0.921017 0.196294 0.017849
14 0.770122 0.410531 0.134337 0.013387