14 0.133172 0.050898 0.113196 0.019247
32 0.500000 0.049187 0.444310 0.020958
17 0.500000 0.130453 0.133777 0.035928
17 0.500000 0.179641 0.849274 0.047904
17 0.500000 0.296835 0.128935 0.019247
28 0.866223 0.050470 0.109564 0.017536
20 0.498789 0.217707 0.157990 0.019247
21 0.363196 0.268606 0.544794 0.018392
21 0.503027 0.333618 0.845036 0.048760
21 0.239709 0.420873 0.243947 0.017109
21 0.276029 0.251069 0.372881 0.016253
21 0.294794 0.365697 0.402542 0.014970
21 0.226392 0.386655 0.260896 0.015398
22 0.808717 0.405475 0.146489 0.022241
22 0.774213 0.481608 0.286320 0.036784
22 0.179177 0.447819 0.194915 0.030796
25 0.450969 0.584260 0.763923 0.129598
25 0.396489 0.661249 0.609564 0.016253