19 0.306891 0.097660 0.383324 0.055356
19 0.308628 0.160216 0.382745 0.065707
19 0.308049 0.215572 0.381587 0.040954
19 0.711060 0.090009 0.374059 0.041854
19 0.707006 0.158416 0.381587 0.091809
19 0.707585 0.252475 0.382166 0.090909
19 0.708164 0.314581 0.382745 0.029253
19 0.709323 0.351485 0.382166 0.042304
19 0.312102 0.701620 0.382166 0.041854
19 0.311523 0.738524 0.381008 0.029703
19 0.243775 0.762376 0.222351 0.016652
19 0.272727 0.779478 0.277939 0.016652
19 0.255935 0.797030 0.245512 0.016652
19 0.253040 0.815032 0.241459 0.017552
19 0.320208 0.851485 0.368269 0.054455
17 0.308628 0.266427 0.380428 0.043654
17 0.310365 0.405491 0.381008 0.044104
17 0.311523 0.539154 0.381008 0.081908
17 0.709323 0.406841 0.380428 0.044104
17 0.710481 0.546805 0.379270 0.055806
17 0.711639 0.700720 0.220614 0.018902
17 0.713376 0.808731 0.129126 0.033303
21 0.309207 0.335734 0.380428 0.079208
21 0.310944 0.462196 0.381008 0.054455
21 0.312102 0.632763 0.381008 0.091359
21 0.711060 0.470297 0.381587 0.067057
21 0.711639 0.624662 0.381587 0.081458
21 0.713376 0.751125 0.382166 0.067507
25 0.205559 0.893789 0.141865 0.013051
25 0.206717 0.904590 0.138969 0.010801
25 0.177186 0.914491 0.085119 0.010801
25 0.177765 0.925293 0.086277 0.013051
25 0.590620 0.923942 0.116387 0.016202
34 0.712218 0.870387 0.365953 0.082808
27 0.515345 0.947345 0.026057 0.017102