28 0.110448 0.945578 0.026866 0.019983
19 0.576119 0.091837 0.707463 0.048895
19 0.580299 0.144133 0.706866 0.057398
19 0.579701 0.192177 0.706269 0.034439
19 0.584478 0.742772 0.696119 0.045068
19 0.584478 0.802296 0.704478 0.075255
19 0.586866 0.872449 0.702090 0.066327
19 0.576716 0.455357 0.711045 0.076105
19 0.576119 0.509354 0.713433 0.029337
19 0.614328 0.675170 0.641194 0.031463
19 0.546866 0.697279 0.506269 0.013180
1 0.486567 0.014456 0.785075 0.028061
32 0.370746 0.034864 0.306269 0.010204
17 0.249552 0.227466 0.297313 0.016582
17 0.248955 0.547194 0.272836 0.018707
17 0.272836 0.576105 0.244179 0.017432
21 0.574328 0.250000 0.709254 0.030187
21 0.573731 0.281037 0.710448 0.029337
21 0.573134 0.311224 0.709851 0.030187
21 0.575522 0.341412 0.711642 0.027211
21 0.576716 0.386905 0.711045 0.059949
21 0.576119 0.621173 0.713433 0.075255
21 0.532537 0.712160 0.539104 0.016156