32 0.165167 0.033252 0.149100 0.017437
28 0.481362 0.036091 0.089974 0.016626
21 0.271208 0.107056 0.399743 0.104217
21 0.270566 0.188970 0.401671 0.048662
21 0.270566 0.247770 0.401028 0.057989
21 0.268638 0.292376 0.402956 0.027981
21 0.270566 0.361314 0.401028 0.038929
21 0.684447 0.204785 0.399743 0.048662
21 0.684447 0.273723 0.399100 0.060016
21 0.687018 0.360908 0.401028 0.038929
21 0.269923 0.525547 0.372751 0.020276
21 0.268638 0.680454 0.401671 0.057178
21 0.269280 0.809408 0.399743 0.197080
21 0.268638 0.932685 0.401028 0.047851
21 0.615681 0.321573 0.246144 0.017843
21 0.617609 0.642336 0.246787 0.017437
21 0.683162 0.705191 0.397172 0.092052
21 0.683162 0.813058 0.399743 0.059205
21 0.682519 0.881590 0.399100 0.059205
17 0.272494 0.329684 0.393959 0.018654
17 0.482005 0.476480 0.324550 0.020276
17 0.476864 0.450122 0.217866 0.021898
17 0.269280 0.592052 0.401671 0.096918
17 0.683162 0.770073 0.219794 0.017032
14 0.802057 0.034874 0.129177 0.016221
13 0.684447 0.118005 0.397815 0.123277
13 0.683805 0.575020 0.397815 0.112328
25 0.683162 0.925791 0.397172 0.014193
25 0.682519 0.945255 0.399100 0.025547