17 0.270411 0.095493 0.403011 0.045962
17 0.685003 0.327979 0.397221 0.058902
21 0.199189 0.135654 0.240301 0.019188
21 0.271569 0.183846 0.401274 0.068273
21 0.272727 0.272646 0.401274 0.095939
21 0.273306 0.361446 0.401853 0.068719
21 0.273885 0.443106 0.401274 0.082999
21 0.614360 0.373048 0.236248 0.016957
21 0.685582 0.433735 0.396642 0.095047
21 0.685582 0.521196 0.397221 0.068273
21 0.685582 0.615797 0.397221 0.108434
21 0.685582 0.697456 0.398958 0.043730
21 0.686740 0.764837 0.397800 0.083891
21 0.686740 0.825971 0.398379 0.030790
13 0.683266 0.120482 0.398379 0.095939
19 0.683845 0.202142 0.399537 0.058902
19 0.274464 0.517180 0.401274 0.057564
19 0.193978 0.558679 0.232774 0.019188
19 0.273306 0.645694 0.403590 0.149933
19 0.274464 0.772869 0.400116 0.096832
19 0.275622 0.840250 0.402432 0.030790
22 0.804864 0.247211 0.158657 0.016064
25 0.275043 0.887996 0.400695 0.041946
25 0.688477 0.863008 0.398379 0.023204
25 0.660683 0.882195 0.321946 0.012941
25 0.650840 0.896029 0.312681 0.016064
27 0.481181 0.924587 0.024899 0.018295
14 0.840185 0.261490 0.088014 0.015618