28 0.090014 0.093893 0.024789 0.011351
32 0.498418 0.094633 0.409810 0.015546
13 0.206751 0.160518 0.283931 0.105244
13 0.496132 0.119309 0.281470 0.020851
13 0.789381 0.123381 0.286392 0.031092
21 0.207806 0.225787 0.283052 0.022455
21 0.208685 0.284022 0.283052 0.092165
21 0.210795 0.431709 0.285162 0.201727
21 0.209916 0.545836 0.284810 0.027884
21 0.211674 0.601357 0.283228 0.083529
21 0.209916 0.655645 0.281997 0.021221
21 0.213256 0.766440 0.282173 0.196915
21 0.211146 0.895990 0.283931 0.060210
21 0.498594 0.169525 0.282525 0.076126
21 0.498945 0.224553 0.284634 0.030352
21 0.499473 0.279087 0.282876 0.075879
21 0.492616 0.324368 0.266174 0.013942
21 0.500352 0.356693 0.281470 0.048735
21 0.502461 0.389019 0.276371 0.014312
21 0.500527 0.434300 0.281821 0.075015
21 0.500352 0.484639 0.282876 0.023566
21 0.500000 0.533868 0.283579 0.074399
21 0.500879 0.580629 0.282876 0.020358
21 0.501406 0.653054 0.281997 0.027020
21 0.500527 0.913880 0.281470 0.022209
21 0.789909 0.151511 0.286041 0.023319
21 0.790788 0.240222 0.286568 0.154226
21 0.790436 0.329920 0.284459 0.022332
21 0.791667 0.371129 0.286217 0.057372
21 0.792194 0.415052 0.286041 0.030969
21 0.777778 0.437754 0.248594 0.014559
21 0.791842 0.465022 0.285865 0.038618
21 0.791491 0.513263 0.285513 0.057866
21 0.795359 0.550401 0.281470 0.014312
21 0.791139 0.582357 0.284634 0.048612
21 0.791139 0.631215 0.285689 0.048612
21 0.792194 0.667242 0.285689 0.022455
21 0.791842 0.714744 0.284810 0.069093
21 0.792897 0.762122 0.284283 0.023196
21 0.793425 0.790746 0.283755 0.032943
21 0.793425 0.842196 0.285513 0.068600
21 0.796589 0.884269 0.277602 0.014806
21 0.794128 0.908575 0.283931 0.033436
21 0.499648 0.703146 0.279887 0.071931
19 0.500527 0.615423 0.281821 0.047131
19 0.501582 0.807403 0.280591 0.019371
19 0.501582 0.831092 0.280767 0.028378
19 0.501582 0.874399 0.281646 0.054904
19 0.501055 0.783590 0.282876 0.025046
19 0.499297 0.756693 0.279360 0.027020