13 0.255356 0.074421 0.405327 0.031194
19 0.255356 0.111408 0.404748 0.042335
19 0.255356 0.175134 0.403590 0.081551
19 0.255935 0.259358 0.404748 0.081996
19 0.682687 0.146613 0.407064 0.176916
19 0.680950 0.257576 0.404748 0.043226
19 0.680371 0.295009 0.404748 0.029857
19 0.680371 0.326649 0.405906 0.031640
19 0.254777 0.599822 0.404169 0.070856
19 0.682108 0.708556 0.404748 0.029412
19 0.682108 0.770499 0.406485 0.094029
19 0.682108 0.840018 0.405327 0.041889
19 0.682108 0.883244 0.406485 0.042335
17 0.255935 0.394385 0.402432 0.042335
17 0.255356 0.355615 0.018529 0.018271
17 0.682687 0.358734 0.021424 0.018271
17 0.255935 0.652852 0.012160 0.014706
22 0.367690 0.312389 0.159815 0.016934
21 0.176028 0.428253 0.243775 0.016934
21 0.255356 0.472371 0.404169 0.069073
21 0.254777 0.535651 0.404748 0.054367
21 0.574406 0.378788 0.185871 0.017380
21 0.682108 0.422906 0.403590 0.068627
21 0.682108 0.499554 0.403590 0.082442
21 0.683266 0.587790 0.404169 0.093583
21 0.145918 0.673797 0.173133 0.018717
21 0.254198 0.724153 0.403590 0.080660
21 0.682108 0.664439 0.404748 0.056150
21 0.254198 0.787879 0.405327 0.045009
25 0.255356 0.831996 0.407643 0.024064
25 0.260567 0.850713 0.389693 0.011141
25 0.254198 0.867647 0.407643 0.023619
25 0.249566 0.890374 0.407643 0.019608
27 0.470759 0.922906 0.023741 0.017825
14 0.375217 0.327986 0.133758 0.012923