13 0.255549 0.085660 0.440710 0.046380
13 0.711477 0.092286 0.443247 0.059631
17 0.165504 0.135826 0.257451 0.019877
17 0.257451 0.353526 0.377299 0.034075
17 0.240964 0.396119 0.405200 0.018457
17 0.710843 0.429248 0.440710 0.123521
17 0.258085 0.543777 0.436271 0.031235
17 0.256817 0.626124 0.107166 0.017511
17 0.259353 0.732608 0.436906 0.056318
21 0.256817 0.234737 0.441978 0.168008
21 0.256183 0.461429 0.436906 0.097965
21 0.257451 0.589210 0.436906 0.043067
21 0.711477 0.547089 0.437540 0.097492
21 0.258719 0.799337 0.440076 0.058211
25 0.115409 0.855655 0.159163 0.015618
25 0.147749 0.870800 0.219404 0.015144
25 0.114775 0.885944 0.154724 0.017984
25 0.601141 0.886417 0.209258 0.021297
28 0.485732 0.919546 0.026633 0.018457
19 0.729867 0.149077 0.405200 0.040227
19 0.717185 0.182679 0.370323 0.026029
19 0.700698 0.203502 0.339886 0.012305
19 0.634115 0.216280 0.202283 0.011358
19 0.726696 0.228112 0.384908 0.008519
19 0.706405 0.239943 0.346861 0.012778
19 0.729233 0.252248 0.391883 0.009938
19 0.719721 0.264080 0.370323 0.011358
19 0.715282 0.283956 0.364616 0.026029
19 0.686747 0.300994 0.304375 0.011832
19 0.729233 0.320871 0.395054 0.026029
19 0.648066 0.339801 0.234623 0.011832
19 0.729233 0.619025 0.401395 0.024136
19 0.705136 0.645054 0.354471 0.023190
19 0.699429 0.665405 0.330374 0.014198
19 0.730501 0.684335 0.393786 0.022717
19 0.700698 0.708945 0.336081 0.024136
19 0.730501 0.734501 0.396956 0.026029
19 0.682942 0.754378 0.298668 0.012305
19 0.718453 0.767629 0.367153 0.011358
19 0.689918 0.778987 0.314521 0.012778
19 0.731769 0.798391 0.401395 0.023663
19 0.729867 0.818741 0.394420 0.013251
19 0.715282 0.837672 0.359543 0.026503
19 0.171211 0.650260 0.191503 0.012305
19 0.237159 0.670611 0.325935 0.026503