31 0.786449 0.057314 0.242589 0.020958
19 0.519661 0.120616 0.785844 0.082121
19 0.520871 0.196322 0.783424 0.053037
19 0.520266 0.262190 0.786449 0.068007
19 0.519661 0.322070 0.787054 0.038494
19 0.520871 0.395637 0.786449 0.096236
19 0.520266 0.651839 0.789474 0.037211
19 0.519661 0.718563 0.785239 0.082977
19 0.520266 0.792558 0.788264 0.053464
19 0.522081 0.860565 0.784634 0.073139
19 0.298246 0.586399 0.320024 0.016253
19 0.331518 0.616339 0.384150 0.017109
20 0.842105 0.453807 0.131881 0.017964
17 0.488808 0.503849 0.803388 0.063302
21 0.223835 0.556031 0.182093 0.015825