28 0.097458 0.049187 0.030266 0.018820
32 0.501816 0.048332 0.429177 0.021814
21 0.288136 0.157399 0.414649 0.142002
21 0.274818 0.238666 0.354116 0.016681
21 0.288136 0.344311 0.416465 0.188623
21 0.288136 0.491446 0.415860 0.100086
21 0.288741 0.593670 0.414044 0.101369
21 0.288136 0.696322 0.413438 0.101369
21 0.288741 0.793413 0.414044 0.088965
21 0.203995 0.849016 0.227603 0.015825
21 0.288741 0.905902 0.415254 0.091531
21 0.717918 0.211719 0.415254 0.139008
21 0.717918 0.328914 0.414044 0.090248
21 0.717312 0.393499 0.415860 0.029512
21 0.717918 0.450385 0.414044 0.077844
21 0.717312 0.559880 0.414649 0.138152
21 0.717312 0.744654 0.414649 0.227545
21 0.719128 0.905902 0.415254 0.091531
13 0.717312 0.114200 0.414649 0.053892