28 0.102300 0.049187 0.042373 0.019675
32 0.502421 0.048332 0.460048 0.021814
21 0.289346 0.174936 0.416465 0.179213
21 0.288741 0.431138 0.416465 0.328058
21 0.286925 0.617622 0.414649 0.030368
21 0.287530 0.673653 0.415254 0.067151
21 0.234867 0.721985 0.299031 0.019247
21 0.286925 0.752780 0.416465 0.030796
21 0.258475 0.782720 0.347458 0.020530
21 0.287530 0.856715 0.415254 0.116339
21 0.287530 0.937126 0.414649 0.032079
21 0.722760 0.117194 0.402542 0.017964
21 0.717312 0.152267 0.413438 0.050898
21 0.717312 0.222412 0.413438 0.087682
21 0.709443 0.276305 0.388015 0.015398
21 0.719734 0.349016 0.419492 0.125749
21 0.717312 0.492729 0.412833 0.028657
21 0.717312 0.931138 0.413438 0.041061
21 0.670702 0.902481 0.287530 0.015398
21 0.676150 0.883661 0.297821 0.014970
21 0.715496 0.804962 0.412228 0.141574
21 0.715496 0.696322 0.412228 0.076133
21 0.716102 0.583405 0.415254 0.149701
21 0.714286 0.445252 0.412228 0.062019
17 0.716707 0.095808 0.145884 0.018820