31 0.135511 0.044910 0.094979 0.017536
17 0.498488 0.090248 0.085904 0.018392
17 0.497278 0.129170 0.751361 0.041061
17 0.509377 0.218991 0.514822 0.124038
17 0.321234 0.556031 0.467030 0.019675
17 0.257713 0.716852 0.339988 0.019247
21 0.498488 0.317365 0.822747 0.065868
21 0.499093 0.416168 0.825166 0.127032
21 0.499093 0.503422 0.826376 0.041916
21 0.435572 0.535073 0.697520 0.019675
21 0.497278 0.637297 0.822747 0.138580
21 0.497883 0.791702 0.825771 0.125749
21 0.499698 0.886655 0.824561 0.056459
27 0.105868 0.954662 0.030248 0.016253