19 0.488808 0.757485 0.718693 0.042344
19 0.489413 0.792130 0.714459 0.028657
19 0.489413 0.826347 0.715064 0.041061
19 0.490018 0.859281 0.713854 0.026518
19 0.491833 0.886655 0.711434 0.026946
19 0.491833 0.929855 0.707804 0.057742
17 0.277677 0.707870 0.245009 0.020103
17 0.183908 0.612489 0.176044 0.020103
17 0.232305 0.516253 0.313370 0.027802
17 0.497883 0.393926 0.412583 0.022241
17 0.500302 0.325492 0.250454 0.016253
17 0.505747 0.159966 0.511797 0.219418
6 0.777374 0.156544 0.213551 0.239093