27 0.108288 0.961078 0.019359 0.017109
27 0.813067 0.961506 0.134301 0.018820
19 0.533575 0.098802 0.698730 0.053892
19 0.534785 0.150984 0.699335 0.036784
19 0.534785 0.208725 0.696310 0.068862
19 0.535390 0.298546 0.693890 0.094953
19 0.535995 0.387938 0.691470 0.067151
19 0.535995 0.492301 0.695705 0.127459
21 0.534180 0.643713 0.698125 0.083405
21 0.532365 0.791702 0.698125 0.127887
25 0.520871 0.909324 0.658802 0.023952
17 0.190563 0.583832 0.180278 0.022241
17 0.197822 0.710436 0.198427 0.020958