17 0.268231 0.086133 0.440076 0.046853
17 0.724160 0.140085 0.437540 0.046380
17 0.719087 0.430667 0.439442 0.045433
17 0.259353 0.618079 0.435637 0.032655
17 0.680406 0.554662 0.364616 0.018930
17 0.714648 0.780407 0.441344 0.032182
21 0.262524 0.348793 0.440710 0.470421
21 0.720989 0.282537 0.441344 0.224799
21 0.717185 0.495977 0.439442 0.073355
21 0.256817 0.717937 0.440076 0.154283
21 0.715916 0.659726 0.441344 0.179839
21 0.710843 0.825367 0.440710 0.046853
13 0.723526 0.085660 0.441978 0.033128
25 0.253646 0.821581 0.438808 0.027922
25 0.249207 0.842404 0.429930 0.014671
25 0.246037 0.856602 0.424223 0.015618
25 0.243500 0.871746 0.419150 0.016091
25 0.242866 0.889257 0.419150 0.019404
25 0.537730 0.888784 0.091947 0.019877
27 0.482562 0.929957 0.032974 0.018930