21 0.252110 0.128052 0.263186 0.014921
21 0.252110 0.146907 0.262307 0.022382
21 0.251934 0.222463 0.263537 0.022382
21 0.186533 0.244574 0.057841 0.013700
21 0.210091 0.316603 0.175985 0.013022
21 0.251055 0.349023 0.262658 0.054802
21 0.249648 0.405046 0.260021 0.012480
21 0.251582 0.416848 0.262482 0.011259
21 0.250176 0.432447 0.262307 0.020076
21 0.250176 0.506511 0.263361 0.023467
21 0.249824 0.537982 0.264241 0.040830
21 0.250703 0.569316 0.263010 0.022518
21 0.250000 0.595768 0.264241 0.031742
21 0.246308 0.617607 0.258439 0.012480
21 0.250000 0.633342 0.264416 0.021704
21 0.174402 0.668204 0.112342 0.013429
21 0.249473 0.694927 0.264592 0.042322
21 0.249648 0.742946 0.263010 0.053310
21 0.249648 0.825014 0.264241 0.075692
21 0.248242 0.873576 0.263713 0.021568
21 0.248594 0.913185 0.266526 0.022653
21 0.249648 0.936788 0.263889 0.025773
21 0.521097 0.147992 0.261779 0.064976
21 0.515471 0.208085 0.243847 0.013294
21 0.520745 0.234807 0.261428 0.041780
21 0.520394 0.282013 0.262307 0.052632
21 0.520570 0.319723 0.262658 0.022382
21 0.520218 0.363809 0.261779 0.023060
21 0.519339 0.475583 0.262834 0.117607
21 0.520042 0.576370 0.262834 0.033776
21 0.520042 0.614080 0.263361 0.042729
21 0.518987 0.661422 0.264944 0.052360
21 0.519515 0.709034 0.263361 0.043001
21 0.520745 0.741725 0.264065 0.023332
21 0.519163 0.795307 0.264241 0.043679
21 0.520042 0.839664 0.266174 0.045442
21 0.519163 0.906945 0.263537 0.032420
21 0.788326 0.154097 0.260197 0.032284
21 0.788678 0.254069 0.261428 0.062534
21 0.787975 0.297206 0.260724 0.022111
21 0.788678 0.445741 0.262131 0.042865
21 0.789381 0.592377 0.262482 0.052225
21 0.789205 0.666983 0.263010 0.032963
21 0.790084 0.812670 0.263537 0.022111
21 0.790260 0.840071 0.263889 0.032556
21 0.789909 0.904775 0.264241 0.032284
21 0.518987 0.935703 0.262658 0.025231
19 0.235584 0.163456 0.210443 0.011937
19 0.235759 0.174173 0.210267 0.010716
19 0.228200 0.184617 0.189873 0.010716
19 0.228551 0.195062 0.195148 0.011259
19 0.218530 0.205643 0.177567 0.010852
19 0.251582 0.268991 0.264944 0.034048
19 0.250703 0.468937 0.263713 0.052903
19 0.474156 0.390260 0.148734 0.011394
19 0.510373 0.401112 0.222046 0.010852
19 0.437060 0.411829 0.077883 0.011666
19 0.789030 0.196419 0.261428 0.052360
19 0.789030 0.339257 0.261955 0.063619
19 0.788150 0.397992 0.261428 0.053717
19 0.788854 0.484129 0.262482 0.033370
19 0.789030 0.522111 0.262307 0.042729
19 0.790084 0.554802 0.261955 0.022246
19 0.789381 0.634835 0.263010 0.031877
19 0.789557 0.699810 0.263713 0.032420
19 0.789381 0.742811 0.263537 0.053581
19 0.789733 0.786218 0.263010 0.032284
19 0.790084 0.872491 0.263186 0.032420
19 0.790436 0.933397 0.265647 0.024552
19 0.458509 0.381172 0.117792 0.009495
17 0.247363 0.301139 0.086322 0.014786
17 0.251934 0.389582 0.084388 0.014514
17 0.249648 0.652876 0.091772 0.014650
17 0.248769 0.777130 0.084916 0.013972
17 0.248769 0.892160 0.090190 0.016278
17 0.520745 0.191671 0.083509 0.015464
17 0.519163 0.341834 0.087904 0.015328
17 0.521097 0.550326 0.084916 0.015600
17 0.518812 0.763022 0.089135 0.015464
17 0.518812 0.879409 0.086322 0.015328
31 0.517405 0.101736 0.317159 0.014650
31 0.812940 0.102957 0.193390 0.014107
13 0.787975 0.127374 0.260549 0.021568
27 0.140295 0.099159 0.014768 0.014786
14 0.213959 0.103228 0.116737 0.013429