19 0.316436 0.196800 0.355248 0.124359
19 0.316040 0.322065 0.354455 0.111078
19 0.317228 0.452762 0.354455 0.134923
19 0.683168 0.191669 0.352871 0.136432
19 0.684356 0.304256 0.351683 0.075460
19 0.684356 0.381829 0.351287 0.064292
19 0.317624 0.575309 0.354455 0.088439
19 0.684356 0.464835 0.351683 0.087836
19 0.317228 0.686689 0.355248 0.112587
19 0.684752 0.562934 0.352079 0.088439
19 0.685941 0.648355 0.350891 0.063990
19 0.318020 0.804105 0.354851 0.100211
19 0.685149 0.728947 0.350495 0.076668
19 0.685941 0.815575 0.350891 0.078479
31 0.497030 0.067914 0.236832 0.017205
13 0.682376 0.102022 0.350891 0.029580
13 0.315644 0.108965 0.353267 0.038636
27 0.849901 0.066405 0.014257 0.012677