32 0.338080 0.060025 0.586322 0.028321
17 0.460619 0.124436 0.796765 0.087845
17 0.185127 0.407143 0.238397 0.020426
17 0.183017 0.442982 0.132032 0.014912
17 0.183896 0.800877 0.171414 0.017168
17 0.477848 0.391729 0.092827 0.015789
17 0.477496 0.482832 0.243847 0.022932
17 0.475738 0.520927 0.166667 0.016541
17 0.402426 0.663409 0.062060 0.014411
17 0.475563 0.714411 0.145394 0.014912
17 0.694972 0.627444 0.061885 0.013409
20 0.255098 0.189098 0.430556 0.031579
20 0.479606 0.224687 0.411392 0.031454
20 0.685654 0.188095 0.409634 0.029198
20 0.149086 0.222932 0.183896 0.027945
20 0.800281 0.226065 0.199719 0.032957
21 0.475914 0.282080 0.860056 0.058647
21 0.183544 0.350501 0.281118 0.046115
21 0.185478 0.465915 0.279712 0.031328
21 0.185830 0.653759 0.281646 0.030827
21 0.186006 0.704511 0.282349 0.030702
21 0.179852 0.818922 0.270745 0.018421
21 0.169304 0.833835 0.255450 0.018922
21 0.185478 0.852130 0.282173 0.025940
21 0.185830 0.882581 0.282349 0.035464
21 0.476266 0.334211 0.282525 0.028947
21 0.475738 0.414286 0.284283 0.021303
21 0.475914 0.438221 0.284107 0.022306
21 0.473805 0.553509 0.261955 0.015038
21 0.476090 0.574687 0.283052 0.022932
21 0.476969 0.617920 0.284459 0.064912
21 0.475914 0.684586 0.283755 0.024185
21 0.371835 0.725940 0.067862 0.011153
21 0.476090 0.769173 0.284459 0.077945
21 0.476442 0.830326 0.283404 0.041228
21 0.476969 0.864286 0.283755 0.022055
21 0.476793 0.893734 0.283404 0.033083
21 0.743495 0.428571 0.222046 0.014411
21 0.764416 0.542732 0.257911 0.014912
21 0.770042 0.583083 0.286041 0.068797
21 0.769691 0.670802 0.287096 0.074561
21 0.769339 0.730075 0.287271 0.043233
21 0.742792 0.759273 0.216772 0.012907
21 0.763010 0.855013 0.270218 0.014912
21 0.771624 0.873434 0.285689 0.021053
21 0.771273 0.896366 0.284634 0.025313
21 0.434072 0.354386 0.171765 0.011779
19 0.186006 0.493609 0.277602 0.028070
19 0.186885 0.521554 0.277778 0.029574
19 0.186885 0.544737 0.277778 0.020050
19 0.186181 0.563659 0.278481 0.019173
19 0.186181 0.582832 0.279184 0.019549
19 0.187236 0.614912 0.279536 0.046742
19 0.185830 0.678571 0.281118 0.020927
19 0.186357 0.728822 0.281294 0.019424
19 0.186709 0.747870 0.280239 0.018922
19 0.187236 0.768546 0.280063 0.023935
19 0.771800 0.403509 0.285513 0.034461
13 0.773910 0.349749 0.282349 0.061529
7 0.770745 0.520551 0.170886 0.013033
7 0.768636 0.834962 0.165612 0.012155
7 0.473805 0.457895 0.277954 0.013784
14 0.793776 0.060150 0.196906 0.021805
33 0.841245 0.127318 0.133439 0.080201
22 0.765295 0.478446 0.270218 0.071429
22 0.758790 0.795238 0.269515 0.057393