28 0.132911 0.070430 0.018284 0.015577
32 0.513361 0.069764 0.365682 0.015977
13 0.247539 0.141526 0.268460 0.115963
13 0.521976 0.117827 0.264592 0.067767
13 0.794480 0.093729 0.265999 0.023832
17 0.248066 0.218746 0.069444 0.015311
17 0.244198 0.583944 0.069796 0.015311
17 0.522328 0.175476 0.069796 0.016376
17 0.520570 0.508721 0.070148 0.015577
17 0.795007 0.129943 0.075422 0.015977
17 0.796414 0.517108 0.077532 0.016509
21 0.248769 0.392890 0.271449 0.332446
21 0.245956 0.713487 0.273031 0.241512
21 0.523910 0.334709 0.267405 0.296232
21 0.521976 0.677406 0.268812 0.315138
21 0.796765 0.316070 0.269866 0.349221
21 0.797820 0.682199 0.272679 0.308481
25 0.520921 0.903475 0.358298 0.016243