21 0.236525 0.097492 0.431833 0.052059
21 0.236525 0.149077 0.433101 0.039754
21 0.237793 0.199716 0.433735 0.050166
21 0.237793 0.245149 0.433101 0.028396
21 0.238427 0.289636 0.433735 0.051585
21 0.237793 0.335069 0.433735 0.029342
21 0.237793 0.380028 0.435637 0.051112
21 0.700063 0.101751 0.433735 0.063417
21 0.700063 0.164221 0.433735 0.052059
21 0.700698 0.237577 0.433735 0.082821
21 0.701332 0.327970 0.433101 0.084240
21 0.703234 0.451964 0.435637 0.151917
21 0.702600 0.548982 0.436906 0.029342
21 0.703234 0.660199 0.436271 0.184572
21 0.124921 0.768575 0.158529 0.018457
21 0.241598 0.825840 0.436271 0.084240
32 0.468611 0.048273 0.455929 0.022243
19 0.238427 0.424988 0.435003 0.031708
19 0.238427 0.469001 0.436906 0.049692
19 0.239696 0.537151 0.437540 0.074775
19 0.239696 0.611453 0.436271 0.062470
19 0.703234 0.785140 0.433735 0.051112
19 0.704502 0.847610 0.433735 0.061524
28 0.902346 0.045906 0.026633 0.017511
22 0.388079 0.655939 0.140140 0.017511
17 0.240330 0.727402 0.434369 0.053005
25 0.240330 0.906768 0.434369 0.040700
25 0.705136 0.911027 0.435637 0.031235
14 0.388713 0.670137 0.134432 0.010885