13 0.264621 0.096145 0.398958 0.057143
19 0.264621 0.147846 0.399537 0.045805
19 0.680950 0.103401 0.395483 0.073469
19 0.680950 0.163719 0.396642 0.043991
19 0.259988 0.691610 0.394904 0.069841
19 0.259409 0.792744 0.397221 0.126531
19 0.258830 0.902041 0.395483 0.086168
17 0.262884 0.233107 0.393746 0.033560
17 0.682108 0.260771 0.394904 0.061224
21 0.186450 0.262132 0.239722 0.017234
21 0.264042 0.314739 0.396063 0.083900
21 0.262305 0.409977 0.395483 0.098866
21 0.261726 0.497506 0.394904 0.069841
21 0.609149 0.303401 0.225246 0.015420
21 0.680950 0.362358 0.393746 0.097506
21 0.261726 0.563265 0.394325 0.056236
21 0.679792 0.463039 0.394904 0.097506
21 0.261146 0.624036 0.394904 0.058050
21 0.679213 0.543311 0.395483 0.056689
21 0.679213 0.624036 0.394904 0.099773
21 0.678054 0.704308 0.394904 0.056236
21 0.678054 0.825397 0.398958 0.182313
21 0.676317 0.934240 0.396642 0.031746
22 0.383324 0.183673 0.144181 0.018141
22 0.797915 0.200000 0.137811 0.019501
28 0.466705 0.967347 0.023162 0.019048
14 0.396642 0.199546 0.108859 0.016780
14 0.810654 0.211338 0.104227 0.017234