21 0.530534 0.146995 0.646947 0.093385
21 0.529898 0.228707 0.652036 0.068310
19 0.348601 0.275832 0.263359 0.016861
19 0.531807 0.311284 0.650127 0.053178
19 0.531170 0.359706 0.644402 0.041937
19 0.533079 0.447038 0.651399 0.127972
19 0.533715 0.534803 0.645674 0.041505
19 0.529262 0.589278 0.647583 0.065716
19 0.531170 0.637700 0.645038 0.029399
19 0.530534 0.686122 0.646310 0.065716
19 0.531170 0.747946 0.645038 0.054042
19 0.531170 0.806312 0.649491 0.055339
19 0.531807 0.869434 0.654580 0.059663
27 0.221374 0.917423 0.021628 0.017726