31 0.166315 0.079111 0.185302 0.016000
31 0.490155 0.079238 0.386252 0.016635
31 0.805731 0.077841 0.122539 0.016762
13 0.199367 0.124825 0.279536 0.067175
13 0.488045 0.125206 0.281294 0.066794
13 0.777250 0.107302 0.283755 0.034921
21 0.198840 0.183111 0.279887 0.047111
21 0.198664 0.235810 0.279360 0.056127
21 0.199015 0.297778 0.279887 0.068444
21 0.198664 0.372444 0.281118 0.076317
21 0.199191 0.443683 0.280591 0.067429
21 0.197961 0.494984 0.280767 0.035429
21 0.198840 0.542349 0.281118 0.058286
21 0.199719 0.607111 0.280942 0.069841
21 0.198840 0.669587 0.280942 0.057143
21 0.198488 0.732571 0.280767 0.071238
21 0.198664 0.806349 0.280239 0.078349
21 0.199015 0.878222 0.278481 0.068063
21 0.488924 0.192762 0.280767 0.067175
21 0.489100 0.256635 0.280942 0.056508
21 0.488572 0.309841 0.282525 0.046603
21 0.488572 0.378794 0.282525 0.087238
21 0.488572 0.441270 0.282173 0.035556
21 0.488748 0.490159 0.280942 0.057270
21 0.488572 0.553524 0.282876 0.067556
21 0.488397 0.606603 0.282525 0.036190
21 0.488748 0.665397 0.282349 0.077714
21 0.488221 0.738413 0.281997 0.066032
21 0.488045 0.811810 0.280239 0.075937
21 0.488221 0.873778 0.279536 0.045079
21 0.486990 0.918603 0.281470 0.041397
21 0.778481 0.175238 0.283931 0.099810
21 0.779008 0.269714 0.282525 0.087365
21 0.778305 0.342984 0.283228 0.055619
21 0.778833 0.394794 0.283931 0.045460
21 0.778833 0.457524 0.282525 0.077968
21 0.778657 0.516952 0.283755 0.034921
21 0.777954 0.557460 0.283755 0.045333
21 0.778129 0.604190 0.283404 0.046095
21 0.777602 0.656762 0.283404 0.056000
21 0.777778 0.730032 0.282525 0.088127
21 0.776547 0.818921 0.281646 0.086857
21 0.775492 0.897905 0.281997 0.068571
21 0.203938 0.923429 0.267581 0.020698
27 0.898910 0.076190 0.026195 0.018921