19 0.259988 0.109026 0.401853 0.068365
19 0.260567 0.192583 0.402432 0.096515
19 0.668211 0.168901 0.382745 0.016086
19 0.674580 0.190795 0.400116 0.025469
19 0.674001 0.223414 0.403011 0.037980
19 0.584829 0.252011 0.219456 0.016086
19 0.675159 0.272118 0.400695 0.026363
19 0.676896 0.323503 0.399537 0.074173
19 0.677475 0.381591 0.400116 0.038874
19 0.678054 0.427614 0.398379 0.050938
19 0.680371 0.744861 0.401274 0.158177
19 0.682108 0.862824 0.399537 0.076408
17 0.262884 0.312332 0.401853 0.045576
17 0.189346 0.350760 0.246671 0.015639
17 0.674580 0.149240 0.178344 0.016086
17 0.675159 0.127346 0.064852 0.020107
17 0.266358 0.617516 0.078749 0.016979
17 0.262305 0.653262 0.349160 0.037534
17 0.680371 0.503575 0.289519 0.016533
17 0.679792 0.480786 0.070064 0.018767
17 0.268095 0.688114 0.075275 0.015639
17 0.680950 0.653262 0.194557 0.016533
17 0.680950 0.631367 0.067748 0.019214
17 0.268095 0.799821 0.091488 0.016979
17 0.270990 0.819035 0.172554 0.016086
22 0.387377 0.245308 0.151708 0.016086
22 0.391430 0.561215 0.152287 0.013405
21 0.264042 0.387399 0.401853 0.054960
21 0.265779 0.457998 0.400116 0.080876
21 0.266937 0.523235 0.401853 0.044236
21 0.679792 0.559875 0.399537 0.088919
21 0.268095 0.738159 0.400695 0.075514
21 0.268674 0.851206 0.400116 0.041108
13 0.672843 0.091600 0.403590 0.043342
25 0.152866 0.894996 0.142444 0.020107
27 0.474812 0.921358 0.019687 0.018767
14 0.417487 0.257819 0.085119 0.009383
14 0.421540 0.575067 0.081644 0.012064