27 0.117264 0.077253 0.025492 0.011649
31 0.524965 0.075782 0.406118 0.014715
17 0.233122 0.114286 0.279360 0.032986
17 0.527778 0.789332 0.178094 0.017290
17 0.812236 0.141140 0.093354 0.013734
17 0.816456 0.526180 0.067159 0.013734
17 0.817335 0.636052 0.066983 0.013243
21 0.232595 0.158185 0.281470 0.050153
21 0.232419 0.206009 0.283755 0.040466
21 0.234353 0.418516 0.283579 0.048314
21 0.235759 0.484856 0.284283 0.084611
21 0.235232 0.555242 0.283931 0.056407
21 0.235935 0.626364 0.285162 0.085224
21 0.236463 0.710239 0.283931 0.083752
21 0.236990 0.802943 0.283228 0.101288
21 0.522328 0.188473 0.281646 0.065604
21 0.522855 0.267689 0.281118 0.092581
21 0.523558 0.351441 0.281118 0.075046
21 0.524262 0.436052 0.281646 0.093562
21 0.524613 0.511097 0.281821 0.056530
21 0.525141 0.572287 0.282349 0.064746
21 0.525668 0.629675 0.280239 0.048069
21 0.526020 0.681913 0.280239 0.055549
21 0.526020 0.736235 0.281118 0.051257
21 0.237518 0.879093 0.283755 0.049663
21 0.527426 0.822440 0.280767 0.021214
21 0.528129 0.846842 0.281294 0.025628
21 0.527954 0.872103 0.280063 0.025015
21 0.527602 0.894666 0.282525 0.020110
19 0.233122 0.238504 0.285338 0.022072
19 0.233650 0.273820 0.283755 0.047088
19 0.233474 0.316370 0.283931 0.037523
19 0.233826 0.363948 0.284107 0.057511
19 0.813994 0.238872 0.281646 0.174985
19 0.814698 0.423789 0.281118 0.161987
19 0.816104 0.574004 0.283228 0.078602
19 0.817862 0.693072 0.283755 0.096015
19 0.819093 0.827713 0.283931 0.137339
13 0.521800 0.122011 0.280239 0.066217
13 0.812764 0.102514 0.283404 0.028081