27 0.442077 0.091903 0.093209 0.021361
13 0.434754 0.151018 0.745007 0.074516
21 0.435419 0.239940 0.743009 0.103825
21 0.434754 0.391952 0.741678 0.135122
17 0.442077 0.309985 0.232357 0.019871
34 0.432756 0.663686 0.750999 0.389468
25 0.404794 0.755589 0.635819 0.014903
25 0.436085 0.779930 0.730360 0.010929
25 0.249667 0.791853 0.315579 0.012419
25 0.405459 0.802782 0.648469 0.012419
25 0.437417 0.819672 0.735686 0.023348
25 0.435419 0.843517 0.740346 0.028813
25 0.362850 0.874814 0.562583 0.020864
25 0.412783 0.767014 0.628495 0.013413
35 0.437417 0.486339 0.482690 0.033284