17 0.260843 0.230705 0.401807 0.114933
17 0.265663 0.348993 0.262048 0.020134
17 0.262651 0.738674 0.426506 0.057466
17 0.704819 0.091443 0.387349 0.111997
17 0.707831 0.229027 0.425301 0.114933
17 0.704217 0.347315 0.345783 0.018876
17 0.701807 0.554950 0.387349 0.028523
17 0.261446 0.092701 0.434337 0.106124
14 0.265060 0.315436 0.412651 0.022232
14 0.706024 0.315017 0.428313 0.023909
21 0.233735 0.370805 0.334337 0.017617
21 0.263253 0.408138 0.421084 0.045721
21 0.263855 0.463926 0.423494 0.066695
21 0.263253 0.536074 0.425301 0.078859
21 0.263253 0.586829 0.426506 0.021812
21 0.263253 0.613674 0.423494 0.033138
21 0.262048 0.651846 0.422892 0.044044
21 0.262651 0.688758 0.424699 0.026426
21 0.142771 0.777685 0.190964 0.017198
21 0.261446 0.815017 0.422892 0.058305
21 0.260843 0.884228 0.425301 0.081376
21 0.704819 0.452601 0.430120 0.162332
21 0.702410 0.606124 0.425904 0.061661
21 0.702410 0.680789 0.426506 0.086409
21 0.701205 0.748742 0.428313 0.049497
21 0.701205 0.828440 0.425904 0.109899
21 0.701205 0.903104 0.427711 0.039849
21 0.586747 0.366191 0.164458 0.011745
27 0.480723 0.932886 0.057831 0.012584
24 0.274699 0.011745 0.530120 0.022232