13 0.42431640625 0.3855305466237942 0.6064453125 0.14983922829581994
13 0.41943359375 0.2607717041800643 0.6103515625 0.09839228295819935
13 0.4345703125 0.5742765273311897 0.607421875 0.06173633440514469
13 0.44091796875 0.6768488745980707 0.6044921875 0.05852090032154341
13 0.44384765625 0.74983922829582 0.6123046875 0.08488745980707396
13 0.4306640625 0.5019292604501607 0.607421875 0.07909967845659165
13 0.41796875 0.1807073954983923 0.607421875 0.06302250803858521
13 0.44189453125 0.6266881028938907 0.5966796875 0.04180064308681672
13 0.40849609375 0.1307395498392283 0.173828125 0.02572347266881029
0 0.8046875 0.9893890675241157 0.388671875 0.019935691318327974
16 0.69580078125 0.12475884244372991 0.0361328125 0.02315112540192926