26 0.41137554585152836 0.5378863346104725 0.7102729257641922 0.12446360153256705
35 0.3986353711790393 0.0716411238825032 0.3520633187772926 0.02508939974457216
26 0.33391921397379914 0.44349297573435503 0.46430131004366815 0.06438058748403576
26 0.41235807860262014 0.7500383141762452 0.6991048034934497 0.16371647509578544
31 0.753471615720524 0.0741698595146871 0.045414847161572056 0.025319284802043422
26 0.3667794759825328 0.6384227330779055 0.5302729257641922 0.06575989782886335
26 0.3333733624454149 0.3104086845466156 0.47658296943231443 0.06494252873563218
26 0.429617903930131 0.37686462324393355 0.666386462882096 0.06603448275862069
1 0.780589519650655 0.9911302681992337 0.4294213973799127 0.013914431673052362
-1 0.633089519650655 0.8450830140485314 0.032489082969432315 0.0211941251596424
26 0.41633187772925767 0.21992975734355047 0.7084606986899564 0.11363346104725415
26 0.33390829694323143 0.13219667943805877 0.4681004366812227 0.06923371647509578