16 0.6121700223713646 0.14851851851851852 0.4212192393736018 0.034272030651341
29 0.8958277404921701 0.8391123882503193 0.12303131991051454 0.03422733077905492
28 0.2921252796420582 0.0835632183908046 0.03985458612975392 0.02206257982120051
1 0.775503355704698 0.9905236270753512 0.44549217002237135 0.015510855683269476
19 0.6300894854586129 0.7080204342273307 0.2746308724832215 0.02780970625798212
15 0.5676062639821029 0.6456960408684547 0.5657941834451902 0.023422733077905492
15 0.5465771812080537 0.6025989782886334 0.5203914988814318 0.02467432950191571
15 0.5725615212527965 0.5577713920817369 0.5790268456375839 0.028180076628352493
15 0.524407158836689 0.5140868454661558 0.4893736017897092 0.0222669220945083
15 0.6167561521252797 0.44689655172413795 0.6774161073825503 0.06875478927203066
15 0.5811856823266219 0.3842337164750958 0.6162639821029083 0.023269476372924647
15 0.6149552572706934 0.3292017879948914 0.6738031319910515 0.046283524904214564
15 0.434261744966443 0.2765006385696041 0.3157606263982103 0.024521072796934867
15 0.6070022371364653 0.21792464878671775 0.6745413870246084 0.04234355044699872