26 0.6046061269146609 0.39590676883780335 0.652746170678337 0.12620051085568326
26 0.5962253829321663 0.5845977011494253 0.6253610503282276 0.1321072796934866
26 0.7161487964989058 0.48825031928480206 0.36316192560175053 0.048627075351213286
27 0.6150765864332604 0.13060025542784165 0.6808533916849014 0.04192848020434227
31 0.29620350109409194 0.09636015325670498 0.04463894967177243 0.022771392081736907
26 0.5910612691466083 0.28662835249042146 0.6231072210065646 0.07341634738186462
26 0.5953282275711159 0.2034418901660281 0.6504485776805251 0.0884610472541507
35 0.6303501094091903 0.09620689655172414 0.2677899343544858 0.02699233716475096
26 0.5925601750547046 0.7596743295019157 0.598074398249453 0.052547892720306515
26 0.600995623632385 0.6913409961685825 0.6234026258205689 0.07065134099616859
1 0.7837746170678337 0.991066411238825 0.4264004376367615 0.015268199233716475