13 0.7421875 0.17708499335989375 0.392578125 0.11644754316069057
13 0.75341796875 0.50132802124834 0.3916015625 0.10756972111553785
13 0.75537109375 0.6191899070385126 0.3876953125 0.08432934926958831
13 0.322265625 0.3729614873837981 0.392578125 0.03097609561752988
13 0.32177734375 0.3144090305444887 0.3896484375 0.04316069057104914
13 0.32958984375 0.5514608233731739 0.3896484375 0.04316069057104914
13 0.3271484375 0.4943559096945551 0.392578125 0.03386454183266932
13 0.75634765625 0.6802788844621513 0.3857421875 0.0351925630810093
13 0.32763671875 0.46115537848605576 0.3916015625 0.03386454183266932
13 0.31689453125 0.1792895086321381 0.3916015625 0.03053784860557769
13 0.3193359375 0.24435590969455512 0.388671875 0.05046480743691899
13 0.7568359375 0.7446879150066401 0.388671875 0.05245683930942895
13 0.3330078125 0.7463479415670651 0.392578125 0.04249667994687915
13 0.294921875 0.2798804780876494 0.326171875 0.023240371845949535
13 0.7255859375 0.3140770252324037 0.337890625 0.021248339973439574
13 0.74560546875 0.28784860557768926 0.3916015625 0.031208499335989376
13 0.69091796875 0.8041168658698539 0.2392578125 0.021248339973439574
13 0.33251953125 0.7084993359893759 0.3896484375 0.033200531208499334
13 0.32470703125 0.4040504648074369 0.3916015625 0.03386454183266932
13 0.3359375 0.8756507304116866 0.392578125 0.04551792828685259
13 0.74658203125 0.2583001328021248 0.3876953125 0.025232403718459494
13 0.526064453125 0.08067729083665338 0.12109375 0.023240371845949535
13 0.70556640625 0.3376494023904382 0.2978515625 0.024568393094289508
13 0.28076171875 0.5212483399734396 0.2880859375 0.0199203187250996
13 0.330078125 0.6288180610889774 0.390625 0.033200531208499334
13 0.67724609375 0.36221779548472777 0.2412109375 0.024568393094289508
13 0.330078125 0.5841102257636122 0.388671875 0.02084993359893758
13 0.75048828125 0.39674634794156705 0.3896484375 0.04316069057104914
13 0.251494140625 0.6715471447543161 0.19943359375 0.017915006640106243
13 0.31884765625 0.10856573705179283 0.3994140625 0.03253652058432935
16 0.12939453125 0.08233731739707835 0.0224609375 0.0199203187250996
13 0.3271484375 0.43193891102257637 0.38671875 0.021912350597609563
13 0.67724609375 0.7828685258964143 0.2138671875 0.0199203187250996
13 0.2607421875 0.20683930942895087 0.267578125 0.023240371845949535
13 0.68017578125 0.5670650730411687 0.2236328125 0.02257636122177955
13 0.25439453125 0.7795484727755644 0.2216796875 0.021248339973439574
13 0.67578125 0.7094953519256308 0.22265625 0.021912350597609563
8 0.7392578125 0.10353253652058432 0.193359375 0.029329349269588315
0 0.80419921875 0.9900398406374502 0.3896484375 0.01859229747675963
13 0.68701171875 0.8243691899070386 0.2314453125 0.019256308100929615
13 0.26046875 0.8011288180610889 0.209541015625 0.017928286852589643
23 0.7383203125 0.2395551128818061 0.2720703125 0.009920318725099601
23 0.751884765625 0.4332868525896414 0.387646484375 0.02746347941567065
13 0.691484375 0.8427025232403718 0.218125 0.016673306772908365
23 0.769580078125 0.8570517928286853 0.137509765625 0.0099800796812749
13 0.76115234375 0.8797144754316069 0.3824609375 0.029648074369189908
13 0.336484375 0.8317330677290836 0.390390625 0.04439575033200531
23 0.366904296875 0.6852191235059761 0.14572265625 0.011381142098273572
13 0.257578125 0.6542563081009296 0.20994140625 0.01754980079681275
13 0.2605078125 0.6037715803452856 0.220966796875 0.01750996015936255
13 0.2623046875 0.346879150066401 0.235771484375 0.022722443559096944
13 0.27537109375 0.1550730411686587 0.2758203125 0.019634794156706506
13 0.277646484375 0.1346148738379814 0.283056640625 0.021215139442231076