13 0.487683284457478 0.3731196860693264 0.6824926686217009 0.07259646827992151
13 0.5474095796676441 0.2858077174623937 0.7908015640273705 0.10333551340745585
8 0.5469208211143695 0.5241988227599739 0.7223851417399805 0.1000654022236756
13 0.38758553274682306 0.6818181818181818 0.4604105571847507 0.050359712230215826
13 0.5034213098729228 0.43328973185088293 0.6901270772238515 0.04774362328319163
13 0.553782991202346 0.6249182472204055 0.783030303030303 0.06474820143884892
13 0.6451612903225806 0.7279267495094833 0.39882697947214074 0.04708960104643558
13 0.5522287390029325 0.8387835186396337 0.779921798631476 0.07521255722694571
13 0.5538220918866079 0.7782864617396992 0.7831182795698924 0.04839764551994768
16 0.544477028347996 0.051667756703727925 0.10752688172043011 0.03531720078482668
6 0.5370087976539589 0.15075212557226947 0.768377321603128 0.15631131458469588
0 0.804496578690127 0.9901896664486592 0.3890518084066471 0.01831262262916939