31 0.1782290076335878 0.07478333333333333 0.05048854961832061 0.025058333333333335
35 0.5393587786259542 0.069325 0.27306870229007635 0.024008333333333333
26 0.5491297709923664 0.12606666666666666 0.7597099236641222 0.06930833333333333
26 0.5549160305343512 0.18478333333333333 0.7694809160305344 0.04645833333333333
26 0.5528244274809161 0.2675166666666666 0.7707022900763358 0.11718333333333333
26 0.5492824427480916 0.36008333333333337 0.7672519083969466 0.07137500000000001
26 0.5498778625954198 0.4305916666666667 0.7720458015267175 0.07069166666666667
26 0.5488091603053435 0.48895833333333333 0.766320610687023 0.049808333333333336
26 0.552412213740458 0.5454249999999999 0.7734961832061068 0.07028333333333334
26 0.4889618320610687 0.6133916666666667 0.6574656488549618 0.06874166666666666
26 0.5480152671755725 0.7548833333333334 0.7810229007633588 0.21069166666666667