13 0.6513671875 0.25865724381625443 0.306640625 0.11590106007067137
13 0.3193359375 0.36925795053003535 0.185546875 0.11519434628975266
6 0.626953125 0.07337809187279151 0.220703125 0.05112367491166078
13 0.3505859375 0.6911660777385159 0.3046875 0.08904593639575972
13 0.330078125 0.4628975265017668 0.28125 0.06643109540636043
13 0.626953125 0.5310954063604241 0.216796875 0.0911660777385159
13 0.626953125 0.1501766784452297 0.21484375 0.09257950530035336
13 0.33154296875 0.1501766784452297 0.3056640625 0.06713780918727916
13 0.66552734375 0.6915194346289752 0.3115234375 0.08409893992932863
13 0.62158203125 0.43957597173144874 0.2119140625 0.08904593639575972
13 0.33447265625 0.254416961130742 0.3076171875 0.06643109540636043
8 0.66015625 0.6176678445229682 0.171875 0.045229681978798585
13 0.34716796875 0.602826855123675 0.3056640625 0.04240282685512368
13 0.6416015625 0.3374558303886926 0.234375 0.03180212014134275
13 0.65478515625 0.37420494699646645 0.3095703125 0.03180212014134275
13 0.322265625 0.515547703180212 0.263671875 0.03180212014134275
13 0.34619140625 0.5551236749116608 0.3076171875 0.0431095406360424
13 0.27783203125 0.2028268551236749 0.1943359375 0.029681978798586573
8 0.33251953125 0.08374558303886925 0.1787109375 0.045936395759717315
8 0.35009765625 0.6353356890459364 0.0576171875 0.012720848056537103
0 0.802734375 0.9881625441696114 0.392578125 0.022614840989399292
16 0.1865234375 0.037809187279151946 0.017578125 0.019081272084805655
8 0.33740234375 0.3017667844522968 0.0380859375 0.012720848056537103
13 0.48365234375 0.03638162544169611 0.2119140625 0.018918727915194347