31 0.7059023668639053 0.8052583333333333 0.11069526627218934 0.032508333333333334
23 0.35744082840236685 0.7384416666666667 0.5097189349112425 0.04413333333333334
23 0.5255473372781064 0.6973 0.5841715976331361 0.045533333333333335
23 0.4375887573964497 0.6451666666666667 0.6735355029585799 0.060825
23 0.41431952662721894 0.5865916666666666 0.6305325443786982 0.06125833333333334
23 0.469792899408284 0.51525 0.7308727810650888 0.07599166666666667
23 0.5571745562130177 0.45653333333333335 0.3502810650887574 0.04423333333333333
23 0.34550295857988167 0.416925 0.4912573964497041 0.040183333333333335
23 0.4847337278106509 0.346825 0.7678550295857989 0.10180833333333333
23 0.34482248520710057 0.27402499999999996 0.48448224852071003 0.04189166666666667
23 0.45692307692307693 0.21355 0.712233727810651 0.07755833333333333
13 0.4228846153846154 0.121725 0.658284023668639 0.10794166666666667
32 0.480207100591716 0.055625 0.3098668639053254 0.022958333333333334
28 0.8433136094674557 0.06288333333333333 0.03773668639053255 0.021750000000000002