31 0.7849213161659513 0.054858333333333335 0.03755364806866953 0.020116666666666668
35 0.45427753934191706 0.056499999999999995 0.25703862660944204 0.019008333333333332
17 0.44964234620886984 0.13999166666666668 0.7047353361945636 0.094625
2 0.12549356223175964 0.24857500000000002 0.04586552217453505 0.03153333333333334
-1 0.7800858369098712 0.892125 0.06406294706723892 0.019325000000000002
26 0.4616738197424892 0.8535999999999999 0.7107010014306151 0.060875
26 0.40105865522174533 0.8008916666666667 0.5155793991416309 0.040675
26 0.36706723891273246 0.7570916666666666 0.45210300429184547 0.04005
26 0.462961373390558 0.6955083333333334 0.7087410586552217 0.0838
26 0.4600429184549356 0.600325 0.7164663805436338 0.10603333333333333
26 0.45846924177396287 0.5165500000000001 0.7118168812589414 0.0641
26 0.3604005722460658 0.46264999999999995 0.44178826895565093 0.04328333333333333
26 0.45460658082975675 0.35691666666666666 0.7176824034334764 0.16915833333333333
26 0.4530615164520744 0.23834166666666665 0.7070386266094421 0.061149999999999996