31 0.436396484375 0.11169785169785171 0.149443359375 0.022564102564102566
23 0.4393359375 0.7355024255024255 0.66013671875 0.21119889119889118
27 0.764970703125 0.11354123354123355 0.031630859375 0.021018711018711018
7 0.444423828125 0.14272349272349272 0.673291015625 0.029702009702009702
1 0.804404296875 0.9906652806652807 0.38783203125 0.015315315315315317
2 0.28421875 0.6883298683298683 0.060400390625 0.048759528759528756
17 0.43869140625 0.5944144144144144 0.665712890625 0.07002772002772002
7 0.438701171875 0.5378586278586278 0.67080078125 0.020602910602910602
25 0.842158203125 0.3455509355509355 0.122958984375 0.02293832293832294
2 0.278505859375 0.33297297297297296 0.055751953125 0.050665280665280664
17 0.441435546875 0.21613305613305614 0.594990234375 0.0981011781011781
23 0.426435546875 0.3927650727650728 0.637802734375 0.24234927234927234