34 0.9742550143266475 0.7952583333333333 0.04660458452722063 0.021708333333333333
7 0.676919770773639 0.14421666666666666 0.6284097421203438 0.057175
17 0.7009025787965616 0.19986666666666666 0.41365329512893984 0.03323333333333334
14 0.6752578796561605 0.25805833333333333 0.6367335243553008 0.044125000000000004
14 0.6739111747851003 0.3203916666666667 0.6340401146131805 0.06600833333333332
14 0.6723352435530087 0.38395833333333335 0.6331948424068768 0.044375
14 0.670487106017192 0.43123333333333336 0.629484240687679 0.03883333333333334
14 0.6718194842406877 0.49301666666666666 0.6344985673352436 0.060975
14 0.5167908309455588 0.5452583333333333 0.32906876790830947 0.025433333333333332
14 0.6724928366762177 0.597625 0.6334957020057307 0.065975
14 0.6419054441260745 0.6490916666666666 0.5700143266475645 0.026908333333333333
14 0.6268481375358167 0.6811333333333334 0.5352578796561605 0.023375
14 0.6105014326647564 0.715325 0.5095272206303725 0.026841666666666666