13 0.6550855991943605 0.5622605363984674 0.3413897280966767 0.14367816091954022
13 0.3066465256797583 0.5927330779054917 0.3434038267875126 0.49014048531289905
13 0.6550855991943605 0.6625159642401022 0.3413897280966767 0.05683269476372925
13 0.6550855991943605 0.8125798212005109 0.3413897280966767 0.04661558109833972
11 0.47633434038267874 0.22956577266922096 0.6928499496475328 0.0913154533844189
8 0.6550855991943605 0.3269476372924649 0.16414904330312186 0.038314176245210725
13 0.6550855991943605 0.7332311621966795 0.3393756294058409 0.027790549169859517
8 0.47532729103726085 0.10504469987228608 0.6163141993957704 0.041507024265644954
0 0.7990936555891238 0.9910600255427842 0.3997985901309164 0.016602809706257982
13 0.6550855991943605 0.7691570881226054 0.3393756294058409 0.042784163473818644
8 0.30060422960725075 0.32662835249042144 0.19838872104733132 0.038952745849297574
13 0.6525679758308157 0.42624521072796934 0.3403826787512588 0.09897828863346105
13 0.6517019133937563 0.36131545338441895 0.33614300100704936 0.03187739463601533
13 0.652588116817724 0.7048339719029374 0.3410070493454179 0.029297573435504473
13 0.5667472306143001 0.48300766283524904 0.12377643504531721 0.014776500638569605