0 0.7852529601722282 0.9901021711366539 0.4251883745963401 0.018518518518518517
11 0.4496340150699677 0.5811558109833972 0.7584284176533908 0.11993614303959131
23 0.4494079655543595 0.33205619412515963 0.1108719052744887 0.02554278416347382
13 0.2746501614639397 0.8953959131545339 0.28386437029063505 0.16773946360153258
23 0.4615177610333692 0.8632950191570882 0.7131646932185145 0.03996807151979566
13 0.4448331539289559 0.0483397190293742 0.5806027987082885 0.02765644955300128
16 0.7986652314316469 0.05408684546615581 0.055672766415500535 0.028371647509578542
23 0.4488374596340151 0.25258620689655176 0.5749300322927879 0.030044699872286078
6 0.4076533907427341 0.14348659003831418 0.5284068891280947 0.1593295019157088
8 0.45474703982777176 0.5022669220945083 0.5269537136706136 0.027681992337164753
11 0.45441334768568353 0.7039782886334611 0.747438105489774 0.044610472541507025
12 0.5739720129171152 0.6594636015325671 0.2483961248654467 0.030044699872286078
12 0.5616684607104413 0.7456385696040869 0.30747039827771794 0.026309067688378034