13 0.4668737060041408 0.6484674329501916 0.5362318840579711 0.11813537675606642
13 0.4824016563146998 0.5290549169859514 0.5631469979296067 0.11813537675606642
13 0.5077639751552795 0.8477011494252874 0.6138716356107661 0.042784163473818644
13 0.4466873706004141 0.8061941251596424 0.4917184265010352 0.038952745849297574
13 0.4704968944099379 0.7669220945083014 0.5372670807453416 0.03959131545338442
13 0.4384057971014493 0.7270114942528736 0.47101449275362317 0.037675606641123884
13 0.5398550724637681 0.08205619412515965 0.2246376811594203 0.0210727969348659
13 0.46790890269151136 0.4492337164750958 0.5383022774327122 0.041507024265644954
16 0.2127329192546584 0.08269476372924649 0.034161490683229816 0.015964240102171137
6 0.515527950310559 0.2611749680715198 0.6356107660455487 0.3384418901660281
0 0.7934782608695652 0.9901021711366539 0.4109730848861284 0.018518518518518517