28 0.41017073170731705 0.05608333333333333 0.03490243902439025 0.01715
13 0.4287560975609756 0.17195833333333332 0.6179634146341464 0.215775
22 0.38464634146341464 0.29945 0.5201585365853658 0.03995833333333334
22 0.4208780487804878 0.3528916666666667 0.583048780487805 0.06215
22 0.5573292682926829 0.40512499999999996 0.3084268292682927 0.0428
22 0.4263292682926829 0.4814833333333333 0.5898414634146342 0.10635
22 0.4274878048780488 0.5857833333333334 0.5812073170731707 0.10426666666666667
19 0.7740365853658537 0.6533833333333333 0.067 0.025333333333333333
22 0.33502439024390246 0.6827 0.38945121951219513 0.045116666666666666
22 0.49671951219512195 0.7254916666666666 0.23785365853658536 0.03811666666666667
22 0.431 0.7781333333333333 0.5827560975609756 0.061908333333333336
22 0.3965243902439024 0.8347583333333334 0.5083292682926829 0.045616666666666666