1 0.7818409586056645 0.9908556832694764 0.4340740740740741 0.018295019157088123
29 0.8623529411764705 0.7182439335887612 0.08293028322440087 0.2369604086845466
2 0.10419389978213509 0.8801851851851851 0.04026143790849673 0.039272030651340994
2 0.19449891067538128 0.6407662835249043 0.21465141612200436 0.13260536398467432
26 0.45498910675381266 0.8755491698595146 0.7543464052287582 0.07235632183908046
17 0.458921568627451 0.8070242656449552 0.46337690631808276 0.06303959131545338
26 0.4495860566448802 0.6440166028097063 0.7435294117647058 0.23578544061302684
17 0.4391938997821351 0.48217752234993616 0.5629629629629629 0.067816091954023
17 0.45037037037037037 0.31494891443167305 0.7430392156862745 0.2260344827586207
7 0.4326579520697168 0.12315453384418902 0.6972222222222222 0.12344827586206897
31 0.42696078431372547 0.04638569604086846 0.015206971677559914 0.01872286079182631