32 0.4496282973621103 0.054272030651340994 0.4317865707434053 0.03818646232439336
28 0.8250119904076738 0.05425287356321839 0.06485611510791367 0.03743295019157088
23 0.4669304556354916 0.28030651340996166 0.7976019184652279 0.3959770114942529
31 0.845083932853717 0.9088441890166028 0.07170263788968824 0.024444444444444446
1 0.7595323741007195 0.9910217113665389 0.4728057553956834 0.014680715197956577
23 0.4813669064748201 0.85742656449553 0.7888609112709831 0.0691698595146871
23 0.39901678657074335 0.7977969348659003 0.538621103117506 0.04978288633461047
23 0.4786690647482014 0.6981800766283525 0.7807074340527578 0.14563218390804597
23 0.3956594724220624 0.5998212005108557 0.5374580335731415 0.048971902937420174
23 0.39479616306954435 0.5511685823754789 0.532925659472422 0.04851851851851852
23 0.4072541966426858 0.5020306513409961 0.5633812949640288 0.05137292464878672