23 0.5102058319039451 0.22935912938331315 0.4655060034305317 0.05338573155985489
13 0.48030874785591765 0.1912615880693269 0.40571183533447686 0.021527609834744055
27 0.2920926243567753 0.17005642885933092 0.04643224699828473 0.025473599355098752
31 0.5063522012578616 0.16721886336154776 0.22623785020011436 0.023829101168883513
23 0.5042195540308748 0.40045546150745664 0.4584162378502001 0.05987908101571947
23 0.4981818181818182 0.35571140669085044 0.40473985134362495 0.03449415558242644
23 0.5195540308747856 0.3150947198710197 0.4448942252715838 0.041164852881902456
23 0.5063007432818754 0.2767110036275695 0.42911377930245853 0.039266424828698104
23 0.5092853058890795 0.4982708585247884 0.4711492281303602 0.05771866182990729
23 0.4961635220125786 0.4498186215235792 0.4059119496855346 0.037734784361144705
23 0.5064265294453973 0.5561104393389762 0.465431675242996 0.05434905280128981
23 0.4756375071469411 0.6074002418379686 0.3440537449971412 0.04704151551793631
21 0.5100857632933105 0.6718742442563482 0.24656946826758147 0.029480048367593714
31 0.6987535734705546 0.7934744054816606 0.06501429388221841 0.0349012494961709