2 0.5273088381330685 0.6130268199233716 0.3972194637537239 0.34738186462324394
13 0.7830188679245284 0.43742017879948913 0.1499503475670308 0.10089399744572158
13 0.5342601787487586 0.05842911877394636 0.1112214498510427 0.01979565772669221
23 0.7874875868917577 0.8828224776500638 0.32770605759682225 0.02234993614303959
13 0.7507745779543198 0.3513409961685824 0.41900695134061566 0.09858876117496806
16 0.09533267130089375 0.05906768837803321 0.019860973187686197 0.015964240102171137
0 0.8008937437934459 0.9897828863346104 0.394240317775571 0.019157088122605363
8 0.7656405163853028 0.23492975734355043 0.35749751737835156 0.03205619412515964
4 0.5153922542204568 0.7662835249042146 0.31976166832174774 0.0280970625798212
23 0.5317477656405164 0.8149936143039591 0.1343992055610725 0.016896551724137933
13 0.731082423038729 0.2837292464878672 0.3764647467725919 0.037994891443167304
13 0.6454816285998014 0.2589910600255428 0.2090069513406157 0.010395913154533845
13 0.7125422045680238 0.18800766283524906 0.3376861966236346 0.03957854406130268
6 0.743475670307845 0.12024904214559387 0.3995630585898709 0.09610472541507024
13 0.2814399205561073 0.3709003831417625 0.39795431976166834 0.05808429118773946
13 0.270506454816286 0.32708173690932313 0.3790665342601788 0.029316730523627075
13 0.29049652432969214 0.23102809706257985 0.41088381330685203 0.16275862068965516
8 0.3085998013902681 0.1303256704980843 0.30690168818272096 0.02814176245210728
13 0.2721350546176763 0.09375478927203065 0.37550148957298907 0.02035759897828863
13 0.2316583912611718 0.07802681992337164 0.294558093346574 0.01077905491698595