7 0.4845170454545455 0.10258333333333333 0.8800568181818181 0.06435
17 0.4718039772727272 0.1809 0.6361505681818183 0.05960833333333333
14 0.3380539772727273 0.257325 0.5925142045454546 0.03526666666666667
14 0.3564346590909091 0.28826666666666667 0.6265767045454546 0.026258333333333335
14 0.4777272727272727 0.33397499999999997 0.8772585227272728 0.05881666666666666
14 0.4738636363636364 0.381975 0.8749147727272728 0.034583333333333334
14 0.45850852272727277 0.41356666666666664 0.8523011363636364 0.025633333333333334
14 0.4710511363636364 0.4595666666666667 0.877372159090909 0.06161666666666667
14 0.5603267045454546 0.8778083333333332 0.47951704545454543 0.03863333333333333
14 0.47204545454545455 0.5095833333333334 0.8973153409090909 0.031725
14 0.38974431818181815 0.5695833333333333 0.6763778409090909 0.088275
14 0.4749715909090909 0.6470916666666666 0.89796875 0.06326666666666667
14 0.4749715909090909 0.7112583333333333 0.8922869318181817 0.06159166666666666
14 0.4664488636363636 0.777925 0.8979545454545454 0.064925