13 0.595116988809766 0.3537675606641124 0.5757884028484231 0.12643678160919541
16 0.598677517802645 0.1602809706257982 0.08646998982706001 0.02937420178799489
8 0.5956256358087487 0.2270242656449553 0.3957273652085453 0.05170498084291188
13 0.6251271617497457 0.7484674329501915 0.31637843336724314 0.03065134099616858
0 0.797558494404883 0.9901021711366539 0.40284842319430314 0.018518518518518517
23 0.5991861648016277 0.2736270753512133 0.5717192268565615 0.030012771392081736
13 0.6236012207527976 0.7784163473818646 0.31739572736520855 0.03065134099616858
16 0.5989318413021363 0.15980204342273308 0.08344862665310275 0.023607918263090676
13 0.5970803662258393 0.437088122605364 0.5529908443540184 0.03621966794380587
23 0.5981892166836216 0.47017879948914426 0.5687792472024416 0.02787994891443167
13 0.6020752797558495 0.5417496807151979 0.3322990844354018 0.10926564495530014
13 0.6059511698880976 0.612330779054917 0.29595116988809766 0.03067049808429119
13 0.5906714140386572 0.6435759897828863 0.2976093591047813 0.02780332056194125
13 0.6214038657171923 0.6945657726692209 0.3658494404883011 0.07488505747126437
13 0.6149745676500509 0.8094827586206897 0.315676500508647 0.028192848020434227