28 0.06218978102189781 0.05135833333333333 0.03143065693430657 0.028208333333333335
32 0.4889489051094891 0.055608333333333336 0.5447737226277373 0.032183333333333335
2 0.10610218978102191 0.9255083333333333 0.08597080291970803 0.04749166666666667
2 0.10144525547445254 0.8020333333333334 0.07664233576642336 0.054858333333333335
2 0.10106569343065694 0.46449166666666664 0.07922627737226277 0.050925
23 0.47916788321167886 0.9272000000000001 0.842919708029197 0.10599166666666666
23 0.48319708029197084 0.81155 0.8486715328467154 0.12635833333333332
23 0.5022919708029197 0.4778916666666667 0.8961167883211679 0.125725
13 0.4347299270072993 0.182525 0.7821313868613139 0.21016666666666667
21 0.5036934306569343 0.64345 0.8965985401459854 0.20458333333333334
21 0.49982481751824814 0.34923333333333334 0.9003941605839416 0.12975