7 0.337890625 0.5473196558570483 0.3515625 0.04103242885506287
0 0.80517578125 0.9900727994705493 0.3876953125 0.018530774321641297
7 0.71923828125 0.4639311714096625 0.3466796875 0.03044341495698213
7 0.3408203125 0.6333553937789543 0.341796875 0.04103242885506287
7 0.71728515625 0.728325612177366 0.3466796875 0.04169424222369292
7 0.716796875 0.8391793514228988 0.33984375 0.04367968232958306
7 0.33935546875 0.8391793514228988 0.3447265625 0.04367968232958306
7 0.71728515625 0.1442753143613501 0.3486328125 0.03970880211780278
7 0.7197265625 0.4268696227663799 0.34765625 0.04367968232958306
7 0.33935546875 0.5066181336863005 0.3466796875 0.04037061548643282
23 0.522431640625 0.8847187293183322 0.599892578125 0.021336863004632695
7 0.71779296875 0.781694242223693 0.34712890625 0.0656717405691595
7 0.7202734375 0.6794374586366645 0.346064453125 0.05397749834546658
7 0.722021484375 0.638656518861681 0.3465625 0.026485771012574457
7 0.723935546875 0.6022303110522833 0.345869140625 0.046472534745201854
7 0.72154296875 0.5577233620119126 0.345595703125 0.04317008603573792
7 0.72064453125 0.5084712111184646 0.348310546875 0.05383189940436797
7 0.719130859375 0.3844473858371939 0.348310546875 0.04247518199867638
7 0.7210546875 0.33794837855724685 0.35064453125 0.040277961614824616
7 0.71990234375 0.3028259430840503 0.343828125 0.029219060225016545
7 0.719931640625 0.26776968894771674 0.342373046875 0.041740569159497025
7 0.7183984375 0.2257379219060225 0.3468359375 0.04178027796161483
7 0.717734375 0.18434149569821312 0.346845703125 0.04097286565188617
7 0.718701171875 0.10317670416942423 0.349970703125 0.04089344804765056
8 0.52548828125 0.06124420913302449 0.581552734375 0.03376571806750497
7 0.33978515625 0.7975579086697551 0.342255859375 0.03967571144937128
7 0.339912109375 0.7508868299139642 0.343681640625 0.05344142951687624
7 0.3405859375 0.7025744540039708 0.345029296875 0.04474520185307743
7 0.341025390625 0.6670152217074785 0.342373046875 0.02557246856386499
7 0.342314453125 0.590860357379219 0.343759765625 0.04352084712111185
7 0.340947265625 0.4646194573130377 0.3445703125 0.04121111846459299
7 0.34240234375 0.4302051621442753 0.34158203125 0.027538054268696228
7 0.342236328125 0.39662475181998674 0.343603515625 0.040317670416942425
7 0.341328125 0.3565254798146923 0.3476953125 0.0400397088021178
7 0.342060546875 0.31451356717405693 0.346806640625 0.043937789543348774
7 0.34232421875 0.26492389146260753 0.3496875 0.05506287227001986
7 0.340048828125 0.21479814692256785 0.3475 0.04592984778292522
7 0.340419921875 0.1699801455989411 0.342333984375 0.04262739907346128
7 0.339599609375 0.11362673726009265 0.34896484375 0.0713898080741231