13 0.4439959636730575 0.4723563218390805 0.6740665993945509 0.06986590038314176
13 0.4475277497477296 0.2516219667943806 0.6730575176589304 0.09586206896551724
8 0.4394550958627649 0.7659450830140485 0.6811301715438951 0.07091954022988506
0 0.7971745711402624 0.9901021711366539 0.40161453077699294 0.018518518518518517
13 0.45408678102926336 0.12324393358876118 0.14732593340060546 0.0280970625798212
13 0.4450050454086781 0.36823116219667945 0.6740665993945509 0.0694125159642401
8 0.4475277497477296 0.1741123882503193 0.27749747729566093 0.052790549169859514
13 0.4394550958627649 0.7008301404853129 0.6750756811301716 0.04661558109833972
16 0.7658930373360242 0.12260536398467432 0.034308779011099896 0.024265644955300127
13 0.4394550958627649 0.6639974457215836 0.6730575176589304 0.028326947637292463
13 0.4429868819374369 0.5328416347381865 0.6760847628657921 0.042867177522349934
13 0.30294651866801214 0.8196487867177522 0.3484561049445005 0.0280970625798212
13 0.4361352169525731 0.6093997445721584 0.6651564076690212 0.046526181353767564
23 0.4386881937436932 0.6388569604086846 0.6658425832492432 0.021704980842911878
13 0.39802219979818365 0.5718007662835249 0.5472149344096872 0.02867177522349936
13 0.3191220988900101 0.4201021711366539 0.37216952573158424 0.03171775223499362
13 0.32020181634712414 0.31298212005108556 0.3700201816347124 0.02842911877394636