22 0.57931640625 0.4574647887323944 0.763232421875 0.0895774647887324
22 0.578232421875 0.6482394366197183 0.765400390625 0.07394366197183098
22 0.578232421875 0.7232394366197183 0.765400390625 0.07183098591549296
22 0.42626953125 0.28943661971830986 0.4150390625 0.05070422535211268
22 0.578779296875 0.8 0.76431640625 0.07887323943661972
22 0.579814453125 0.5669014084507042 0.768544921875 0.08450704225352113
1 0.80517578125 0.9901408450704225 0.3876953125 0.01971830985915493
22 0.4267578125 0.3390845070422535 0.4140625 0.048591549295774646
22 0.4267578125 0.2352112676056338 0.41796875 0.056338028169014086
22 0.42626953125 0.18274647887323944 0.4189453125 0.047183098591549295
30 0.58154296875 0.11232394366197183 0.3818359375 0.028873239436619718
22 0.423828125 0.3873239436619718 0.416015625 0.04788732394366197
28 0.22412109375 0.1147887323943662 0.0498046875 0.030985915492957747
19 0.863505859375 0.5140140845070422 0.088564453125 0.02020422535211268