22 0.35233160621761656 0.793189964157706 0.5621761658031088 0.05591397849462366
22 0.3915155440414508 0.5295698924731183 0.7234455958549223 0.09426523297491039
22 0.38676813471502586 0.7316021505376344 0.7260362694300518 0.06415412186379929
22 0.39303108808290155 0.25615412186379927 0.7143782383419689 0.07096774193548387
22 0.3856865284974093 0.6618279569892473 0.7286204663212436 0.07419354838709677
22 0.3038665803108808 0.40860215053763443 0.4648056994818653 0.04372759856630824
22 0.27234455958549225 0.45734767025089607 0.39961139896373055 0.05089605734767025
22 0.3121761658031088 0.6007168458781362 0.4844559585492228 0.04802867383512545
30 0.375 0.08297491039426523 0.46243523316062174 0.035483870967741936
22 0.30634715025906734 0.31314336917562724 0.4339378238341969 0.04324731182795699
22 0.34650259067357514 0.3626666666666667 0.5513795336787565 0.05125448028673835
22 0.39669689119170987 0.18494623655913978 0.7156735751295337 0.07240143369175628
22 0.39831606217616583 0.12437275985663082 0.6463730569948186 0.04946236559139785
28 0.7427525906735751 0.09219713261648746 0.03363989637305699 0.029677419354838707