2 0.2952803738317757 0.6045112781954887 0.09799065420560747 0.05337092731829574
28 0.2694392523364486 0.065 0.051892523364485986 0.023032581453634085
17 0.5989252336448597 0.29467418546365914 0.7289719626168224 0.12527568922305765
7 0.5973130841121496 0.10788220551378447 0.75 0.05899749373433584
32 0.6480841121495327 0.06296992481203008 0.4452336448598131 0.03221804511278196
1 0.5318691588785046 0.9827568922305765 0.922196261682243 0.02827067669172932
23 0.6085514018691588 0.7691478696741855 0.7273598130841121 0.10290726817042607
23 0.5785981308411214 0.6977694235588973 0.6618457943925233 0.0412781954887218
23 0.5803738317757009 0.6585213032581454 0.6682009345794393 0.038709273182957395
23 0.6075934579439253 0.5871303258145363 0.7311448598130841 0.10240601503759399
17 0.604018691588785 0.46181704260651624 0.7381074766355141 0.10076441102756892
17 0.6128271028037383 0.1774561403508772 0.5802336448598131 0.04823308270676692