8 0.6068548387096774 0.3106641123882503 0.10685483870967742 0.01979565772669221
8 0.6095967741935484 0.804169859514687 0.1808266129032258 0.03617496807151979
18 0.4309475806451613 0.08301404853128991 0.10584677419354839 0.022988505747126436
0 0.797883064516129 0.9910600255427842 0.4002016129032258 0.016602809706257982
6 0.6068548387096774 0.13464878671775224 0.3629032258064516 0.06367177522349936
16 0.7757056451612904 0.08205619412515965 0.019153225806451613 0.018518518518518517
13 0.2318548387096774 0.3553639846743295 0.3528225806451613 0.037675606641123884
8 0.22580645161290322 0.12573435504469987 0.17540322580645162 0.0384418901660281
8 0.23084677419354838 0.722860791826309 0.0967741935483871 0.01532567049808429
13 0.6151612903225806 0.8364814814814815 0.35628024193548385 0.02529374201787995
23 0.6103528225806452 0.7483844189016603 0.35842741935483874 0.03685823754789272
13 0.6122782258064516 0.6557024265644955 0.31858870967741937 0.1455108556832695
23 0.6117641129032259 0.5560472541507024 0.36125 0.05480842911877395
13 0.6034778225806451 0.4285632183908046 0.1890524193548387 0.19910600255427843
23 0.6072883064516128 0.22486590038314175 0.3573387096774194 0.11564495530012771
15 0.14476814516129033 0.8401340996168583 0.1454133064516129 0.012043422733077905
15 0.14425403225806452 0.8293614303959131 0.1465725806451613 0.011238825031928482
13 0.2345866935483871 0.7924201787994892 0.09576612903225806 0.03627075351213282
13 0.23179435483870967 0.7544891443167305 0.09455645161290323 0.03786079182630907
13 0.2309576612903226 0.5914367816091954 0.3609879032258065 0.23994252873563218
13 0.21881048387096774 0.4594699872286079 0.19569556451612902 0.02132183908045977
13 0.22974798387096773 0.41074074074074074 0.3575302419354839 0.07088122605363985
13 0.22460685483870968 0.32612388250319285 0.19345766129032257 0.020849297573435503
13 0.22655241935483872 0.16242656449553003 0.35574596774193545 0.028365261813537677
13 0.19880040322580647 0.1821647509578544 0.2664516129032258 0.012343550446998721
13 0.2060483870967742 0.2509003831417625 0.2809475806451613 0.12710089399744573