-1 0.8449791376912378 0.9338916666666667 0.17426981919332404 0.030708333333333334
26 0.45151599443671764 0.8938666666666667 0.5006119610570237 0.06233333333333333
26 0.4421557719054242 0.8337583333333334 0.48517385257301804 0.056758333333333334
26 0.4479972183588317 0.7776666666666667 0.4919193324061196 0.05623333333333334
26 0.43463143254520165 0.437875 0.48389429763560504 0.051725
26 0.5259944367176634 0.27605 0.7822392211404728 0.272775
26 0.4953963838664812 0.11098333333333334 0.5957997218358831 0.057458333333333333
35 0.5392628650904033 0.06453333333333333 0.3005702364394993 0.03670833333333333
31 0.1696105702364395 0.06404166666666666 0.06464534075104311 0.0314
26 0.14300215817891432 0.46827668031779307 0.9265104136362413 0.47040752960856946 0.9275688525845703 0.5554413817956387 0.25854135377851695 0.5544182359060198 0.25923286722475863 0.58021391409277 0.13833561846005918 0.5797065690235373 0.1408899844553601 0.47086132158716065
26 0.13859434798076176 0.7497066273884453 0.9440334584474673 0.7511694723380653 0.9445179882771471 0.5567238373873096 0.2670135695382535 0.5556781428279473 0.2658751596471618 0.58115250247085 0.14266816188855277 0.5815527413588001