13 0.5317460317460317 0.06864623243933589 0.23015873015873015 0.02362707535121328
6 0.7132936507936508 0.10153256704980843 0.35119047619047616 0.02681992337164751
13 0.3318452380952381 0.27043422733077904 0.28869047619047616 0.013409961685823755
13 0.7152777777777778 0.4125159642401022 0.35119047619047616 0.024265644955300127
13 0.29017857142857145 0.29565772669220947 0.20535714285714285 0.01277139208173691
0 0.8010912698412699 0.9904214559386973 0.3958333333333333 0.017879948914431672
13 0.7053571428571429 0.43167305236270753 0.3253968253968254 0.0140485312899106
13 0.3373015873015873 0.24553001277139208 0.2996031746031746 0.014687100893997445
16 0.17906746031746032 0.06864623243933589 0.018849206349206348 0.01979565772669221
13 0.7177579365079365 0.22701149425287356 0.34226190476190477 0.02490421455938697
13 0.3447420634920635 0.37420178799489145 0.3501984126984127 0.024265644955300127
13 0.27331349206349204 0.283205619412516 0.16964285714285715 0.012132822477650063
13 0.34871031746031744 0.553639846743295 0.3521825396825397 0.038314176245210725
13 0.6999007936507936 0.382183908045977 0.3005952380952381 0.013409961685823755
13 0.28075396825396826 0.31960408684546615 0.1865079365079365 0.013409961685823755
13 0.6999007936507936 0.49361430395913153 0.30654761904761907 0.0140485312899106
13 0.7172619047619048 0.7164750957854407 0.35119047619047616 0.1136653895274585
13 0.714781746031746 0.4501915708812261 0.3521825396825397 0.024265644955300127
13 0.7137896825396826 0.1529374201787995 0.3541666666666667 0.0491698595146871
8 0.34871031746031744 0.6037611749680716 0.23511904761904762 0.03130906768837803
13 0.7150396825396825 0.33265644955300133 0.35469246031746027 0.08420817369093231
13 0.716765873015873 0.6356960408684547 0.3521825396825397 0.02490421455938697
13 0.34624007936507933 0.14016602809706258 0.3491964285714286 0.02490421455938697
13 0.716765873015873 0.5306513409961686 0.3521825396825397 0.06002554278416347
13 0.3169642857142857 0.4051724137931034 0.25496031746031744 0.013409961685823755
13 0.34871031746031744 0.5159642401021711 0.3482142857142857 0.037037037037037035
13 0.7157738095238095 0.47509578544061304 0.3501984126984127 0.02554278416347382
13 0.7162698412698413 0.8049169859514687 0.3492063492063492 0.041507024265644954
13 0.3492063492063492 0.17752234993614305 0.3492063492063492 0.024265644955300127
13 0.7142857142857143 0.25191570881226055 0.3472222222222222 0.02490421455938697
13 0.3462301587301587 0.3505747126436782 0.34325396825396826 0.021711366538952746
13 0.3030753968253968 0.3933588761174968 0.22916666666666666 0.01277139208173691
13 0.6958333333333333 0.617816091954023 0.30654761904761907 0.013409961685823755
13 0.7150198412698413 0.5988250319284802 0.3449206349206349 0.023243933588761173
13 0.6887103174603175 0.7783269476372924 0.25818452380952384 0.011551724137931034
13 0.6317261904761905 0.6542081736909323 0.1478472222222222 0.012273307790549168
13 0.7164087301587302 0.5751660280970626 0.3474206349206349 0.02301404853128991
13 0.6850099206349206 0.39381864623243934 0.2580357142857143 0.011966794380587483
13 0.7153968253968254 0.2781226053639847 0.3538690476190476 0.024093231162196676
13 0.7144444444444444 0.20272669220945086 0.35195436507936506 0.02345466155810983
13 0.6568055555555555 0.18388250319284802 0.19921626984126983 0.013001277139208173
13 0.6367162698412698 0.12167943805874841 0.16507936507936508 0.01385057471264368
13 0.35201388888888885 0.7906832694763729 0.3498809523809524 0.0613154533844189
13 0.3597519841269841 0.7528097062579822 0.3327281746031746 0.012637292464878672
13 0.3529861111111111 0.7343742017879948 0.350625 0.023224776500638568
23 0.3523511904761905 0.7156257982120051 0.24782738095238097 0.013742017879948915
13 0.3521329365079365 0.6908365261813537 0.3465079365079365 0.03573435504469987
13 0.35248015873015875 0.6603639846743296 0.3496031746031746 0.023799489144316732
13 0.2667956349206349 0.6422030651340996 0.15163690476190475 0.011602809706257983
13 0.30639880952380955 0.6297062579821201 0.2272420634920635 0.01462324393358876
13 0.34918650793650796 0.4738888888888889 0.34906746031746033 0.04840996168582375
13 0.2939980158730159 0.4430204342273308 0.20364087301587303 0.012349936143039591
13 0.3503968253968254 0.4303192848020434 0.3212599206349206 0.013403575989782885
13 0.301547619047619 0.4172222222222222 0.21873015873015872 0.011321839080459771
13 0.2556051587301587 0.33188378033205623 0.13288690476190476 0.01103448275862069
13 0.25802579365079364 0.3072477650063857 0.14015873015873015 0.010772669220945084
13 0.3154861111111111 0.2579246487867178 0.25627976190476187 0.010925925925925926
13 0.26762896825396826 0.23242656449553004 0.1545238095238095 0.012056194125159642
13 0.34791666666666665 0.20856960408684547 0.3537797619047619 0.03669859514687101
13 0.3119543650793651 0.15987228607918264 0.25525793650793654 0.01243295019157088
6 0.3472718253968254 0.10264367816091954 0.35249007936507937 0.02556832694763729
13 0.33362103174603175 0.12162835249042145 0.29738095238095236 0.011417624521072796