8 0.44345549738219897 0.295338441890166 0.7089005235602094 0.1768837803320562
1 0.16858638743455498 0.48946360153256707 0.15078534031413612 0.09514687100893997
3 0.43455497382198954 0.1500638569604087 0.7141361256544503 0.0970625798212005
13 0.4643979057591623 0.7828863346104725 0.7214659685863875 0.08556832694763729
13 0.4612565445026178 0.6503831417624522 0.7235602094240837 0.10153256704980843
13 0.3586387434554974 0.7212643678160919 0.5099476439790576 0.041507024265644954
13 0.4246073298429319 0.07329501915708812 0.35916230366492147 0.028735632183908046
16 0.7643979057591623 0.06832694763729247 0.048167539267015703 0.02937420178799489
13 0.4492146596858639 0.43880587484035755 0.7225130890052356 0.07940613026819923
0 0.7905759162303665 0.9904214559386973 0.4167539267015707 0.017879948914431672
13 0.5596858638743456 0.5424648786717752 0.4513089005235602 0.040229885057471264
13 0.3376125654450262 0.5800446998722861 0.48778010471204186 0.04090676883780332
17 0.6364607329842933 0.8460600255427843 0.03936125654450262 0.02533205619412516
13 0.4337277486910995 0.5014878671775224 0.34987434554973823 0.04498722860791826