13 0.30233793836344314 0.3332268370607029 0.3900106269925611 0.13738019169329074
13 0.7316684378320936 0.8402555910543131 0.38150903294367694 0.09073482428115016
13 0.722635494155154 0.45527156549520764 0.3740701381509033 0.05047923322683706
13 0.30393198724760895 0.41980830670926517 0.3889479277364506 0.03578274760383387
13 0.3065887353878852 0.6996805111821086 0.38575982996811903 0.07412140575079872
13 0.2821466524973433 0.534185303514377 0.3432518597236982 0.038338658146964855
13 0.30233793836344314 0.19233226837060702 0.38575982996811903 0.038338658146964855
13 0.7194473963868225 0.5389776357827476 0.3655685441020191 0.038977635782747606
13 0.2784272051009564 0.47635782747603833 0.33581296493092455 0.024920127795527155
13 0.30393198724760895 0.5725239616613419 0.38682252922422955 0.038338658146964855
13 0.7146652497343252 0.7757188498402556 0.34962805526036134 0.03706070287539936
13 0.7236981934112646 0.5 0.3740701381509033 0.038977635782747606
13 0.2784272051009564 0.502555910543131 0.3379383634431456 0.02619808306709265
13 0.2763018065887354 0.6047923322683706 0.3294367693942614 0.024920127795527155
13 0.2592986184909671 0.45079872204472843 0.29968119022316686 0.024920127795527155
13 0.7162592986184909 0.5715654952076678 0.357066950053135 0.024920127795527155
13 0.6493092454835282 0.6718849840255591 0.22104144527098832 0.024920127795527155
13 0.7003188097768331 0.4169329073482428 0.33156216790648246 0.024920127795527155
13 0.7922422954303932 0.6961661341853035 0.2603613177470776 0.024920127795527155
13 0.30335812964930925 0.7654313099041534 0.37718384697130714 0.057380191693290734
6 0.3018065887353879 0.11661341853035144 0.3889479277364506 0.0670926517571885
13 0.6615302869287991 0.36996805111821085 0.24973432518597238 0.02428115015974441
13 0.7396386822529224 0.7440894568690096 0.3655685441020191 0.024920127795527155
13 0.22688629117959616 0.2511182108626198 0.23485653560042508 0.025559105431309903
13 0.22422954303931988 0.629073482428115 0.22104144527098832 0.022364217252396165
16 0.1206163655685441 0.07124600638977636 0.024442082890541977 0.01597444089456869
13 0.30233793836344314 0.6517571884984026 0.09032943676939426 0.021725239616613417
13 0.6493092454835282 0.7217252396166134 0.22104144527098832 0.021086261980830672
13 0.7311370882040382 0.6217252396166134 0.38682252922422955 0.0268370607028754
8 0.30765143464399575 0.8348242811501597 0.10520722635494155 0.017252396166134186
13 0.7176833156216791 0.3077955271565495 0.3705313496280553 0.05073482428115016
13 0.7290116896918172 0.5968051118210863 0.3846971307120085 0.025559105431309903
13 0.5148777895855473 0.06964856230031949 0.44739638682252925 0.020447284345047924
13 0.7747077577045696 0.3939297124600639 0.17215727948990436 0.022364217252396165
13 0.7210414452709883 0.6482428115015975 0.36663124335812963 0.024920127795527155
8 0.7279489904357067 0.26003194888178915 0.17003188097768332 0.038396166134185304
0 0.7874601487778958 0.9900958466453674 0.42295430393198724 0.01853035143769968
13 0.3841657810839532 0.1623003194888179 0.21360255047821466 0.021725239616613417
13 0.7735706695005313 0.34598722044728436 0.29823591923485654 0.02226198083067093
6 0.7266312433581297 0.153444089456869 0.3942720510095643 0.13642811501597443
13 0.30298618490967055 0.867591054313099 0.37961742826780026 0.04067731629392971
23 0.44865037194473967 0.7991118210862619 0.05341126461211477 0.011182108626198083
13 0.30380446333687566 0.22470926517571885 0.3856960680127524 0.022856230031948883