23 0.4609090909090909 0.7690038314176245 0.6659679144385027 0.06723499361430396
23 0.46705882352941175 0.655485312899106 0.6735614973262032 0.06672413793103447
23 0.397283422459893 0.5561430395913154 0.5455401069518716 0.04292464878671775
23 0.37777540106951873 0.5994444444444444 0.5061390374331551 0.04204980842911877
13 0.43963636363636366 0.1736590038314176 0.6724598930481284 0.22484674329501916
23 0.44672727272727275 0.4554469987228608 0.666235294117647 0.0649169859514687
23 0.37671657754010696 0.7125159642401021 0.49974331550802137 0.0428544061302682
28 0.8259465240641711 0.04905491698595146 0.0379144385026738 0.020683269476372924
23 0.4461176470588235 0.3426564495530013 0.6709946524064171 0.06775862068965517
23 0.42158288770053476 0.8243103448275861 0.5940855614973263 0.04575351213282248
23 0.41248128342245993 0.5116538952745849 0.5865454545454545 0.04350574712643678
32 0.4590374331550802 0.046602809706257985 0.34044919786096256 0.023920817369093232
1 0.7858395721925133 0.9910855683269476 0.4213582887700535 0.014144316730523626
23 0.3730588235294118 0.3987739463601533 0.5107165775401069 0.04189655172413793