13 0.5363534675615212 0.5191570881226054 0.7483221476510067 0.23499361430395913
13 0.5072706935123042 0.6756066411238825 0.6923937360178971 0.07790549169859515
13 0.5106263982102909 0.8326947637292464 0.6901565995525727 0.08173690932311622
13 0.5341163310961968 0.7541507024265645 0.7393736017897091 0.07790549169859515
13 0.5083892617449665 0.23275862068965517 0.7304250559284117 0.07982120051085569
13 0.5167785234899329 0.36334610472541506 0.7360178970917226 0.07918263090676884
6 0.5123042505592841 0.15070242656449553 0.7472035794183445 0.0842911877394636
13 0.40324384787472034 0.29661558109833974 0.5201342281879194 0.05172413793103448
13 0.5212527964205816 0.0842911877394636 0.2841163310961969 0.02937420178799489
16 0.8937360178970917 0.0884418901660281 0.049217002237136466 0.028735632183908046
0 0.7762863534675615 0.9897828863346104 0.4451901565995526 0.019157088122605363