13 0.43263473053892215 0.6851851851851852 0.6357285429141717 0.15197956577266922
13 0.436626746506986 0.5201149425287356 0.6357285429141717 0.06704980842911877
13 0.4421157684630739 0.16890166028097062 0.6327345309381237 0.06960408684546615
13 0.44011976047904194 0.3457854406130268 0.6367265469061876 0.06960408684546615
13 0.3343313373253493 0.40836526181353766 0.42714570858283435 0.05172413793103448
13 0.3662674650698603 0.28160919540229884 0.4810379241516966 0.05108556832694764
13 0.344311377245509 0.5798212005108557 0.4471057884231537 0.04725415070242656
13 0.35179640718562877 0.22924648786717752 0.4500998003992016 0.04980842911877394
13 0.3198602794411178 0.45849297573435505 0.39221556886227543 0.04853128991060025
13 0.44510978043912175 0.1136653895274585 0.19161676646706588 0.0280970625798212
13 0.3203592814371258 0.791507024265645 0.3972055888223553 0.05300127713920817
16 0.7524950099800399 0.11334610472541506 0.023952095808383235 0.028735632183908046
0 0.8013972055888223 0.9904214559386973 0.39520958083832336 0.017879948914431672
17 0.6424451097804391 0.8284993614303959 0.03536926147704591 0.020491698595146872