13 0.5010309278350515 0.1529374201787995 0.7195876288659794 0.06832694763729247
13 0.5015463917525773 0.5606641123882503 0.7206185567010309 0.05236270753512133
13 0.5097938144329897 0.6756066411238825 0.7412371134020619 0.10089399744572158
13 0.5010309278350515 0.2784163473818646 0.7195876288659794 0.11877394636015326
8 0.5036082474226804 0.05747126436781609 0.14536082474226805 0.0280970625798212
13 0.42577319587628865 0.8853767560664112 0.5319587628865979 0.038952745849297574
13 0.3938144329896907 0.6066411238825032 0.49072164948453606 0.038314176245210725
13 0.5 0.36398467432950193 0.7237113402061855 0.05236270753512133
13 0.3597938144329897 0.780970625798212 0.4020618556701031 0.034482758620689655
0 0.7927835051546391 0.9885057471264368 0.41237113402061853 0.021711366538952746
13 0.36031958762886596 0.8490932311621967 0.3958453608247423 0.0315389527458493
13 0.36275257731958765 0.8152554278416347 0.3940103092783505 0.0328544061302682
13 0.3579175257731959 0.7462005108556833 0.39104123711340205 0.034074074074074076
13 0.3555154639175258 0.516551724137931 0.3895979381443299 0.03294380587484036
13 0.3664742268041237 0.4796168582375479 0.4014742268041237 0.03421455938697318
13 0.3530618556701031 0.44263090676883776 0.38469072164948453 0.03351851851851852
13 0.36207216494845357 0.4076628352490421 0.3926494845360825 0.03295019157088123
13 0.3545360824742268 0.09872924648786718 0.38428865979381444 0.03983397190293742
13 0.35293814432989695 0.20377394636015325 0.3844432989690722 0.027994891443167306
16 0.8555876288659794 0.056666666666666664 0.023597938144329898 0.024150702426564495
17 0.7818247422680412 0.9058876117496807 0.0327319587628866 0.020587484035759898