1 0.7941230769230769 0.9908365261813539 0.40673846153846155 0.013665389527458492
34 0.7194564102564103 0.8994252873563219 0.03910769230769231 0.026609195402298853
26 0.4608820512820513 0.8281226053639846 0.8217846153846154 0.12134099616858238
29 0.9185230769230769 0.6974840357598978 0.09665641025641025 0.08378033205619412
26 0.42075897435897436 0.67558748403576 0.7352820512820513 0.15477011494252874
26 0.45663589743589744 0.45491060025542784 0.8132717948717949 0.2542337164750958
26 0.4296615384615385 0.2373690932311622 0.7593333333333333 0.15764367816091954
27 0.4503692307692308 0.10959770114942528 0.8194974358974358 0.075242656449553
35 0.4630871794871795 0.055932311621966796 0.2450153846153846 0.02810344827586207
31 0.8481435897435898 0.061679438058748405 0.048071794871794866 0.02614303959131545
29 0.9083282051282051 0.13905491698595146 0.09903589743589744 0.111845466155811