13 0.5961331901181526 0.5507662835249042 0.644468313641246 0.16794380587484037
13 0.5955961331901182 0.3336526181353768 0.6326530612244898 0.06194125159642401
13 0.5821697099892589 0.2614942528735632 0.6058002148227712 0.08365261813537675
13 0.5934479054779807 0.43646232439335886 0.6262083780880774 0.06194125159642401
6 0.6004296455424275 0.1685823754789272 0.6466165413533834 0.10472541507024266
13 0.58968850698174 0.7691570881226054 0.6294307196562836 0.06321839080459771
13 0.564983888292159 0.665389527458493 0.5800214822771214 0.06257982120051085
13 0.49892588614393124 0.8221583652618135 0.45005370569280345 0.044061302681992334
13 0.58968850698174 0.38569604086845466 0.6208378088077336 0.04342273307790549
13 0.6117078410311493 0.10185185185185185 0.3297529538131042 0.02490421455938697
13 0.658968850698174 0.7164750957854407 0.3383458646616541 0.04086845466155811
16 0.2996777658431794 0.10632183908045977 0.03866809881847476 0.02234993614303959
0 0.7851772287862513 0.9904214559386973 0.4253490870032223 0.017879948914431672