13 0.3884297520661157 0.2900958466453674 0.44214876033057854 0.03706070287539936
13 0.41838842975206614 0.6201277955271566 0.4772727272727273 0.03642172523961661
13 0.3899793388429752 0.21565495207667731 0.4287190082644628 0.03769968051118211
13 0.3899793388429752 0.2520766773162939 0.4390495867768595 0.03769968051118211
13 0.5367252066115702 0.10702875399361023 0.7242871900826446 0.038977635782747606
13 0.39514462809917356 0.14472843450479234 0.43285123966942146 0.03769968051118211
13 0.5508471074380166 0.3795527156549521 0.7994628099173554 0.07156549520766774
13 0.384297520661157 0.32619808306709264 0.4297520661157025 0.03514376996805112
13 0.38894628099173556 0.17955271565495207 0.42458677685950413 0.03578274760383387
16 0.17045454545454544 0.031309904153354634 0.0371900826446281 0.028115015974440896
13 0.5550723140495867 0.82555910543131 0.8110227272727273 0.08051118210862619
13 0.5560847107438016 0.6642172523961661 0.8105785123966942 0.054313099041533544
13 0.38894628099173556 0.7661341853035144 0.43285123966942146 0.03961661341853035
13 0.38894628099173556 0.5466453674121405 0.41632231404958675 0.03769968051118211
13 0.38894628099173556 0.58370607028754 0.41838842975206614 0.03642172523961661
13 0.5526859504132231 0.7191693290734824 0.8076962809917355 0.053035143769968054
0 0.7913223140495868 0.9900958466453674 0.4152892561983471 0.01853035143769968
13 0.43694214876033055 0.4351437699680511 0.5288326446280992 0.04089456869009585
13 0.43133264462809917 0.5104536741214057 0.4982334710743802 0.03861341853035144
13 0.47794421487603306 0.47354632587859424 0.5973553719008264 0.033789137380191694
13 0.42849173553719005 0.06869009584664537 0.5007747933884298 0.03924600638977636
13 0.5514049586776859 0.029169329073482426 0.334400826446281 0.03169968051118211