13 0.4753810082063306 0.6864623243933589 0.5263774912075029 0.06002554278416347
13 0.5130128956623682 0.7493103448275863 0.41866354044548654 0.05800127713920817
13 0.40093786635404455 0.11270753512132822 0.4384525205158265 0.03384418901660281
0 0.7655334114888629 0.9901021711366539 0.46658851113716293 0.018518518518518517
13 0.41207502930832357 0.2841634738186462 0.406799531066823 0.06641123882503193
13 0.4630715123094959 0.6216475095785441 0.5041031652989449 0.06449553001277139
13 0.43786635404454866 0.19204980842911878 0.6436107854630715 0.10952107279693486
16 0.7157092614302462 0.11717752234993614 0.07620164126611957 0.028735632183908046
23 0.44103165298944896 0.5409386973180077 0.6477022274325909 0.07791187739463602
13 0.5211606096131302 0.35240102171136656 0.4346893317702228 0.05703065134099617
15 0.3928956623681125 0.8220498084291187 0.46929660023446657 0.022171136653895272
15 0.38724501758499413 0.8013409961685825 0.45620164126611956 0.02042145593869732
23 0.4551465416178195 0.44208173690932306 0.6150175849941384 0.09874840357598977