13 0.4619395203336809 0.7969348659003831 0.4629822732012513 0.06768837803320563
13 0.5401459854014599 0.7212643678160919 0.6152241918665277 0.06704980842911877
13 0.43795620437956206 0.3231162196679438 0.4129301355578728 0.06513409961685823
13 0.443169968717414 0.17081736909323117 0.4233576642335766 0.06704980842911877
13 0.5526590198123045 0.47541507024265645 0.6465067778936392 0.06577266922094509
13 0.4358706986444213 0.3994252873563218 0.4129301355578728 0.06577266922094509
13 0.43795620437956206 0.2445721583652618 0.41501564129301355 0.06641123882503193
13 0.5677789363920751 0.5622605363984674 0.7267987486965589 0.0913154533844189
13 0.5401459854014599 0.6500638569604087 0.62148070907195 0.06896551724137931
13 0.5709071949947863 0.11685823754789272 0.27007299270072993 0.031928480204342274
16 0.22627737226277372 0.11685823754789272 0.03753910323253389 0.03065134099616858
0 0.789332638164755 0.9905747126436781 0.4165901981230448 0.017477650063856962