13 0.3836754643206256 0.25557809330628806 0.3509286412512219 0.027045300878972278
13 0.3841642228739003 0.28228532792427313 0.35386119257087 0.02636916835699797
13 0.7487781036168133 0.20250169033130494 0.34995112414467255 0.025016903313049357
13 0.40127077223851415 0.8295402298850575 0.35288367546432065 0.0637052062204192
13 0.7258064516129032 0.18120351588911426 0.30009775171065495 0.018931710615280595
13 0.37976539589442815 0.13657876943881 0.3509286412512219 0.0392156862745098
13 0.7521994134897361 0.30425963488843816 0.3489736070381232 0.036511156186612576
13 0.3947800586510264 0.6338269100743745 0.35386119257087 0.05070993914807302
13 0.38758553274682306 0.3475321162947938 0.35288367546432065 0.03380662609871535
13 0.7497556207233627 0.25118323191345504 0.3479960899315738 0.03582826233941853
13 0.34946236559139787 0.3911426639621366 0.2649071358748778 0.018255578093306288
13 0.7018572825024438 0.45165652467883705 0.23460410557184752 0.01757944557133198
13 0.7478005865102639 0.13184584178498987 0.3479960899315738 0.028397565922920892
13 0.7624633431085044 0.672974983096687 0.34995112414467255 0.06039891818796484
13 0.5606060606060606 0.10378634212305612 0.1906158357771261 0.02231237322515213
13 0.7619745845552297 0.8465179175118324 0.34701857282502446 0.027045300878972278
0 0.804496578690127 0.9898580121703854 0.3870967741935484 0.018931710615280595
13 0.7297165200391007 0.7376605814739688 0.2805474095796676 0.018931710615280595
13 0.6950146627565983 0.6335361730899256 0.21505376344086022 0.02028397565922921
13 0.3758553274682307 0.3728870858688303 0.3235581622678397 0.018255578093306288
13 0.3885630498533724 0.7227856659905342 0.24535679374389052 0.08248816768086545
13 0.7580645161290323 0.49526707234617984 0.3489736070381232 0.068289384719405
13 0.39345063538611924 0.5250169033130494 0.35288367546432065 0.12914131169709264
13 0.3387096774193548 0.18120351588911426 0.26099706744868034 0.018931710615280595
13 0.3836754643206256 0.20757268424611225 0.35288367546432065 0.036511156186612576
13 0.761485826001955 0.6037525354969574 0.3479960899315738 0.043340094658553076
13 0.3176930596285435 0.23461798512508453 0.21114369501466276 0.018931710615280595
13 0.32195503421309873 0.3050101419878296 0.21574780058651027 0.017437457741717375
13 0.39051808406647115 0.44292765382014876 0.3548387096774194 0.033684922244759975
13 0.7072336265884653 0.5551724137931034 0.2143206256109482 0.016883029073698444
13 0.34457478005865105 0.3218390804597701 0.26099706744868034 0.01757944557133198
13 0.39030303030303026 0.41490872210953345 0.35288367546432065 0.022711291413116973
13 0.756871945259042 0.42960108181203516 0.34701857282502446 0.026436781609195402
8 0.40127077223851415 0.7815618661257607 0.16715542521994134 0.02578769438810007
13 0.6890420332355817 0.38207572684246116 0.1889540566959922 0.016788370520622042
13 0.7473118279569892 0.15983772819472616 0.3489736070381232 0.026504394861392836
13 0.6772727272727272 0.22454361054766736 0.18739002932551319 0.01744421906693712
16 0.2130987292277615 0.10480054090601758 0.015640273704789834 0.018931710615280595
13 0.7570869990224829 0.4039891818796484 0.34701857282502446 0.02636916835699797
13 0.7028347996089932 0.34685598377281945 0.23655913978494625 0.01757944557133198
13 0.7267839687194526 0.5740365111561866 0.26881720430107525 0.01757944557133198
13 0.761485826001955 0.7156862745098039 0.3479960899315738 0.02636916835699797
13 0.7634408602150538 0.7630155510480054 0.3519061583577713 0.034482758620689655
13 0.3514173998044966 0.1649763353617309 0.2825024437927664 0.016227180527383367
13 0.6779081133919843 0.2772143340094659 0.19648093841642228 0.01757944557133198
13 0.7615444770283479 0.8200405679513184 0.3460410557184751 0.027261663286004056
13 0.7258064516129032 0.3655442866801893 0.2805474095796676 0.019418526031102095
13 0.32968719452590417 0.5986544962812711 0.18871945259042033 0.015787694388100067
13 0.36843597262952105 0.6676876267748478 0.26522971652003907 0.017538877620013524
13 0.7503910068426197 0.3295469912102772 0.3144868035190616 0.016686950642325896
13 0.7092179863147605 0.537843137254902 0.22046920821114369 0.016788370520622042
13 0.7645454545454545 0.7939012846517918 0.3459921798631476 0.026923597025016902