28 0.8626580459770115 0.07906666666666666 0.05068965517241379 0.029416666666666664
32 0.507801724137931 0.07885 0.45067528735632184 0.028975000000000004
13 0.4741954022988506 0.23260833333333333 0.7642959770114943 0.270675
7 0.4914511494252874 0.4038333333333334 0.7937500000000001 0.0441
17 0.4840373563218391 0.4866416666666667 0.7057758620689656 0.08829999999999999
2 0.14232758620689656 0.604475 0.09803160919540231 0.0475
23 0.4910919540229885 0.59195 0.8006034482758622 0.07658333333333334
23 0.41974137931034483 0.660475 0.6730316091954023 0.061375000000000006
23 0.5800574712643679 0.7177833333333333 0.47669540229885055 0.04476666666666666
23 0.36926724137931033 0.7635916666666667 0.5745977011494253 0.04530833333333333
23 0.5859770114942529 0.806925 0.48849137931034486 0.04375833333333333
23 0.40952586206896546 0.8515583333333333 0.6626867816091955 0.044908333333333335