30 0.6510883482714469 0.8524333333333333 0.039295774647887326 0.020483333333333333
27 0.6857106274007682 0.14434166666666667 0.0333674775928297 0.023174999999999998
31 0.39641485275288096 0.14033333333333334 0.29207426376440465 0.023133333333333336
17 0.40743918053777206 0.22064999999999999 0.5889756722151088 0.07615833333333333
2 0.1190909090909091 0.3095833333333333 0.052548015364916774 0.033374999999999995
2 0.14505761843790013 0.39675 0.05460947503201024 0.035175
2 0.12329065300896287 0.6557499999999999 0.060217669654289374 0.036024999999999995
23 0.41070422535211265 0.8186333333333333 0.6294110115236876 0.06955
23 0.4096158770806658 0.7279083333333334 0.6391165172855313 0.103225
23 0.40677336747759285 0.6439083333333334 0.6294622279129322 0.06405
17 0.4084507042253521 0.5817416666666667 0.5655441741357234 0.0488
23 0.4050832266325224 0.49826666666666664 0.6339948783610755 0.07935
23 0.41642765685019206 0.4065333333333333 0.6072215108834828 0.09684166666666666
23 0.403303457106274 0.30809166666666665 0.6344046094750321 0.08415833333333333