28 0.2832702702702703 0.08974166666666666 0.06754054054054054 0.030325
32 0.5961486486486486 0.09317500000000001 0.43621621621621626 0.044991666666666666
13 0.5983243243243244 0.19323333333333334 0.6940405405405405 0.16556666666666667
23 0.5838783783783784 0.3027916666666667 0.6621621621621622 0.04906666666666667
23 0.5774189189189189 0.38356666666666667 0.6504324324324324 0.11284166666666666
23 0.5045135135135135 0.46649999999999997 0.5078243243243243 0.049341666666666666
23 0.546527027027027 0.5185916666666667 0.5838918918918918 0.05736666666666667
23 0.7072162162162162 0.5740416666666667 0.4642702702702703 0.051791666666666666
23 0.5683513513513513 0.6241583333333334 0.6275135135135135 0.0677
23 0.48601351351351346 0.6790166666666667 0.46443243243243243 0.037700000000000004
23 0.6815405405405405 0.7255166666666667 0.3782432432432432 0.05135
23 0.486972972972973 0.764825 0.47114864864864864 0.033424999999999996
23 0.5603108108108108 0.8183333333333334 0.6112162162162162 0.06814166666666667
23 0.48612162162162165 0.8707333333333335 0.4582702702702703 0.03225833333333333