13 0.7443970117395945 0.2136015325670498 0.3810032017075774 0.05555555555555555
13 0.3327534685165422 0.32710089399744574 0.3799359658484525 0.14401660280970627
13 0.53948772678762 0.05874840357598978 0.2017075773745998 0.019157088122605363
3 0.7427961579509071 0.13505747126436782 0.37353255069370334 0.013409961685823755
16 0.14994663820704376 0.05810983397190294 0.01814300960512273 0.017879948914431672
6 0.33404482390608325 0.0842911877394636 0.3820704375667022 0.0280970625798212
0 0.7870864461045891 0.9904214559386973 0.423692636072572 0.017879948914431672
6 0.7443970117395945 0.0913154533844189 0.3810032017075774 0.04086845466155811
8 0.7406830309498399 0.16325031928480205 0.17805763073639275 0.03980842911877395
11 0.25711846318036286 0.8433077905491698 0.20992529348986125 0.012305236270753512
13 0.7369263607257204 0.6730523627075351 0.3810032017075774 0.03959131545338442
13 0.3244397011739594 0.741698595146871 0.3820704375667022 0.026181353767560665
13 0.7411953041622199 0.4217752234993614 0.3810032017075774 0.027458492975734355
13 0.3329775880469584 0.241698595146871 0.3820704375667022 0.026181353767560665
13 0.3265741728922092 0.5795019157088123 0.3820704375667022 0.0913154533844189
13 0.7353255069370331 0.7647765006385697 0.3799359658484525 0.11668582375478927
13 0.7411953041622199 0.8448275862068966 0.3575240128068303 0.017879948914431672
13 0.33541088580576306 0.11229885057471266 0.3782604055496265 0.02718390804597701
13 0.3361045891141942 0.15139208173690932 0.38156883671291353 0.051915708812260535
13 0.30749199573105657 0.183058748403576 0.28009605122732123 0.013914431673052362
13 0.33457844183564567 0.20988505747126437 0.3766061899679829 0.04088122605363984
8 0.32938100320170755 0.40956577266922095 0.27909284951974384 0.012675606641123884
9 0.30998932764140874 0.46005747126436786 0.3019957310565635 0.0879565772669221
13 0.32919957310565634 0.5203192848020435 0.3768089647812166 0.027835249042145595
13 0.3272038420490928 0.6636590038314176 0.3823052294557097 0.07814814814814815
13 0.3261899679829242 0.7154916985951469 0.3749626467449306 0.027681992337164753
13 0.3251440768409819 0.7869731800766284 0.37980789754535754 0.06454022988505746
13 0.6684631803628602 0.8296807151979566 0.20527214514407685 0.012318007662835249
13 0.7345997865528282 0.699227330779055 0.33177161152614726 0.01379948914431673
13 0.6423906083244396 0.6465708812260537 0.1438847385272145 0.01222860791826309
13 0.7369583778014941 0.6213537675606641 0.37926360725720387 0.03856960408684547
13 0.7380789754535753 0.582911877394636 0.3791889007470651 0.03839719029374202
13 0.7399893276414088 0.5310536398467433 0.3795304162219851 0.06614942528735632
13 0.6863927427961579 0.4920817369093231 0.2261152614727855 0.011372924648786717
13 0.7411953041622199 0.4607151979565773 0.3807897545357524 0.05134738186462324
13 0.7434471718249733 0.35595146871008937 0.38183564567769473 0.10326309067688379
13 0.7447598719316969 0.2847126436781609 0.3786659551760939 0.0396360153256705
13 0.7445250800426895 0.2526309067688378 0.3805229455709712 0.023199233716475094
23 0.8405976520811099 0.11902298850574712 0.14611526147278547 0.012330779054916986