28 0.3070960884353741 0.14707700366684126 0.04211734693877551 0.02028548978522787
13 0.5581207482993198 0.20845992666317442 0.5144005102040816 0.09983499214248298
30 0.5798937074829932 0.14671817705605028 0.23694302721088434 0.0221896280775275
22 0.46242772108843544 0.2788685175484547 0.34427721088435376 0.03504976427448926
22 0.570204081632653 0.3279072812991095 0.5598299319727891 0.05717129387113672
22 0.5150595238095238 0.37700890518596125 0.45166666666666666 0.03751178627553693
22 0.5398044217687075 0.42869565217391303 0.5162329931972789 0.054337349397590363
22 0.5370195578231293 0.5011812467260346 0.5163222789115647 0.08606862231534836
22 0.5326913265306122 0.5630434782608695 0.2698767006802721 0.03960974332111052
22 0.5571683673469388 0.6646752226296491 0.5334183673469387 0.1608878994237821
22 0.502874149659864 0.7617627029858565 0.2933715986394558 0.033737558931377684