13 0.4638671875 0.25488826815642457 0.650390625 0.11173184357541899
13 0.49755859375 0.38722067039106145 0.7138671875 0.13058659217877094
13 0.388671875 0.6773743016759777 0.484375 0.08100558659217877
13 0.6513671875 0.7678072625698324 0.439453125 0.07192737430167598
13 0.3759765625 0.5017458100558659 0.46875 0.07192737430167598
13 0.57470703125 0.5911312849162011 0.3388671875 0.06773743016759777
13 0.50537109375 0.15048882681564246 0.7353515625 0.08310055865921788
13 0.529296875 0.0694832402234637 0.333984375 0.04120111731843575
0 0.8046875 0.9895251396648045 0.38671875 0.019553072625698324
16 0.15673828125 0.07681564245810056 0.0458984375 0.0335195530726257
17 0.9016015625 0.8091759776536313 0.0390625 0.02863128491620112