13 0.4605831533477322 0.5290549169859514 0.6987041036717062 0.19348659003831417
13 0.46436285097192226 0.4003831417624521 0.6954643628509719 0.06257982120051085
13 0.4562634989200864 0.6478288633461047 0.6987041036717062 0.044061302681992334
13 0.46760259179265656 0.2934227330779055 0.6976241900647948 0.15134099616858238
13 0.4708423326133909 0.19572158365261813 0.7019438444924406 0.04661558109833972
13 0.4557235421166307 0.7151979565772669 0.6997840172786177 0.09195402298850575
13 0.4703023758099352 0.10759897828863346 0.3617710583153348 0.027458492975734355
15 0.45227861771058314 0.8089463601532567 0.7073434125269978 0.06194125159642401
17 0.6825053995680346 0.8454661558109834 0.028077753779697623 0.020434227330779056
0 0.7834773218142549 0.9894636015325671 0.43088552915766737 0.01979565772669221
6 0.4703671706263499 0.1494316730523627 0.7014038876889849 0.04385696040868455
16 0.7926565874730022 0.1062962962962963 0.061717062634989196 0.022037037037037036
13 0.15778617710583154 0.10647509578544062 0.07151187904967603 0.026596424010217112