23 0.38904210526315786 0.4113665389527459 0.6663263157894737 0.05130906768837803
23 0.6182 0.3610791826309068 0.5655894736842104 0.05041507024265645
23 0.47914736842105266 0.5837547892720306 0.8516736842105264 0.1963026819923372
23 0.5008736842105262 0.4600702426564496 0.32090526315789475 0.04213920817369093
1 0.7893263157894737 0.9912515964240102 0.41283157894736844 0.013339719029374203
23 0.6135684210526315 0.9076053639846743 0.5885157894736842 0.04749680715197956
23 0.5293368421052632 0.8583461047254152 0.5363368421052631 0.049993614303959134
23 0.4912947368421053 0.8083844189016604 0.3086526315789474 0.0515197956577267
23 0.38288421052631577 0.7586653895274584 0.6309684210526315 0.04747765006385696
23 0.45816842105263156 0.7100319284802044 0.7877368421052632 0.047841634738186464
23 0.3772 0.3110791826309068 0.6420842105263158 0.05174329501915709
23 0.4749578947368421 0.25059386973180076 0.8440105263157894 0.07288633461047254
23 0.47734736842105263 0.16551085568326948 0.8423684210526315 0.09935504469987229
23 0.47689473684210526 0.07521711366538954 0.8414736842105263 0.07450830140485314
32 0.5036 0.022151979565772667 0.5097684210526315 0.02872286079182631
28 0.09318947368421053 0.02236270753512133 0.07726315789473685 0.023314176245210726