22 0.5111829134720701 0.3871884984025559 0.5588608981380065 0.07284345047923323
22 0.735881708652793 0.6380191693290734 0.4433296823658269 0.05393610223642172
30 0.5949726177437021 0.05468370607028754 0.3762212486308872 0.02453674121405751
22 0.4603176341730558 0.5778083067092652 0.4437130339539978 0.05382747603833866
22 0.7036911281489595 0.45727156549520764 0.40082146768893756 0.05346325878594249
22 0.5731215772179628 0.6998785942492013 0.6745125958378971 0.056996805111821085
22 0.45210295728368016 0.2659105431309904 0.43949616648411827 0.05230670926517572
22 0.5836692223439212 0.5166453674121405 0.69105147864184 0.05296485623003195
22 0.6767907995618838 0.31768051118210866 0.5746330777656079 0.05095207667731629
22 0.5500985761226725 0.7619808306709265 0.636987951807229 0.05669009584664537
22 0.5966922234392114 0.15408306709265174 0.7330010952902519 0.15476038338658146
1 0.7801533406352683 0.9904408945686901 0.43373493975903615 0.01557188498402556
22 0.4629134720700986 0.8223833865814696 0.4563855421686747 0.05465175718849841
28 0.2526067907995619 0.0568370607028754 0.04809419496166484 0.018958466453674123