13 0.5310206422018349 0.6123627075351213 0.838704128440367 0.3346551724137931
13 0.5259518348623853 0.1500638569604087 0.8348509174311927 0.1111111111111111
1 0.15825688073394495 0.42528735632183906 0.07568807339449542 0.05108556832694764
8 0.5235091743119266 0.3272669220945083 0.8419266055045871 0.12962962962962962
13 0.3881880733944954 0.8020434227330779 0.533256880733945 0.04980842911877394
3 0.5308256880733945 0.23837803320561943 0.8358142201834863 0.04661558109833972
0 0.7717889908256881 0.9904214559386973 0.4541284403669725 0.017879948914431672
13 0.5401376146788991 0.05523627075351213 0.47706422018348627 0.028735632183908046
16 0.14162844036697247 0.05747126436781609 0.04931192660550459 0.0280970625798212
13 0.4875344036697248 0.41921455938697316 0.7813990825688073 0.05113665389527458
6 0.4937385321100918 0.08242656449553003 0.7440366972477064 0.02896551724137931