13 0.57275390625 0.36221498371335503 0.4892578125 0.09381107491856677
13 0.59021484375 0.6137915309446254 0.518310546875 0.09534201954397394
13 0.57421875 0.25993485342019546 0.494140625 0.04820846905537459
13 0.5693359375 0.21335504885993486 0.486328125 0.04755700325732899
13 0.62841796875 0.70814332247557 0.3232421875 0.036482084690553744
13 0.58154296875 0.4553745928338762 0.2236328125 0.031270358306188926
13 0.595703125 0.550814332247557 0.31640625 0.031921824104234525
13 0.5146484375 0.5188925081433224 0.36328125 0.03452768729641694
13 0.56201171875 0.2990228013029316 0.4697265625 0.03257328990228013
13 0.49560546875 0.4247557003257329 0.3271484375 0.03257328990228013
13 0.4951171875 0.6745928338762215 0.322265625 0.03061889250814332
13 0.65771484375 0.4866449511400652 0.3017578125 0.031270358306188926
16 0.3447265625 0.1498371335504886 0.037109375 0.020846905537459284
0 0.8046875 0.9905537459283388 0.388671875 0.01758957654723127
13 0.5947265625 0.1469055374592834 0.431640625 0.021498371335504887
6 0.5205078125 0.1739413680781759 0.388671875 0.03257328990228013