31 0.8843648208469055 0.8658684546615582 0.12416938110749186 0.019559386973180076
32 0.610770901194354 0.06450830140485313 0.43266015200868624 0.02742017879948914
28 0.24786102062975027 0.06661558109833972 0.04812160694896851 0.026353767560664116
23 0.5922801302931596 0.41164750957854407 0.7777090119435396 0.06937420178799489
23 0.5777741585233442 0.8003192848020434 0.7709011943539631 0.1147126436781609
1 0.7823235613463626 0.9909642401021711 0.42400651465798045 0.013742017879948915
23 0.5738979370249728 0.7197062579821201 0.7580890336590663 0.04653256704980843
23 0.573344191096634 0.6626883780332056 0.7526927252985885 0.06924648786717752
23 0.5838219326818676 0.5364112388250319 0.7714875135722041 0.18263729246487867
23 0.5797068403908795 0.26448275862068965 0.7374049945711183 0.2270242656449553
23 0.5615309446254071 0.11589399744572158 0.6773724212812161 0.07096424010217113