26 0.6117456647398843 0.194594767070836 0.6795953757225434 0.06749840459476707
26 0.6161387283236994 0.2650733886407147 0.6842890173410404 0.07253350350989152
26 0.623514450867052 0.49860242501595403 0.6797225433526012 0.06466496490108488
34 0.9046011560693642 0.8235928525845564 0.13472832369942198 0.02184428844926611
26 0.6212947976878612 0.4305679642629228 0.6824277456647398 0.0697319719208679
31 0.2911445086705202 0.10373324824505425 0.04247398843930636 0.020714741544352266
26 0.5661618497109827 0.32385449904275687 0.5109595375722543 0.041531589023611995
27 0.6100809248554914 0.1358264199106573 0.6875028901734105 0.052214422463305675
26 0.62921387283237 0.5832801531589024 0.6863352601156069 0.09891512444160817
35 0.6260462427745664 0.09626037013401405 0.5723236994219654 0.024358647096362478
26 0.5631560693641618 0.3697255902999362 0.5115028901734104 0.04644543714103382
1 0.7680693641618497 0.9909253350350989 0.45482080924855495 0.013905552010210593
26 0.5876300578034682 0.6789406509253351 0.5091791907514451 0.08430759412890876