22 0.469755859375 0.19781572164948452 0.60439453125 0.05483247422680412
22 0.475498046875 0.2965528350515464 0.589482421875 0.06065721649484536
22 0.464169921875 0.24517396907216493 0.503935546875 0.035405927835051546
22 0.485390625 0.3572938144329897 0.581357421875 0.05331829896907216
22 0.48513671875 0.4477706185567011 0.575771484375 0.043563144329896906
22 0.45998046875 0.40259020618556707 0.5123046875 0.03174613402061856
22 0.477587890625 0.5390077319587628 0.593662109375 0.04702963917525773
22 0.3694140625 0.4932409793814433 0.291044921875 0.039149484536082475
22 0.48533203125 0.5871134020618557 0.58376953125 0.04286726804123711
22 0.484375 0.6403672680412371 0.599619140625 0.0523389175257732
22 0.383623046875 0.7245296391752577 0.301689453125 0.03496778350515464
22 0.381396484375 0.684542525773196 0.292177734375 0.030270618556701028
28 0.475986328125 0.7600386597938144 0.033720703125 0.019484536082474226
1 0.803505859375 0.9915914948453608 0.39298828125 0.016823453608247423