23 0.45437027147307524 0.1577919203099059 0.6570627503337784 0.08159656889872717
23 0.3778549176680018 0.23042335362479247 0.4728259902091678 0.04983951300498063
23 0.45472630173564754 0.31418926397343666 0.6644459279038718 0.08172108467072495
23 0.35987093902981754 0.40369396790260104 0.44135736537605696 0.05735473159933591
23 0.4644370271473075 0.47361095738793585 0.6349132176234981 0.053303818483674596
23 0.37251891410769916 0.5483397897066962 0.46665331553182016 0.05472329828444936
23 0.45543391188251003 0.6264388489208632 0.6569603916332889 0.07810459324847814
23 0.4504761904761905 0.7296153846153846 0.6648509123275479 0.08799944659656889
23 0.44678237650200264 0.8244299944659657 0.6196306186025812 0.06041781959048146
27 0.44769470404984424 0.8707719977863863 0.02288384512683578 0.02305201992252352
27 0.7341833555852247 0.8922744881018262 0.030663106364040946 0.019020475926950747