13 0.23656480505795574 0.1890229885057471 0.3972602739726027 0.0702234993614304
13 0.6796628029504742 0.40389527458492974 0.40252897787144365 0.08876117496807152
13 0.6812434141201265 0.466794380587484 0.3993677555321391 0.038314176245210725
13 0.6743940990516333 0.3397381864623244 0.40042149631190727 0.0370051085568327
13 0.24815595363540568 0.4505108556832695 0.3951527924130664 0.05555555555555555
13 0.6859852476290832 0.5303320561941252 0.40252897787144365 0.08876117496807152
13 0.6896733403582719 0.7017879948914432 0.3972602739726027 0.04980842911877394
6 0.2339304531085353 0.12037037037037036 0.40042149631190727 0.06577266922094509
8 0.45152792413066384 0.07343550446998723 0.2708113804004215 0.024265644955300127
16 0.8519494204425712 0.07215836526181353 0.020021074815595362 0.017879948914431672
13 0.6865121180189674 0.5948275862068966 0.3972602739726027 0.038952745849297574
13 0.6954689146469969 0.8043167305236271 0.39831401475237094 0.09123882503192848
0 0.7903055848261328 0.9901021711366539 0.4172813487881981 0.018518518518518517
13 0.24446786090621708 0.40261813537675606 0.39199157007376184 0.040229885057471264
13 0.24973656480505796 0.5023690932311622 0.3940990516332982 0.05198595146871009
13 0.11331928345626976 0.8826564495530013 0.1894942044257113 0.11968071519795657
13 0.6498314014752371 0.8656449553001276 0.2749631190727081 0.02603448275862069
13 0.6319599578503688 0.7427713920817369 0.24193888303477343 0.028461047254150704
13 0.6491359325605901 0.6624712643678161 0.2786512118018967 0.023786717752234992
13 0.6886828240252897 0.63485312899106 0.3906427818756586 0.0358301404853129
13 0.6715068493150684 0.30150702426564496 0.39655426765015805 0.03938058748403576
13 0.667386722866175 0.2624074074074074 0.3517913593256059 0.037586206896551726
13 0.6688198103266597 0.21220945083014048 0.39461538461538465 0.06342911877394636
13 0.6206849315068493 0.1655300127713921 0.2747418335089568 0.02217752234993614
13 0.6404741833508957 0.1405874840357599 0.31242360379346684 0.020019157088122606
13 0.6635300316122235 0.10776500638569604 0.3997154899894626 0.03472541507024266
13 0.25010537407797684 0.8694763729246487 0.3257218124341412 0.022816091954022986
13 0.270663856691254 0.8273435504469987 0.3869336143308746 0.047279693486590044
8 0.26134878819810325 0.7778224776500638 0.40190727081138045 0.04666666666666667
13 0.26053740779768175 0.6867241379310345 0.3986512118018967 0.08379948914431673
8 0.2500632244467861 0.6319284802043423 0.1236986301369863 0.014782886334610472
23 0.2687249736564805 0.59029374201788 0.30538461538461537 0.011245210727969348
13 0.253013698630137 0.5616794380587484 0.39091675447839835 0.0415581098339719
23 0.3426343519494205 0.5329054916985951 0.08767123287671233 0.010517241379310344
13 0.17975763962065333 0.368933588761175 0.229768177028451 0.022867177522349937
13 0.2423709167544784 0.33607279693486586 0.39338250790305584 0.03876756066411239
13 0.24245521601685985 0.2837547892720307 0.39903055848261326 0.0647765006385696
13 0.1722023182297155 0.23956577266922097 0.22388830347734456 0.02401660280970626