13 0.4443359375 0.5312907431551499 0.595703125 0.06649282920469361
13 0.447265625 0.26010430247718386 0.595703125 0.0651890482398957
13 0.44482421875 0.7216427640156454 0.5966796875 0.05215123859191656
13 0.4462890625 0.6300521512385919 0.59375 0.051499348109517604
13 0.37353515625 0.3882007822685789 0.4267578125 0.037157757496740544
13 0.40673828125 0.35071707953063885 0.4990234375 0.03780964797913951
13 0.40576171875 0.16753585397653195 0.5068359375 0.04041720990873533
13 0.443359375 0.13298565840938723 0.20703125 0.024771838331160364
0 0.80419921875 0.9895697522816167 0.3896484375 0.01955671447196871
13 0.3330078125 0.20664928292046936 0.361328125 0.03780964797913951
13 0.33251953125 0.4791395045632334 0.3408203125 0.03780964797913951
13 0.33837890625 0.31290743155149936 0.3583984375 0.03780964797913951
16 0.72509765625 0.1333116036505867 0.0322265625 0.024119947848761408
13 0.44677734375 0.6753585397653195 0.5947265625 0.03780964797913951
13 0.330078125 0.7659713168187744 0.35546875 0.03780964797913951
13 0.3330078125 0.584419817470665 0.3515625 0.038461538461538464
15 0.255205078125 0.8238852672750977 0.159755859375 0.01455019556714472
15 0.25205078125 0.8073794002607562 0.1494921875 0.018565840938722294
23 0.63521484375 0.4491199478487614 0.101591796875 0.014843546284224251
13 0.329736328125 0.4272881355932204 0.314765625 0.03410691003911343