26 0.43927645788336933 0.6294699872286079 0.7270194384449244 0.3073690932311622
35 0.4328941684665227 0.10781609195402299 0.3258855291576674 0.01934227330779055
26 0.41570194384449244 0.8265070242656449 0.677840172786177 0.08742656449553
26 0.40750539956803455 0.21170498084291187 0.6786069114470842 0.08902937420178798
34 0.5854859611231101 0.8827650063856961 0.07420086393088553 0.022931034482758617
27 0.3932505399568034 0.14201787994891443 0.651889848812095 0.046596424010217116
31 0.7842656587473003 0.11236909323116219 0.01881209503239741 0.01858876117496807
26 0.4327429805615551 0.29669220945083014 0.7236501079913608 0.08169859514687101
1 0.7855939524838014 0.9909003831417624 0.4217710583153348 0.015446998722860792
26 0.42271058315334775 0.4391570881226054 0.7039416846652268 0.06163473818646232
26 0.4402699784017279 0.3751851851851852 0.7302159827213822 0.06466794380587484