13 0.56282722513089 0.34738186462324394 0.669109947643979 0.08684546615581099
13 0.45968586387434557 0.6120689655172413 0.4083769633507853 0.0351213282247765
13 0.5565445026178011 0.2442528735632184 0.6607329842931937 0.05172413793103448
13 0.46282722513089003 0.5775862068965517 0.41047120418848165 0.0351213282247765
13 0.4643979057591623 0.7142401021711366 0.41151832460732984 0.03384418901660281
13 0.468586387434555 0.28735632183908044 0.4701570680628272 0.035759897828863345
13 0.4581151832460733 0.5443805874840357 0.41151832460732984 0.037675606641123884
13 0.4643979057591623 0.6800766283524904 0.41361256544502617 0.037037037037037035
13 0.5554973821989528 0.20146871008939973 0.650261780104712 0.0351213282247765
13 0.45968586387434557 0.7506385696040868 0.4041884816753927 0.042784163473818644
13 0.46282722513089003 0.6452745849297573 0.41047120418848165 0.0351213282247765
13 0.543455497382199 0.10217113665389528 0.36649214659685864 0.024265644955300127
13 0.45654450261780105 0.5092592592592593 0.41465968586387436 0.037675606641123884
13 0.5554973821989528 0.14910600255427842 0.6586387434554973 0.06960408684546615
0 0.7905759162303665 0.9897828863346104 0.41256544502617803 0.019157088122605363
16 0.24345549738219896 0.10185185185185185 0.040837696335078534 0.028735632183908046
13 0.4539267015706806 0.407088122605364 0.4261780104712042 0.0351213282247765
13 0.4581151832460733 0.44029374201787996 0.4157068062827225 0.03384418901660281
13 0.4645549738219895 0.47352490421455934 0.4018638743455497 0.03182630906768838