8 0.53076171875 0.4494163424124514 0.6298828125 0.11543450064850844
13 0.52392578125 0.606355382619974 0.7138671875 0.16731517509727625
13 0.54296875 0.18378728923476004 0.7265625 0.06147859922178988
3 0.53662109375 0.35862516212710766 0.7197265625 0.05188067444876784
13 0.540205078125 0.24506485084306096 0.7255859375 0.06470817120622568
13 0.40478515625 0.7146562905317769 0.4326171875 0.05058365758754864
13 0.565517578125 0.09506485084306096 0.244140625 0.029182879377431907
6 0.5478515625 0.13229571984435798 0.720703125 0.04409857328145266
16 0.2060546875 0.09565499351491569 0.04296875 0.02529182879377432
0 0.80517578125 0.9902723735408561 0.3876953125 0.018158236057068743
17 0.83447265625 0.8365758754863813 0.0810546875 0.02464332036316472
13 0.54052734375 0.29604409857328146 0.7197265625 0.04345006485084306