35 0.586933962264151 0.08029166666666666 0.20540094339622642 0.02763333333333333
31 0.26351415094339625 0.08166666666666667 0.021533018867924532 0.019975
7 0.5814150943396227 0.11700833333333333 0.6573231132075471 0.03285833333333333
17 0.5888561320754717 0.19450833333333334 0.6558608490566037 0.11618333333333332
2 0.37653301886792456 0.31679166666666664 0.06107311320754717 0.053233333333333334
26 0.5763797169811321 0.3416 0.48038915094339624 0.16529166666666667
26 0.5917688679245283 0.45643333333333336 0.5733372641509434 0.0597
26 0.595436320754717 0.5316 0.528313679245283 0.085175
26 0.5915094339622642 0.6070083333333333 0.46320754716981133 0.059116666666666665
26 0.5824292452830189 0.6613666666666667 0.6446462264150943 0.048350000000000004
26 0.5856603773584905 0.7104666666666666 0.5889268867924529 0.04841666666666667
26 0.5869221698113207 0.7729083333333333 0.5129363207547171 0.076125