28 0.2262797619047619 0.08259166666666666 0.06395833333333333 0.034133333333333335
32 0.6001190476190476 0.08405 0.5840773809523809 0.04186666666666667
7 0.5687946428571429 0.12283333333333334 0.776904761904762 0.036866666666666666
17 0.570029761904762 0.20675833333333335 0.7772321428571428 0.10694166666666667
2 0.21376488095238097 0.36995833333333333 0.04538690476190476 0.055799999999999995
23 0.5723660714285714 0.3701583333333333 0.7690029761904762 0.16081666666666666
23 0.4359970238095238 0.48091666666666666 0.4297172619047619 0.05771666666666667
23 0.5727827380952382 0.5601666666666667 0.7591220238095238 0.10240833333333334
23 0.4321577380952381 0.6407166666666667 0.4091517857142857 0.04951666666666667
23 0.5640476190476191 0.695925 0.6879761904761905 0.055275
23 0.5683482142857142 0.7792666666666667 0.7459374999999999 0.11145000000000001