29 0.6524931880108992 0.9055250000000001 0.04604904632152588 0.025566666666666668
22 0.4421934604904632 0.846675 0.7228065395095368 0.096575
22 0.391975476839237 0.7399666666666667 0.6296321525885559 0.08080833333333333
16 0.4337057220708447 0.64565 0.7258174386920981 0.08871666666666667
22 0.43243869209809266 0.5094 0.7141961852861036 0.06828333333333333
22 0.3116076294277929 0.4498083333333333 0.5088555858310627 0.046825
22 0.41565395095367846 0.38115 0.733283378746594 0.09271666666666667
22 0.41694822888283384 0.27901666666666664 0.7381471389645776 0.11388333333333334
22 0.4100817438692098 0.17523333333333332 0.7366485013623979 0.09396666666666667
30 0.41579019073569484 0.11126666666666668 0.33598092643051775 0.023766666666666665
28 0.7508855585831062 0.11068333333333333 0.033133514986376025 0.024825