13 0.65966796875 0.48767885532591415 0.3642578125 0.07710651828298887
13 0.28466796875 0.1573926868044515 0.3662109375 0.05405405405405406
13 0.65869140625 0.3871224165341812 0.3623046875 0.06518282988871224
13 0.66015625 0.31915739268680443 0.36328125 0.04054054054054054
13 0.28466796875 0.10532591414944356 0.3662109375 0.051669316375198726
13 0.2822265625 0.43243243243243246 0.365234375 0.05405405405405406
13 0.28369140625 0.3847376788553259 0.3642578125 0.04133545310015898
13 0.2822265625 0.4972178060413355 0.3671875 0.038950715421303655
13 0.28125 0.6200317965023847 0.361328125 0.02702702702702703
13 0.28173828125 0.5910174880763116 0.3662109375 0.02782193958664547
13 0.658203125 0.43441971383147854 0.361328125 0.029411764705882353
13 0.28515625 0.3120031796502385 0.365234375 0.038950715421303655
13 0.28076171875 0.7412559618441972 0.3623046875 0.029411764705882353
13 0.28173828125 0.5313990461049285 0.3662109375 0.02782193958664547
13 0.65673828125 0.7897456279809221 0.3623046875 0.029411764705882353
13 0.28076171875 0.6661367249602543 0.3642578125 0.028616852146263912
13 0.65966796875 0.2631160572337043 0.3623046875 0.0397456279809221
13 0.2822265625 0.8767885532591415 0.25 0.09062003179650238
13 0.6201171875 0.1379173290937997 0.13671875 0.06915739268680444
13 0.6572265625 0.5782988871224165 0.36328125 0.04054054054054054
13 0.47216796875 0.053656597774244835 0.1591796875 0.021462639109697933
8 0.282861328125 0.2268680445151033 0.13146484375 0.04037360890302067
13 0.6572265625 0.6283783783783784 0.365234375 0.02782193958664547
8 0.27099609375 0.8103338632750398 0.1298828125 0.03911764705882353
13 0.2509765625 0.5532591414944356 0.294921875 0.01589825119236884
13 0.63720703125 0.34737678855325915 0.3115234375 0.01589825119236884
13 0.28515625 0.19276629570747217 0.361328125 0.016693163751987282
13 0.28759765625 0.3394276629570747 0.3564453125 0.01589825119236884
13 0.654296875 0.81120826709062 0.34765625 0.015103338632750398
13 0.25927734375 0.7019077901430842 0.2998046875 0.01589825119236884
13 0.1953125 0.2833863275039746 0.173828125 0.015103338632750398
13 0.6332421875 0.8880683624801272 0.169775390625 0.059459459459459456
13 0.64013671875 0.6923688394276629 0.1767578125 0.0890302066772655
13 0.65966796875 0.22813990461049286 0.3642578125 0.02702702702702703
0 0.8046875 0.989268680445151 0.388671875 0.01987281399046105
13 0.216796875 0.6426868044515104 0.220703125 0.015103338632750398
13 0.5947265625 0.29093799682034976 0.220703125 0.01589825119236884
13 0.18896484375 0.7174085850556439 0.1591796875 0.015103338632750398
13 0.6513671875 0.6065182829888712 0.349609375 0.01589825119236884
13 0.6044921875 0.5349761526232114 0.240234375 0.01589825119236884
13 0.28369140625 0.26310810810810814 0.3681640625 0.023863275039745627
13 0.62353515625 0.08505564387917329 0.1240234375 0.033386327503974564
13 0.6318359375 0.8437996820349761 0.294921875 0.016693163751987282
13 0.22853515625 0.07081081081081081 0.216083984375 0.013322734499205088
13 0.185869140625 0.3551351351351351 0.139873046875 0.013624801271860096
13 0.270517578125 0.46799682034976153 0.309169921875 0.015135135135135135
13 0.165595703125 0.568362480127186 0.100625 0.012694753577106518
13 0.22546875 0.7632114467408585 0.2255859375 0.01426073131955485
13 0.16576171875 0.7779173290937997 0.104853515625 0.013473767885532591
13 0.596220703125 0.8270508744038156 0.214150390625 0.01375993640699523
13 0.617626953125 0.754181240063593 0.125400390625 0.028084260731319553
13 0.553994140625 0.5503736089030207 0.12693359375 0.014960254372019078
13 0.635546875 0.19192368839427662 0.170361328125 0.04028616852146264