27 0.4375398936170212 0.080675 0.07001329787234042 0.031425
23 0.4296276595744681 0.9253333333333335 0.154375 0.033125
23 0.4338297872340426 0.8486250000000001 0.7294547872340424 0.12157499999999999
23 0.423125 0.7290666666666666 0.7149468085106383 0.11999166666666668
23 0.4105984042553191 0.607875 0.686436170212766 0.11796666666666666
23 0.5490159574468085 0.519775 0.46574468085106385 0.05868333333333334
23 0.3032845744680851 0.45897499999999997 0.40269946808510637 0.06050833333333333
23 0.5388829787234043 0.39736666666666665 0.3729122340425532 0.060700000000000004
23 0.42054521276595747 0.323025 0.6994281914893618 0.089575
23 0.4340026595744681 0.23155 0.7401462765957447 0.09066666666666666
23 0.30964095744680853 0.15695833333333334 0.411968085106383 0.05914166666666667
13 0.4383776595744681 0.11091666666666666 0.7558377659574468 0.029125