22 0.488662109375 0.22415654520917677 0.56681640625 0.0656612685560054
13 0.46283203125 0.16353576248313093 0.511904296875 0.05199055330634278
30 0.4955859375 0.11692982456140351 0.2746875 0.026653171390013497
28 0.7709765625 0.11958839406207826 0.037705078125 0.027469635627530364
22 0.4891796875 0.3100134952766532 0.5776171875 0.10242240215924425
22 0.46822265625 0.39195681511470987 0.5319921875 0.0553306342780027
16 0.499833984375 0.5415856950067476 0.618466796875 0.11348178137651822
8 0.504326171875 0.45400134952766535 0.61603515625 0.03020242914979757
22 0.506123046875 0.7001214574898785 0.614765625 0.1786369770580297
29 0.581328125 0.8017881241565452 0.05880859375 0.024352226720647775
29 0.747001953125 0.8033198380566802 0.100439453125 0.02741565452091768
2 0.2419140625 0.6723886639676113 0.076416015625 0.05001349527665318
1 0.805263671875 0.9909581646423751 0.38947265625 0.018076923076923077