1 0.804453125 0.9898443029016278 0.38572265625 0.017685774946921442
30 0.67490234375 0.8891365888181174 0.08732421875 0.033899504600141545
27 0.8056640625 0.052965322009908 0.036826171875 0.02121726822363765
31 0.45236328125 0.047636234961075725 0.246630859375 0.027289455060155697
23 0.39177734375 0.0972965322009908 0.650625 0.06587402689313518
23 0.433466796875 0.1621302193913659 0.731533203125 0.06287331917905166
23 0.320185546875 0.2283085633404105 0.50251953125 0.06787685774946921
23 0.550380859375 0.2898089171974522 0.50009765625 0.055484784147204536
23 0.403935546875 0.3572257607926398 0.674931640625 0.06515215852795471
23 0.44068359375 0.5036659589525831 0.763203125 0.22719745222929935
23 0.4496484375 0.728336871903751 0.763896484375 0.22386411889596602