13 0.55810546875 0.245349583066068 0.6376953125 0.10711994868505452
13 0.55517578125 0.7594611930724824 0.6357421875 0.11545862732520847
13 0.55712890625 0.6151379089159718 0.6337890625 0.09108402822322001
13 0.5546875 0.16901860166773572 0.607421875 0.04939063502245029
13 0.44384765625 0.3659397049390635 0.3779296875 0.04810776138550353
13 0.56201171875 0.12508017960230916 0.3369140625 0.030788967286722257
13 0.439453125 0.6815266196279667 0.3515625 0.04425914047466325
13 0.43603515625 0.3207184092366902 0.3642578125 0.04490057729313662
16 0.26806640625 0.12540089801154586 0.0439453125 0.03399615137908916
0 0.8046875 0.9903784477228993 0.388671875 0.01796023091725465
8 0.55134765625 0.49310455420141114 0.3644921875 0.09722257857601026