8 0.5261157024793388 0.23212005108556832 0.8396340023612751 0.14878671775223498
13 0.48288075560802834 0.834610472541507 0.7414403778040142 0.05108556832694764
13 0.5069775678866588 0.7653256704980843 0.7896221959858323 0.09003831417624521
3 0.5282408500590319 0.1194125159642401 0.8339197166469894 0.04980842911877394
13 0.4002361275088548 0.5252234993614304 0.4793388429752066 0.04533844189016603
16 0.14403778040141677 0.06098339719029374 0.0448642266824085 0.027458492975734355
13 0.5371900826446281 0.06002554278416347 0.4793388429752066 0.02554278416347382
13 0.588547815820543 0.3502554278416347 0.6977567886658795 0.0491698595146871
13 0.5227036599763872 0.4624584929757344 0.8508736717827627 0.08274584929757345
0 0.7638724911452184 0.9904214559386973 0.4675324675324675 0.017879948914431672
13 0.4563164108618654 0.5708812260536399 0.6009445100354192 0.0421455938697318
13 0.5926800472255017 0.6152618135376756 0.5737898465171193 0.04661558109833972
13 0.38783943329397874 0.698595146871009 0.5584415584415584 0.0421455938697318
13 0.46975206611570247 0.6583588761174968 0.7206611570247934 0.04215197956577267
13 0.5224557260920897 0.39807151979565775 0.8436481700118065 0.04940613026819924