27 0.2159656652360515 0.06670000000000001 0.05841201716738197 0.023375
31 0.59310443490701 0.0718 0.6581402002861231 0.04106666666666667
23 0.448969957081545 0.11113333333333335 0.5265808297567954 0.041575
23 0.42240343347639486 0.15710000000000002 0.48203147353361947 0.04215833333333334
23 0.4723032904148784 0.20121666666666668 0.5818311874105865 0.045208333333333336
23 0.7301859799713877 0.25123333333333336 0.46650929899856936 0.05106666666666667
23 0.5300143061516452 0.29635833333333333 0.7144206008583691 0.049291666666666664
23 0.5455078683834048 0.35126666666666667 0.7368383404864091 0.06270833333333334
23 0.5621316165951359 0.43915000000000004 0.7915450643776824 0.11075833333333333
23 0.5566952789699571 0.5659583333333333 0.7828040057224606 0.13473333333333334
23 0.4552074391988555 0.6601333333333333 0.5969957081545064 0.05015833333333333
23 0.579656652360515 0.7075583333333334 0.4681115879828326 0.05284166666666666
23 0.39446351931330476 0.7514583333333333 0.4669241773962804 0.042575
23 0.547310443490701 0.8113083333333334 0.78379113018598 0.07551666666666668
23 0.39309012875536475 0.8663583333333335 0.4770815450643777 0.041575