13 0.44936708860759494 0.756066411238825 0.7238204833141542 0.18007662835249041
13 0.35500575373993093 0.3020434227330779 0.4568469505178366 0.08939974457215837
13 0.4223245109321059 0.1938058748403576 0.7226697353279632 0.13090676883780333
13 0.38722669735327964 0.367816091954023 0.6317606444188723 0.04469987228607918
13 0.41196777905638665 0.4326309067688378 0.5960874568469505 0.08748403575989783
16 0.41139240506329117 0.07343550446998723 0.05408515535097814 0.02554278416347382
13 0.4436133486766398 0.5935504469987228 0.7215189873417721 0.06449553001277139
6 0.3193325661680092 0.10759897828863346 0.4016110471806674 0.044061302681992334
13 0.3486766398158803 0.6471902937420179 0.4234752589182969 0.042784163473818644
0 0.7702416570771001 0.991066411238825 0.4547986191024166 0.015268199233716475
13 0.33097813578826235 0.5383333333333333 0.461415420023015 0.044744572158365255
13 0.3386536248561565 0.498301404853129 0.47708860759493665 0.04571519795657727