28 0.2646065808297568 0.08236666666666667 0.050915593705293284 0.019075
32 0.6043919885550787 0.084125 0.2601144492131616 0.027216666666666663
13 0.5979685264663805 0.162775 0.7295422031473533 0.13455
23 0.5664234620886982 0.25153333333333333 0.662489270386266 0.04143333333333333
23 0.587725321888412 0.39449999999999996 0.7249356223175966 0.24104166666666665
23 0.46679542203147356 0.5279 0.5009298998569385 0.03435833333333333
23 0.6020171673819743 0.5754416666666666 0.4458798283261803 0.041008333333333334
23 0.5372961373390558 0.6276666666666667 0.6419456366237483 0.06140833333333333
23 0.6510300429184549 0.6847083333333334 0.38912732474964234 0.04919166666666667
23 0.6846494992846924 0.72865 0.5079685264663806 0.045283333333333335
23 0.4475393419170243 0.77105 0.46639484978540774 0.04053333333333333
23 0.682203147353362 0.818375 0.5050643776824034 0.05108333333333333