8 0.5004508196721311 0.6267560664112388 0.8451024590163935 0.08492975734355045
13 0.500717213114754 0.8274137931034483 0.8446209016393443 0.18596424010217116
16 0.09784836065573771 0.04310344827586207 0.035860655737704916 0.02362707535121328
13 0.4974385245901639 0.04374201787994891 0.17520491803278687 0.02490421455938697
0 0.7940368852459017 0.9909514687100893 0.41192622950819674 0.018097062579821202
23 0.5035655737704918 0.9373180076628352 0.8391188524590164 0.03461685823754789
23 0.502469262295082 0.5584355044699872 0.7478176229508197 0.025242656449553
13 0.44679303278688526 0.5196424010217113 0.3711577868852459 0.05397828863346105
13 0.48146516393442623 0.4459067688378033 0.4651331967213115 0.09231800766283524
23 0.5775204918032787 0.38839719029374203 0.3782377049180328 0.02502554278416347
13 0.4862397540983606 0.3618518518518518 0.45825819672131146 0.03500638569604087
23 0.49533811475409834 0.32526819923371647 0.8375102459016394 0.0374904214559387
13 0.4546823770491803 0.2622860791826309 0.39788934426229505 0.08816730523627075
13 0.495 0.14019795657726694 0.8421004098360656 0.1542911877394636
23 0.5356967213114754 0.7247190293742019 0.6677561475409837 0.01885057471264368
13 0.4116905737704918 0.698588761174968 0.5948258196721311 0.03477011494252874