13 0.681592039800995 0.6740102171136654 0.42587064676616915 0.05172413793103448
13 0.6925373134328359 0.13569604086845466 0.42587064676616915 0.08237547892720307
13 0.6781094527363184 0.8148148148148148 0.4248756218905473 0.04342273307790549
13 0.22835820895522388 0.2771392081736909 0.4248756218905473 0.05363984674329502
13 0.6796019900497512 0.7458492975734355 0.42388059701492536 0.0421455938697318
13 0.6825870646766169 0.586845466155811 0.42388059701492536 0.031928480204342274
13 0.22885572139303484 0.32088122605363983 0.42388059701492536 0.03384418901660281
13 0.617412935323383 0.5357598978288634 0.28955223880597014 0.024265644955300127
13 0.22587064676616916 0.39687100893997446 0.42388059701492536 0.03384418901660281
13 0.22238805970149253 0.5507662835249042 0.4208955223880597 0.031289910600255426
13 0.6825870646766169 0.508301404853129 0.42388059701492536 0.033205619412515965
13 0.2208955223880597 0.7650063856960408 0.42587064676616915 0.04469987228607918
13 0.2298507462686567 0.20657726692209452 0.42388059701492536 0.042784163473818644
13 0.608457711442786 0.45753512132822477 0.263681592039801 0.02362707535121328
13 0.2218905472636816 0.69029374201788 0.42388059701492536 0.0421455938697318
13 0.21641791044776118 0.8362068965517241 0.4248756218905473 0.03384418901660281
13 0.6796019900497512 0.7803320561941252 0.42388059701492536 0.024265644955300127
13 0.19054726368159203 0.3496168582375479 0.345273631840796 0.02490421455938697
13 0.6074626865671642 0.6360153256704981 0.26965174129353237 0.024265644955300127
13 0.2208955223880597 0.7260536398467433 0.42388059701492536 0.033205619412515965
13 0.14626865671641792 0.6577266922094508 0.2646766169154229 0.024265644955300127
13 0.1407960199004975 0.6340996168582376 0.2537313432835821 0.024265644955300127
13 0.15074626865671642 0.5775862068965517 0.27761194029850744 0.02362707535121328
13 0.14676616915422885 0.2388250319284802 0.2557213930348259 0.022988505747126436
13 0.1407960199004975 0.10919540229885058 0.2417910447761194 0.022988505747126436
13 0.6661691542288557 0.43454661558109836 0.3691542288557214 0.02362707535121328
13 0.2308457711442786 0.13729246487867178 0.42587064676616915 0.033205619412515965
13 0.6104477611940299 0.5593869731800766 0.2716417910447761 0.022988505747126436
13 0.21890547263681592 0.8684546615581098 0.42786069651741293 0.035759897828863345
13 0.6124378109452736 0.08237547892720307 0.24975124378109453 0.022988505747126436
13 0.6383084577114427 0.21264367816091953 0.3174129353233831 0.02554278416347382
13 0.5965174129353233 0.47956577266922096 0.24776119402985075 0.022988505747126436
13 0.6880597014925374 0.29693486590038315 0.4248756218905473 0.033205619412515965
13 0.6149253731343284 0.7120051085568327 0.2845771144278607 0.024265644955300127
13 0.154726368159204 0.8984674329501916 0.2955223880597015 0.02681992337164751
13 0.22487562189054727 0.4386973180076628 0.42388059701492536 0.05236270753512133
13 0.2228855721393035 0.6053639846743295 0.4218905472636816 0.034482758620689655
13 0.6880597014925374 0.23978288633461048 0.4208955223880597 0.031289910600255426
13 0.6865671641791045 0.3793103448275862 0.42388059701492536 0.08684546615581099
8 0.2298507462686567 0.17049808429118773 0.37213930348258706 0.03065134099616858
13 0.5960199004975124 0.6133461047254151 0.24875621890547264 0.0210727969348659
6 0.23034825870646766 0.0801404853128991 0.4248756218905473 0.03384418901660281
16 0.8965174129353234 0.06417624521072797 0.015920398009950248 0.018518518518518517
13 0.6203980099502487 0.8486590038314177 0.2935323383084577 0.022988505747126436
13 0.617412935323383 0.32407407407407407 0.2796019900497512 0.02362707535121328
13 0.1438308457711443 0.5258620689655172 0.24169154228855722 0.01979565772669221
13 0.14577114427860696 0.5057471264367817 0.2676616915422886 0.021711366538952746
13 0.6044776119402985 0.8952745849297573 0.25771144278606967 0.02554278416347382
13 0.46015920398009946 0.056743295019157085 0.47825870646766167 0.0202234993614304
13 0.14289552238805972 0.37106002554278417 0.22120398009950248 0.01699233716475096
8 0.22759203980099502 0.48021072796934866 0.24929353233830845 0.026417624521072797
8 0.21392039800995025 0.8043422733077905 0.3329651741293532 0.026973180076628352
13 0.5963383084577115 0.8709961685823755 0.22175124378109454 0.019782886334610474
13 0.6184278606965173 0.2685887611749681 0.24777114427860697 0.02243933588761175
13 0.6099701492537313 0.1890229885057471 0.2308457711442786 0.01834610472541507
0 0.7997512437810945 0.9923180076628353 0.40049751243781095 0.015363984674329501