13 0.4106334841628959 0.41762452107279696 0.6153846153846154 0.07790549169859515
13 0.41289592760180993 0.29661558109833974 0.6199095022624435 0.07598978288633461
13 0.415158371040724 0.22924648786717752 0.6176470588235294 0.06002554278416347
8 0.4089366515837104 0.6021711366538953 0.6142533936651584 0.1136653895274585
13 0.37839366515837103 0.35791826309067687 0.498868778280543 0.044061302681992334
13 0.4061085972850679 0.7132822477650064 0.6131221719457014 0.08684546615581099
13 0.42194570135746606 0.4792464878671775 0.5927601809954751 0.044061302681992334
13 0.4078054298642534 0.17592592592592593 0.5599547511312217 0.04533844189016603
6 0.4145927601809955 0.13441890166028098 0.6187782805429864 0.037675606641123884
13 0.4157239819004525 0.10025542784163474 0.2680995475113122 0.02554278416347382
0 0.7748868778280543 0.9910600255427842 0.4479638009049774 0.016602809706257982
16 0.7019230769230769 0.10472541507024266 0.03733031674208145 0.021711366538952746
3 0.4064027149321267 0.526704980842912 0.6107239819004525 0.022624521072796933