3 0.46875 0.8499361430395913 0.10625 0.070242656449553
13 0.46848958333333335 0.3556832694763729 0.80665625 0.14303959131545338
15 0.9192708333333334 0.23978288633461048 0.10729166666666666 0.0491698595146871
13 0.46659375000000003 0.6031289910600255 0.7918125 0.14367816091954022
13 0.4695520833333333 0.47956577266922096 0.79215625 0.10472541507024266
13 0.4161458333333333 0.17624521072796934 0.715625 0.06385696040868455
16 0.8385416666666666 0.09035759897828863 0.052083333333333336 0.030012771392081736
13 0.46822916666666664 0.24776500638569604 0.7364583333333333 0.07535121328224777
6 0.42291666666666666 0.12292464878671776 0.71875 0.038952745849297574
13 0.4348958333333333 0.08365261813537675 0.721875 0.035759897828863345
0 0.7911458333333333 0.9910600255427842 0.4114583333333333 0.016602809706257982