11 0.5041741071428572 0.783483709273183 0.8266964285714286 0.09969924812030076
8 0.5 0.05137844611528822 0.17410714285714285 0.02756892230576441
11 0.5077678571428571 0.695187969924812 0.8176339285714286 0.07487468671679198
6 0.47566964285714286 0.13458646616541353 0.7638169642857143 0.12882205513784462
8 0.5 0.3927443609022557 0.5 0.07164160401002506
16 0.11607142857142858 0.05325814536340852 0.04017857142857143 0.023809523809523808
0 0.5548883928571429 0.982593984962406 0.8902232142857143 0.03482456140350877
11 0.5052678571428572 0.642155388471178 0.8211160714285715 0.03156641604010025
11 0.46457589285714285 0.6189724310776943 0.6853125 0.0218796992481203
13 0.3931473214285714 0.5612406015037594 0.5990848214285714 0.054285714285714284
13 0.41872767857142856 0.48921052631578943 0.6437053571428571 0.0898872180451128
13 0.4359821428571428 0.24483709273182958 0.6825892857142858 0.08719298245614035