26 0.49888043478260874 0.853742017879949 0.8068152173913044 0.11812899106002554
35 0.4931739130434783 0.06266283524904215 0.42391304347826086 0.030357598978288634
26 0.45126086956521744 0.6254597701149426 0.6362934782608696 0.056257982120051085
26 0.41941304347826086 0.5681417624521073 0.5684021739130434 0.054750957854406125
26 0.4292717391304348 0.3944061302681992 0.587554347826087 0.05068965517241379
26 0.49544565217391306 0.45366538952745855 0.7384347826086957 0.0578735632183908
7 0.49141304347826087 0.12383780332056195 0.7954130434782608 0.04941890166028097
31 0.8755000000000001 0.06804597701149426 0.04577173913043478 0.0313154533844189
-1 0.7748586956521739 0.9226309067688377 0.034141304347826085 0.023358876117496805
26 0.457 0.5083780332056194 0.6545217391304348 0.05137292464878672
26 0.4985434782608696 0.7323243933588761 0.8004021739130435 0.1278544061302682
1 0.7826630434782608 0.9909450830140485 0.42551086956521744 0.012388250319284802
2 0.13522826086956521 0.36357598978288636 0.06889130434782609 0.05436781609195402
26 0.37825000000000003 0.3241890166028097 0.5666086956521739 0.08371647509578543
17 0.4984130434782609 0.21544699872286077 0.7339021739130436 0.096213282247765