23 0.5508852005532504 0.8398083333333333 0.6990871369294606 0.0946
23 0.6661134163208853 0.7708833333333333 0.3498478561549101 0.043408333333333333
23 0.5335408022130014 0.715075 0.6555463347164592 0.06776666666666666
2 0.24059474412171505 0.72055 0.06524204702627939 0.04538333333333333
17 0.5559612724757953 0.6397916666666666 0.4680774550484094 0.08249166666666666
23 0.48824343015214383 0.5106 0.5560995850622407 0.06672499999999999
23 0.4396957123098202 0.4554583333333333 0.4590179806362379 0.04441666666666667
23 0.5705117565698479 0.41006666666666663 0.7228492392807746 0.04695833333333333
23 0.5738450899031812 0.3448333333333333 0.7339280774550484 0.047125
23 0.560982019363762 0.2990333333333333 0.3873997233748271 0.04484166666666667
2 0.25435684647302903 0.2518666666666667 0.08612724757952975 0.043816666666666663
23 0.5748962655601659 0.24299166666666663 0.7338312586445366 0.06474166666666667
17 0.5767358229598893 0.17305833333333331 0.7397372060857539 0.07283333333333333
31 0.5912033195020747 0.059533333333333334 0.492088520055325 0.023091666666666667
27 0.2265560165975104 0.060899999999999996 0.03936376210235132 0.018175