8 0.48170781893004117 0.18559386973180075 0.8061419753086421 0.17195402298850573
13 0.7037037037037037 0.7819284802043422 0.411522633744856 0.04533844189016603
14 0.11625514403292181 0.954661558109834 0.07818930041152264 0.035759897828863345
8 0.4876543209876543 0.5874840357598978 0.26337448559670784 0.02681992337164751
14 0.04989711934156379 0.9284802043422733 0.07304526748971193 0.0421455938697318
13 0.2726337448559671 0.8962324393358876 0.4094650205761317 0.04533844189016603
13 0.6965020576131687 0.8633461047254151 0.39711934156378603 0.04342273307790549
13 0.6316872427983539 0.8231162196679438 0.2654320987654321 0.033205619412515965
2 0.12757201646090535 0.21455938697318008 0.205761316872428 0.1277139208173691
13 0.73559670781893 0.7062579821200511 0.26337448559670784 0.03065134099616858
3 0.4784670781893004 0.07822477650063857 0.8314300411522634 0.032567049808429116
23 0.47644032921810703 0.4166666666666667 0.5927880658436214 0.2164750957854406
23 0.48459876543209873 0.53757343550447 0.2684670781893004 0.015983397190293742
23 0.4876337448559671 0.6176181353767561 0.8360905349794239 0.02742017879948914
8 0.2737037037037037 0.6496743295019157 0.21291152263374485 0.020300127713920816
13 0.2733127572016461 0.70514687100894 0.4123456790123457 0.0781992337164751
8 0.2711728395061728 0.7886015325670498 0.1858744855967078 0.04204342273307791
13 0.27401234567901234 0.8427458492975735 0.41128600823045264 0.06091315453384419
0 0.7936008230452675 0.990632183908046 0.412798353909465 0.018742017879948916
13 0.635545267489712 0.9020114942528735 0.2744341563786008 0.02665389527458493
13 0.6202674897119341 0.7393358876117496 0.24637860082304525 0.023148148148148147
13 0.681604938271605 0.6666475095785441 0.37030864197530866 0.042745849297573434
13 0.4916255144032922 0.9323946360153258 0.0945164609053498 0.02346743295019157