1 0.7967044284243049 0.9911621966794381 0.4007312049433574 0.014706257982120052
26 0.6630278063851699 0.7458939974457215 0.6451287332646756 0.08824393358876118
31 0.34734294541709576 0.05192848020434227 0.0629351184346035 0.015766283524904216
35 0.6345520082389289 0.048148148148148155 0.30065911431513903 0.016296296296296295
26 0.5986199794026776 0.07383780332056193 0.5011843460350154 0.025900383141762455
26 0.6475489186405767 0.12556832694763728 0.6557775489186406 0.07756704980842911
26 0.6532543769309989 0.19304597701149426 0.6444799176107106 0.05723499361430395
26 0.6498455200823893 0.24717113665389526 0.6514830072090628 0.052950191570881225
26 0.6488774459320288 0.3173690932311622 0.6470854788877446 0.0877139208173691
26 0.6528630278063852 0.39554278416347377 0.6473532440782699 0.08074074074074074
26 0.6560762100926879 0.5057151979565773 0.6440885684860967 0.13976372924648786
26 0.6556127703398559 0.5996807151979566 0.6412049433573636 0.05660280970625798
26 0.6122451081359424 0.639125159642401 0.4903913491246138 0.025881226053639846
26 0.6579299691040165 0.6775606641123882 0.6361483007209063 0.05460408684546616