13 0.7670575692963753 0.18710089399744573 0.3656716417910448 0.17496807151979565
13 0.7670575692963753 0.35823754789272033 0.3678038379530917 0.10600255427841634
13 0.36673773987206826 0.5217113665389528 0.36886993603411516 0.0421455938697318
13 0.36673773987206826 0.7678799489144317 0.36673773987206826 0.0913154533844189
13 0.36673773987206826 0.4610472541507024 0.36673773987206826 0.07918263090676884
13 0.3699360341151386 0.1277139208173691 0.36886993603411516 0.06002554278416347
13 0.36673773987206826 0.564176245210728 0.36673773987206826 0.044061302681992334
13 0.3246268656716418 0.3061941251596424 0.25906183368869934 0.031289910600255426
13 0.3208955223880597 0.1756066411238825 0.2537313432835821 0.033205619412515965
13 0.31609808102345416 0.2413793103448276 0.2484008528784648 0.03065134099616858
13 0.31023454157782515 0.3387611749680715 0.232409381663113 0.030012771392081736
13 0.31236673773987206 0.2739463601532567 0.2302771855010661 0.031928480204342274
13 0.3646055437100213 0.6090613026819923 0.36886993603411516 0.042413793103448276
13 0.7639125799573561 0.7817241379310346 0.3572494669509595 0.042375478927203065
13 0.5692963752665245 0.08141762452107279 0.3411513859275053 0.030012771392081736
13 0.31396588486140725 0.20977011494252873 0.2420042643923241 0.032567049808429116
13 0.3091684434968017 0.37005108556832694 0.2537313432835821 0.030012771392081736
13 0.32142857142857145 0.8330140485312899 0.25692963752665243 0.0351213282247765
13 0.7649253731343284 0.2905491698595147 0.35287846481876334 0.02937420178799489
13 0.7633262260127932 0.7397828863346104 0.36673773987206826 0.040229885057471264
13 0.36673773987206826 0.6609961685823754 0.36886993603411516 0.05603448275862069
16 0.20575692963752665 0.08237547892720307 0.03411513859275053 0.024265644955300127
13 0.7649253731343284 0.8269476372924649 0.3678038379530917 0.04342273307790549
3 0.7654584221748401 0.6436781609195402 0.36673773987206826 0.0140485312899106
13 0.7654584221748401 0.44741379310344825 0.36673773987206826 0.0655874840357599
13 0.30863539445628996 0.40229885057471265 0.2484008528784648 0.033205619412515965
8 0.761727078891258 0.6839016602809707 0.31663113006396587 0.04854406130268199
13 0.30863539445628996 0.7053001277139208 0.22707889125799574 0.028735632183908046
13 0.746268656716418 0.6091954022988506 0.3091684434968017 0.02937420178799489
0 0.7869722814498933 0.9916219667943806 0.426044776119403 0.01644955300127714
13 0.7643923240938166 0.5725798212005109 0.36215351812366736 0.04031928480204342
13 0.7654477611940299 0.5303448275862069 0.36634328358208956 0.041787994891443164
13 0.7031130063965885 0.4935185185185185 0.2125692963752665 0.021698595146871006