27 0.2897163120567376 0.11954166666666666 0.017210401891252957 0.015274999999999999
31 0.5248817966903073 0.12026666666666666 0.3846690307328605 0.020466666666666664
23 0.5092553191489362 0.19984166666666667 0.4598345153664302 0.13923333333333335
23 0.5180023640661938 0.285925 0.4808628841607565 0.03208333333333333
24 0.2532387706855792 0.24094166666666667 0.034692671394799056 0.045491666666666666
7 0.5218321513002364 0.3259916666666667 0.47966903073286055 0.019466666666666667
17 0.5187943262411348 0.37904166666666667 0.48423167848699766 0.061625
2 0.2928486997635934 0.475 0.02524822695035461 0.03596666666666666
23 0.519113475177305 0.4556666666666666 0.4813238770685579 0.06482500000000001
23 0.5218085106382978 0.5121166666666667 0.47784869976359334 0.04859166666666667
23 0.5187470449172576 0.5686916666666666 0.48057919621749406 0.06424166666666667
23 0.5179432624113475 0.6243833333333333 0.48251773049645386 0.049133333333333334
23 0.5168557919621749 0.6720916666666666 0.4821158392434988 0.04750833333333333