30 0.7808344923504867 0.8924833333333333 0.05146036161335188 0.021808333333333336
32 0.7655910987482615 0.7826083333333334 0.1983866481223922 0.12006666666666668
2 0.12681502086230878 0.5316083333333332 0.049763560500695414 0.039525
17 0.44478442280945757 0.45376666666666665 0.621808066759388 0.05486666666666667
31 0.44344923504867867 0.09595833333333334 0.5267037552155772 0.024158333333333334
27 0.7658692628650904 0.09809166666666666 0.04204450625869263 0.01865
13 0.44176634214186367 0.15038333333333334 0.6932545201668985 0.08333333333333333
23 0.41394993045897077 0.2323083333333333 0.6348817802503477 0.0794
20 0.44522948539638385 0.3933333333333333 0.6960917941585536 0.04156666666666667
23 0.42958275382475664 0.324125 0.6580111265646732 0.10179166666666667
23 0.4494436717663421 0.542125 0.6977329624478442 0.10965000000000001
23 0.44294853963838665 0.6680083333333333 0.6820166898470097 0.140475
23 0.38602225312934635 0.809075 0.562712100139082 0.14022500000000002