1 0.8049071358748777 0.9914431673052362 0.3854740957966764 0.013908045977011495
34 0.6841642228739002 0.8702809706257981 0.10997067448680352 0.0372669220945083
35 0.43743890518084066 0.03482758620689655 0.38235581622678394 0.04073435504469987
31 0.8531867057673509 0.046807151979565774 0.06651026392961877 0.03577266922094508
7 0.4591104594330401 0.13061941251596423 0.8436363636363636 0.06633461047254151
17 0.46143695014662756 0.20296934865900385 0.6394330400782013 0.03885057471264368
17 0.4635288367546432 0.36334610472541506 0.8375366568914956 0.1468199233716475
2 0.11642228739002931 0.5925862068965517 0.13587487781036167 0.08066411238825032
26 0.46602150537634407 0.591353767560664 0.8499902248289345 0.23088122605363984
26 0.4670674486803519 0.7442017879948915 0.8495894428152493 0.0773882503192848
26 0.4576930596285435 0.8206385696040868 0.830850439882698 0.07395274584929758