13 0.41015625 0.6115434500648509 0.650390625 0.10116731517509728
13 0.4130859375 0.7512970168612192 0.658203125 0.07976653696498054
13 0.38623046875 0.29831387808041504 0.6044921875 0.07782101167315175
6 0.392578125 0.1857976653696498 0.623046875 0.1511024643320363
13 0.40380859375 0.4727626459143969 0.6357421875 0.07392996108949416
13 0.38720703125 0.41115434500648507 0.6044921875 0.05058365758754864
13 0.341796875 0.36186770428015563 0.513671875 0.05058365758754864
13 0.365234375 0.5363164721141375 0.5625 0.05188067444876784
13 0.2978515625 0.6864461738002594 0.427734375 0.051232166018158234
13 0.39306640625 0.0966277561608301 0.1650390625 0.027237354085603113
16 0.72216796875 0.09889753566796368 0.0361328125 0.023994811932555125
0 0.80517578125 0.9896238651102465 0.3876953125 0.019455252918287938