13 0.5187891440501043 0.5507662835249042 0.6534446764091858 0.07471264367816093
13 0.5193110647181628 0.48659003831417624 0.6544885177453027 0.05491698595146871
13 0.5135699373695198 0.7940613026819924 0.6555323590814196 0.07854406130268199
13 0.5213987473903967 0.43167305236270753 0.6524008350730689 0.05747126436781609
13 0.5109603340292276 0.38058748403575987 0.5876826722338204 0.04086845466155811
13 0.5182672233820459 0.7238186462324393 0.6524008350730689 0.05810983397190294
13 0.5182672233820459 0.6634738186462324 0.6524008350730689 0.05747126436781609
13 0.407098121085595 0.6114303959131545 0.3945720250521921 0.042784163473818644
13 0.42275574112734865 0.33684546615581096 0.3966597077244259 0.038952745849297574
8 0.5187891440501043 0.2471264367816092 0.6033402922755741 0.06002554278416347
16 0.5260960334029228 0.08812260536398467 0.07724425887265135 0.024265644955300127
0 0.7901878914405011 0.9897828863346104 0.4154488517745303 0.019157088122605363
13 0.4024008350730689 0.2991698595146871 0.35803757828810023 0.037675606641123884
13 0.5230584551148225 0.18898467432950192 0.6525574112734864 0.03840357598978289
6 0.5506576200417537 0.13639208173690934 0.48876826722338207 0.0682183908045977