0 0.7675381008206331 0.9895977011494254 0.46328253223915594 0.019412515964240103
7 0.45861664712778427 0.08532567049808429 0.5082180539273153 0.016417624521072798
7 0.5775967174677609 0.11433588761174969 0.7514185228604924 0.03729885057471264
7 0.4524618991793669 0.146602809706258 0.5063892145369284 0.017579821200510857
7 0.4541500586166471 0.1651021711366539 0.5150175849941383 0.017439335887611748
7 0.49849941383352875 0.18448275862068964 0.6011019929660023 0.017656449553001278
7 0.46196951934349356 0.2053831417624521 0.5332825322391559 0.01660919540229885
7 0.48077373974208676 0.22554916985951468 0.5682766705744432 0.019814814814814816
7 0.4756975381008206 0.24542784163473816 0.5607385697538101 0.016724137931034482
7 0.5418757327080891 0.2641315453384419 0.693094958968347 0.01842911877394636
7 0.5715240328253224 0.29366538952745846 0.7550058616647127 0.03751596424010217
7 0.5709730363423212 0.33308429118773947 0.7591559202813598 0.03779693486590038
7 0.46135990621336465 0.3640549169859515 0.5347010550996484 0.018333333333333333