13 0.34423828125 0.7371362433862434 0.4033203125 0.06276455026455027
13 0.75830078125 0.44113756613756616 0.4013671875 0.041005291005291
13 0.75244140625 0.8343253968253969 0.4013671875 0.05886243386243386
8 0.34765625 0.3759656084656085 0.12109375 0.029821428571428575
13 0.33056640625 0.2337962962962963 0.3603515625 0.02447089947089947
13 0.34716796875 0.31216931216931215 0.4033203125 0.082010582010582
13 0.2978515625 0.25793650793650796 0.302734375 0.02513227513227513
13 0.75927734375 0.20601851851851852 0.4072265625 0.03902116402116402
13 0.75341796875 0.7873677248677249 0.4013671875 0.03505291005291005
13 0.75390625 0.7443783068783069 0.404296875 0.04828042328042328
13 0.76123046875 0.1388888888888889 0.4013671875 0.047619047619047616
13 0.3447265625 0.8148677248677249 0.400390625 0.05246031746031746
13 0.3447265625 0.6329365079365079 0.40234375 0.041005291005291
13 0.72705078125 0.6183862433862434 0.3388671875 0.023809523809523808
6 0.3505859375 0.09259259259259259 0.40234375 0.03835978835978836
13 0.75634765625 0.49503968253968256 0.4033203125 0.02976190476190476
13 0.34716796875 0.45282407407407405 0.3994140625 0.030859788359788358
13 0.7578125 0.3296957671957672 0.404296875 0.03902116402116402
13 0.35009765625 0.18088624338624337 0.4052734375 0.08002645502645503
13 0.345703125 0.5628306878306878 0.3984375 0.03306878306878307
13 0.7568359375 0.5300925925925926 0.404296875 0.03902116402116402
13 0.6865234375 0.267526455026455 0.251953125 0.02447089947089947
16 0.55615234375 0.06183862433862434 0.0732421875 0.01521164021164021
13 0.34423828125 0.595568783068783 0.4013671875 0.032407407407407406
13 0.261533203125 0.8512367724867724 0.204814453125 0.01667989417989418
13 0.73681640625 0.6822089947089947 0.3564453125 0.02447089947089947
13 0.67552734375 0.387989417989418 0.209765625 0.01507936507936508
13 0.29443359375 0.125 0.2861328125 0.02513227513227513
13 0.75927734375 0.2414021164021164 0.4052734375 0.03306878306878307
13 0.68798828125 0.5611772486772487 0.2587890625 0.02447089947089947
13 0.7578125 0.36474867724867727 0.404296875 0.02976190476190476
13 0.75927734375 0.4083994708994709 0.3974609375 0.02447089947089947
13 0.677099609375 0.08869708994708995 0.217490234375 0.020317460317460317
0 0.8046875 0.9900793650793651 0.388671875 0.018518518518518517
13 0.2763671875 0.4808201058201058 0.2578125 0.02513227513227513
13 0.279658203125 0.7788425925925925 0.237568359375 0.018895502645502646
13 0.673349609375 0.4709391534391534 0.206123046875 0.015787037037037037
13 0.2675 0.5221296296296296 0.213466796875 0.015522486772486771
13 0.264404296875 0.40690476190476194 0.205048828125 0.022195767195767196
13 0.296669921875 0.42843253968253964 0.26728515625 0.01865079365079365
13 0.272392578125 0.5376785714285715 0.223310546875 0.017096560846560846
13 0.262451171875 0.504457671957672 0.2034375 0.017685185185185186
13 0.262431640625 0.6639550264550265 0.202255859375 0.01558201058201058
13 0.26625 0.6796428571428571 0.213310546875 0.016746031746031745
13 0.27123046875 0.6963359788359788 0.2244140625 0.018227513227513228
13 0.676083984375 0.10670634920634921 0.2041796875 0.016243386243386244
13 0.67611328125 0.17335317460317462 0.206611328125 0.01761904761904762
13 0.757900390625 0.2952645502645503 0.399501953125 0.028121693121693124
13 0.7548046875 0.589292328042328 0.398056640625 0.029219576719576718
13 0.6857421875 0.6398148148148148 0.238544921875 0.016164021164021165
13 0.67322265625 0.6581415343915344 0.214296875 0.01921957671957672
13 0.6727734375 0.7071759259259259 0.212607421875 0.022552910052910054