27 0.8186146682188592 0.09335249042145594 0.022619324796274737 0.01872286079182631
1 0.7672875436554133 0.991168582375479 0.4574155995343423 0.013659003831417625
30 0.6771827706635624 0.882375478927203 0.09690337601862631 0.029687100893997447
2 0.2227590221187427 0.8492464878671776 0.1181024447031432 0.057011494252873565
23 0.5208560973403547 0.8206923962779256 0.7624888940476774 0.12177220969573122
23 0.5891124209984628 0.7211022886364314 0.614984400591871 0.07507278927014593
17 0.5161025039935753 0.6165007871547508 0.6066264834092454 0.12459311175946775
7 0.512627864265967 0.5233717717183723 0.7476333558557664 0.06947513839236541
23 0.3990223495168979 0.4389483053465177 0.545822524109 0.11743537939252535
23 0.4842918866160436 0.2912348349768302 0.7576190321900642 0.18740601536478194
13 0.42669872696112976 0.15504904221456153 0.6512512322403962 0.10420166927612479
31 0.45494750322792776 0.09577943689713297 0.5792541928395019 0.044749318564132404