13 0.70263671875 0.7098479841374752 0.3837890625 0.1533377395902181
13 0.30322265625 0.6239259748843358 0.3857421875 0.12425644415069398
13 0.70263671875 0.833773959021811 0.3837890625 0.08393919365499009
13 0.701171875 0.4712491738268341 0.384765625 0.08195637805684071
13 0.3046875 0.8274950429610046 0.38671875 0.09781890284203569
13 0.7001953125 0.38697951090548577 0.3828125 0.08261731658955718
13 0.3017578125 0.39689358889623266 0.384765625 0.05485789821546596
13 0.69970703125 0.3076668869795109 0.3857421875 0.0680766688697951
13 0.3017578125 0.34038334434897555 0.3828125 0.054196959682749506
13 0.70166015625 0.5951751487111698 0.3857421875 0.0667547918043622
13 0.30224609375 0.5320555188367482 0.3857421875 0.054196959682749506
13 0.7001953125 0.5356906807666887 0.373046875 0.0403172504957039
13 0.28173828125 0.29081295439524124 0.3388671875 0.03965631196298744
13 0.69775390625 0.17863846662260408 0.3857421875 0.17941176470588235
13 0.29638671875 0.7551222736285526 0.3642578125 0.038995373430270985
13 0.30322265625 0.25049570389953735 0.3818359375 0.038334434897554524
13 0.298828125 0.1844018506278916 0.38671875 0.08327825512227363
16 0.49560546875 0.0680766688697951 0.0712890625 0.02247191011235955
13 0.30517578125 0.7128222075346993 0.3798828125 0.0403172504957039
13 0.298349609375 0.11370786516853933 0.383720703125 0.04895571711830799
8 0.3046875 0.4689358889623265 0.33203125 0.056179775280898875
0 0.803515625 0.9897290152015863 0.392978515625 0.020541969596827494