8 0.5372460496613995 0.6096491228070176 0.744920993227991 0.09649122807017543
13 0.5217607223476297 0.19736842105263158 0.8530699774266366 0.14411027568922305
13 0.5452144469525959 0.7412280701754386 0.8427539503386003 0.13909774436090225
13 0.5305417607223476 0.3991228070175439 0.8553047404063205 0.08647869674185464
13 0.5280135440180587 0.31390977443609025 0.8533634311512416 0.08897243107769423
1 0.17155756207674944 0.7468671679197995 0.1038374717832957 0.05764411027568922
13 0.5662979683972912 0.8414786967418546 0.8075169300225734 0.06390977443609022
3 0.5314672686230248 0.5325814536340853 0.8468171557562076 0.03759398496240601
13 0.5196613995485327 0.08333333333333333 0.8575846501128669 0.08897243107769423
16 0.10496613995485328 0.02944862155388471 0.029345372460496615 0.02882205513784461
13 0.6228668171557562 0.023182957393483708 0.5510835214446953 0.03634085213032581
0 0.5532054176072234 0.9824561403508771 0.8935891647855531 0.03508771929824561
23 0.5661173814898419 0.4686215538847118 0.7776975169300225 0.05279448621553885