30 0.9014345403899722 0.8890333333333332 0.052827298050139276 0.022099999999999998
23 0.5437465181058496 0.8550083333333334 0.6636768802228412 0.06647499999999999
23 0.5044707520891365 0.8011666666666667 0.581991643454039 0.04358333333333333
23 0.5277298050139276 0.7460833333333333 0.6313927576601671 0.06318333333333333
23 0.5297632311977716 0.6791083333333333 0.6415738161559889 0.06098333333333334
23 0.5641782729805014 0.6136666666666667 0.7058217270194985 0.06513333333333333
23 0.5534958217270195 0.5587416666666667 0.2366991643454039 0.043958333333333335
23 0.4495961002785515 0.5151583333333334 0.48697771587743727 0.038891666666666665
23 0.5571448467966573 0.44021666666666665 0.7156406685236769 0.11131666666666667
23 0.527966573816156 0.2766 0.6789693593314763 0.2159083333333333
13 0.544874651810585 0.12234166666666667 0.7148328690807799 0.08786666666666666
27 0.20735376044568243 0.069925 0.0416016713091922 0.020058333333333334
31 0.5580083565459609 0.06417500000000001 0.18778551532033427 0.020541666666666666