0 0.8006993006993007 0.9904214559386973 0.3946053946053946 0.017879948914431672
6 0.6428571428571429 0.13569604086845466 0.34665334665334663 0.05172413793103448
13 0.27972027972027974 0.8189655172413793 0.34565434565434566 0.1040868454661558
8 0.6493506493506493 0.6819157088122606 0.23376623376623376 0.048684546615581095
13 0.2742257742257742 0.4530395913154534 0.34665334665334663 0.13351213282247765
8 0.2757242757242757 0.7168390804597701 0.16583416583416583 0.03757982120051086
13 0.6473526473526473 0.5196871008939975 0.34765234765234765 0.02703703703703704
8 0.26723276723276723 0.3732439335887612 0.1108891108891109 0.0210727969348659
13 0.6548451548451548 0.5405491698595147 0.33266733266733267 0.015964240102171137
13 0.6443556443556444 0.43614303959131545 0.34765234765234765 0.0280970625798212
13 0.561938061938062 0.48499361430395915 0.13686313686313686 0.014687100893997445
13 0.6228771228771228 0.334610472541507 0.2627372627372627 0.01532567049808429
13 0.6313686313686314 0.4709450830140485 0.2777222777222777 0.014687100893997445
13 0.6493506493506493 0.6088761174968071 0.34765234765234765 0.06577266922094509
13 0.6443556443556444 0.2584355044699872 0.34765234765234765 0.02718390804597701
13 0.6443556443556444 0.3614303959131545 0.34765234765234765 0.038314176245210725
16 0.8046953046953047 0.09642401021711366 0.01898101898101898 0.016602809706257982
13 0.6383616383616384 0.5686462324393359 0.2857142857142857 0.014687100893997445
13 0.5844155844155844 0.31960408684546615 0.18581418581418582 0.014687100893997445
13 0.2722277722277722 0.1277139208173691 0.24075924075924077 0.031928480204342274
13 0.2707292707292707 0.7432950191570882 0.2897102897102897 0.016602809706257982
13 0.6448551448551448 0.2998084291187739 0.34465534465534464 0.027458492975734355
13 0.6493506493506493 0.725095785440613 0.34565434565434566 0.028735632183908046
13 0.6418581418581418 0.17460408684546616 0.34665334665334663 0.02608556832694764
13 0.25774225774225773 0.17592592592592593 0.16183816183816183 0.06066411238825032
13 0.2596603396603397 0.23756066411238824 0.15721278721278723 0.06017879948914431
13 0.2667832167832168 0.29673052362707536 0.17014985014985015 0.059003831417624525
23 0.273996003996004 0.3396487867177522 0.3425774225774226 0.024482758620689656
8 0.2735464535464535 0.5404661558109835 0.15124875124875126 0.013077905491698596
9 0.27075924075924074 0.6107726692209451 0.2714685314685315 0.12259897828863346
23 0.3095704295704296 0.6789144316730524 0.22999999999999998 0.012375478927203065
13 0.22756243756243755 0.7586206896551724 0.19513486513486514 0.01516602809706258
15 0.5567532467532467 0.8615708812260536 0.1178921078921079 0.00979565772669221
15 0.5534465534465535 0.8492145593869731 0.10943056943056943 0.010689655172413793
13 0.6505094905094905 0.8191060025542785 0.3407992007992008 0.024680715197956577
13 0.6525474525474526 0.785389527458493 0.3448751248751249 0.03851851851851852
13 0.6497402597402597 0.7542017879948913 0.3379220779220779 0.02467432950191571
13 0.5718681318681319 0.5545466155810983 0.14999000999000997 0.013927203065134099
13 0.6032267732267733 0.19587484035759897 0.22442557442557443 0.014144316730523626
13 0.6480719280719281 0.21004469987228608 0.3103396603396603 0.014738186462324393
13 0.6435364635364634 0.23022988505747127 0.34025974025974026 0.02660280970625798
13 0.5432167832167832 0.27914431673052365 0.09937062937062938 0.012547892720306512
13 0.6468831168831168 0.39471264367816095 0.3456843156843157 0.02748403575989783
13 0.567082917082917 0.4563665389527458 0.14334665334665336 0.014157088122605365
13 0.6045454545454545 0.4995849297573436 0.2195104895104895 0.013793103448275864
13 0.45404595404595405 0.09993614303959132 0.2127872127872128 0.02362707535121328