31 0.7067933130699088 0.8567083333333333 0.1072340425531915 0.031033333333333336
20 0.47449848024316116 0.7892583333333334 0.379209726443769 0.03280833333333333
28 0.8611246200607903 0.05090833333333333 0.04338905775075988 0.029258333333333334
32 0.47869300911854107 0.05015 0.37670212765957445 0.029900000000000003
23 0.44335866261398177 0.09089166666666666 0.24613981762917933 0.04206666666666666
23 0.47920972644376897 0.2637 0.8296048632218845 0.298675
23 0.31253799392097265 0.43398333333333333 0.5022644376899696 0.04525
23 0.5955927051671732 0.478125 0.577082066869301 0.045858333333333334
23 0.3089969604863222 0.5258333333333334 0.49680851063829784 0.05101666666666667
23 0.47414893617021275 0.5827666666666667 0.8244376899696049 0.07051666666666667
23 0.521595744680851 0.638675 0.45858662613981765 0.044275
23 0.47126139817629176 0.6967916666666667 0.8236170212765959 0.07203333333333334