16 0.8621867881548975 0.08646616541353383 0.05239179954441914 0.03508771929824561
16 0.12300683371298406 0.08583959899749373 0.15034168564920272 0.02882205513784461
0 0.5439407744874715 0.9833458646616542 0.9121412300683371 0.03329573934837093
13 0.474373576309795 0.08493734335839599 0.13808656036446468 0.02025062656641604
13 0.4426879271070615 0.13394736842105262 0.7876765375854214 0.0587092731829574
13 0.42738041002277904 0.18280701754385964 0.7544191343963553 0.036779448621553884
13 0.466628701594533 0.2213533834586466 0.8302961275626424 0.03666666666666667
13 0.3688610478359909 0.26234335839599 0.6215261958997723 0.037481203007518796
13 0.3641685649202734 0.29986215538847116 0.609498861047836 0.037982456140350875
13 0.42913439635535305 0.3387719298245614 0.7446924829157175 0.03570175438596491
13 0.4508883826879271 0.3767167919799499 0.788246013667426 0.03535087719298246
13 0.47366742596810935 0.4158771929824561 0.825876993166287 0.03402255639097744
13 0.4625968109339408 0.45482456140350874 0.8010933940774487 0.037481203007518796
13 0.47489749430523914 0.4948997493734336 0.8283599088838268 0.03723057644110276
13 0.41546697038724373 0.5343107769423558 0.712118451025057 0.03616541353383459
13 0.47774487471526195 0.6895864661654135 0.8366742596810934 0.27394736842105266