13 0.5617494600431965 0.268639846743295 0.7203023758099352 0.09092592592592592
13 0.42408207343412524 0.46577266922094507 0.39157667386609074 0.022579821200510854
13 0.4219114470842333 0.3846168582375479 0.3883801295896328 0.02065772669220945
13 0.5599352051835853 0.09099616858237548 0.22786177105831534 0.0210727969348659
13 0.4132397408207344 0.16349936143039592 0.37947084233261336 0.021845466155810983
13 0.4271598272138229 0.6733908045977012 0.38758099352051834 0.02197318007662835
13 0.41992440604751624 0.14042145593869731 0.38909287257019437 0.020268199233716474
13 0.42885529157667385 0.7176436781609195 0.38980561555075594 0.02190932311621967
13 0.42929805615550753 0.7808173690932312 0.3855507559395248 0.022822477650063858
13 0.42025917926565876 0.6502681992337165 0.37331533477321815 0.020830140485312898
13 0.5664038876889849 0.42653256704980846 0.7160151187904967 0.05779054916985951
16 0.21652267818574514 0.09035759897828863 0.029157667386609073 0.0210727969348659
13 0.4214254859611231 0.6959706257982121 0.3745788336933045 0.02077905491698595
0 0.7841792656587473 0.991066411238825 0.43143628509719223 0.017860791826309067
13 0.5681857451403888 0.8176819923371648 0.708963282937365 0.04572158365261813
13 0.5679049676025918 0.7500830140485314 0.7068142548596112 0.0379757343550447
13 0.4286393088552916 0.6254597701149426 0.39465442764578834 0.020300127713920816
13 0.5691252699784017 0.5987739463601532 0.7156479481641469 0.03107918263090677
13 0.4244168466522678 0.5699233716475096 0.3910151187904967 0.02061941251596424
13 0.5649892008639308 0.5408429118773946 0.7105723542116631 0.036194125159642404
13 0.42266738660907127 0.5121519795657726 0.3891252699784017 0.02190932311621967
13 0.429341252699784 0.4888378033205619 0.40271058315334773 0.023773946360153255
13 0.5630885529157666 0.35648786717752234 0.7099784017278619 0.034795657726692214
13 0.423866090712743 0.3268326947637292 0.3963282937365011 0.02217752234993614
13 0.5572354211663066 0.1999169859514687 0.7105831533477321 0.044565772669220946
13 0.4141576673866091 0.11773946360153256 0.3798596112311015 0.025102171136653896