34 0.9030171073094868 0.8284833333333332 0.06401244167962675 0.017633333333333334
31 0.21726283048211506 0.06885000000000001 0.021073094867807157 0.018291666666666664
35 0.5929393468118196 0.06993333333333333 0.3604354587869362 0.024225
26 0.5317262830482115 0.7229916666666667 0.6301555209953343 0.1625916666666667
26 0.5492534992223951 0.5608000000000001 0.7181804043545879 0.156925
26 0.5361430793157076 0.46269166666666667 0.48494556765163294 0.04069166666666667
26 0.5456765163297045 0.4211 0.5064230171073095 0.041216666666666665
26 0.558755832037325 0.37040833333333334 0.5205443234836703 0.05806666666666667
26 0.5347122861586314 0.30935 0.5928149300155521 0.06278333333333333
26 0.5766096423017107 0.23936666666666667 0.7415863141524105 0.0647
26 0.5725505443234836 0.18181666666666668 0.5360808709175738 0.04504166666666667
26 0.56850699844479 0.14354999999999998 0.7350233281493002 0.042025
26 0.5618818040435459 0.10290833333333332 0.7073405909797823 0.040725