13 0.4345703125 0.33907911802853435 0.576171875 0.0896757457846952
13 0.43408203125 0.46992866407263295 0.5751953125 0.07441634241245136
13 0.43115234375 0.6611997405966278 0.5693359375 0.06152399481193256
13 0.43310546875 0.5710700389105059 0.5712890625 0.06409208819714657
6 0.43310546875 0.15920881971465628 0.5732421875 0.048638132295719845
13 0.435546875 0.4082360570687419 0.578125 0.048638132295719845
0 0.8037109375 0.9902723735408561 0.384765625 0.018158236057068743
16 0.705078125 0.12321660181582361 0.025390625 0.019455252918287938
13 0.4375 0.122568093385214 0.142578125 0.02204928664072633
13 0.435546875 0.2717250324254215 0.57421875 0.04798962386511025
13 0.330078125 0.7084954604409858 0.349609375 0.031776913099870296
13 0.4326171875 0.7490272373540856 0.5703125 0.04409857328145266
13 0.32232421875 0.6159792477302205 0.3145703125 0.031342412451361865
13 0.39794921875 0.5233463035019456 0.4833984375 0.03372243839169909
13 0.43662109375 0.8188715953307393 0.549873046875 0.03469520103761349
13 0.34576171875 0.786556420233463 0.355625 0.028268482490272376
13 0.328017578125 0.19959143968871595 0.31763671875 0.03195849546044099
13 0.340927734375 0.23067444876783397 0.335927734375 0.033540856031128406