28 0.2846826301786393 0.14309614469300333 0.029445077917141772 0.012365540218943361
22 0.5233447358418852 0.16905283198476917 0.48016343595591027 0.02857924797715374
30 0.5529608513873052 0.1387696335078534 0.26193462561763586 0.015611613517372678
22 0.5576472824021285 0.2120157068062827 0.5688179399467883 0.04430033317467873
22 0.5382934245534018 0.2525725844835792 0.5176624857468644 0.03022370299857211
22 0.4778943367540859 0.2902927177534507 0.39306347396427216 0.028317467872441694
22 0.5106005321170658 0.3253617325083294 0.46417711896617253 0.03063065207044265
22 0.5581679969593311 0.3659162303664921 0.5764196123147092 0.04034745359352689
22 0.5606271379703535 0.4265564017134698 0.5760167236792094 0.035575916230366496
22 0.44704675028506274 0.3972417896239886 0.3389661725579628 0.02089243217515469
22 0.5588141391106043 0.49608281770585433 0.5758456860509312 0.051534983341266064
22 0.4781793994678829 0.4572441694431223 0.38173698213606994 0.024500237981913375
22 0.560193842645382 0.5427772489290814 0.5768833143291524 0.03787006187529748
22 0.565769669327252 0.5810090433127083 0.5828430254656024 0.03756068538791052
22 0.5611022424933485 0.6261899095668729 0.5769669327251995 0.039252736792003806
22 0.5628734321550741 0.6657044264635887 0.5753249714937286 0.03832460732984293
22 0.4982174078297225 0.7054236078058068 0.42527556062333716 0.02909090909090909
22 0.4533865450399087 0.7626344597810567 0.3287001140250855 0.030092812946216088
22 0.44915241353097685 0.7342741551642076 0.3219612314709236 0.027317943836268444
25 0.5607183580387686 0.795944788196097 0.541630558722919 0.013448357924797715