13 0.7302350427350427 0.40293742017879947 0.3386752136752137 0.037037037037037035
6 0.7291666666666666 0.15613026819923373 0.3450854700854701 0.10919540229885058
13 0.7302350427350427 0.44061302681992337 0.3408119658119658 0.035759897828863345
13 0.7329059829059829 0.6925287356321839 0.34615384615384615 0.0491698595146871
13 0.34134615384615385 0.3441890166028097 0.34294871794871795 0.038314176245210725
8 0.7302350427350427 0.3570689655172414 0.3386752136752137 0.054693486590038316
13 0.7329059829059829 0.7423371647509579 0.344017094017094 0.0491698595146871
13 0.3424145299145299 0.42911877394636017 0.3450854700854701 0.035759897828863345
13 0.7302350427350427 0.2739463601532567 0.34294871794871795 0.07279693486590039
13 0.7318376068376068 0.5766283524904214 0.344017094017094 0.035759897828863345
13 0.5363247863247863 0.07790549169859515 0.27350427350427353 0.024265644955300127
13 0.343482905982906 0.8144955300127714 0.3408119658119658 0.041507024265644954
13 0.7291666666666666 0.22509578544061304 0.33226495726495725 0.026181353767560665
13 0.6896367521367521 0.4706257982120051 0.2467948717948718 0.024265644955300127
13 0.7136752136752137 0.4958492975734355 0.29914529914529914 0.02490421455938697
8 0.34134615384615385 0.23202426564495532 0.3386752136752137 0.048077905491698596
13 0.7313034188034188 0.7857598978288634 0.34294871794871795 0.037675606641123884
13 0.6933760683760684 0.6286717752234994 0.23717948717948717 0.02490421455938697
13 0.30822649572649574 0.46008939974457214 0.25106837606837606 0.02490421455938697
3 0.7275641025641025 0.3212005108556833 0.33760683760683763 0.011494252873563218
13 0.3145726495726496 0.5096360153256705 0.2396474358974359 0.024380587484035758
13 0.6794871794871795 0.605044699872286 0.21581196581196582 0.02234993614303959
13 0.7008547008547008 0.6542145593869731 0.2606837606837607 0.026181353767560665
13 0.3424145299145299 0.5775862068965517 0.3450854700854701 0.03639846743295019
16 0.18963675213675213 0.07822477650063857 0.028846153846153848 0.01979565772669221
13 0.3018162393162393 0.1392081736909323 0.23183760683760685 0.02554278416347382
6 0.3408119658119658 0.1123882503192848 0.3418803418803419 0.02681992337164751
3 0.3424145299145299 0.605044699872286 0.3386752136752137 0.012132822477650063
13 0.2932692307692308 0.5450191570881227 0.2361111111111111 0.02490421455938697
13 0.328525641025641 0.17113665389527458 0.2916666666666667 0.038314176245210725
13 0.2825854700854701 0.3994252873563218 0.1891025641025641 0.02362707535121328
13 0.2761752136752137 0.37515964240102173 0.18269230769230768 0.02490421455938697
13 0.7329059829059829 0.8189655172413793 0.3311965811965812 0.027458492975734355
0 0.7863247863247863 0.9901021711366539 0.4252136752136752 0.018518518518518517
13 0.686965811965812 0.5201149425287356 0.25 0.02490421455938697
13 0.3450854700854701 0.768837803320562 0.34615384615384615 0.04980842911877394
13 0.6832264957264957 0.5456577266922095 0.23824786324786323 0.02490421455938697
13 0.2724358974358974 0.3128991060025543 0.18376068376068377 0.024265644955300127
3 0.34134615384615385 0.19827586206896552 0.3408119658119658 0.013409961685823755
13 0.32672008547008546 0.2726819923371647 0.2727457264957265 0.02115581098339719
23 0.3433867521367522 0.2922286079182631 0.31340811965811965 0.012994891443167306
13 0.28941239316239314 0.48484035759897826 0.19941239316239318 0.020670498084291188
23 0.44152777777777774 0.5273627075351214 0.06271367521367521 0.010664112388250319
8 0.34247863247863247 0.6358109833971902 0.31889957264957264 0.043690932311621966
23 0.3603205128205128 0.7357535121328225 0.27447649572649574 0.012413793103448277
13 0.2786965811965812 0.7172286079182632 0.17352564102564103 0.022592592592592595
13 0.34514957264957263 0.6854597701149425 0.3386965811965812 0.03751596424010217