29 0.5691214215202369 0.8661877394636016 0.038864758144126356 0.0201213282247765
28 0.7177887462981244 0.09636653895274584 0.0607502467917078 0.022139208173690934
8 0.43147087857847977 0.1457088122605364 0.6285587364264561 0.033965517241379306
16 0.42857847976307994 0.2047381864623244 0.6305528134254689 0.04770753512132822
2 0.15082922013820335 0.28029374201787993 0.06650542941757158 0.0459323116219668
1 0.8028035538005923 0.9909706257982119 0.38926949654491605 0.014897828863346103
15 0.4674136229022705 0.26937420178799487 0.5476604146100691 0.027515964240102175
15 0.4688845014807503 0.29530651340996167 0.5452714708785785 0.025619412515964238
15 0.426781836130306 0.31812899106002557 0.6297137216189536 0.02181992337164751
15 0.4263770977295163 0.343397190293742 0.624284304047384 0.02121966794380587
15 0.4290720631786772 0.37019795657726695 0.6343040473840078 0.02567049808429119
15 0.42434353405725567 0.3950446998722861 0.624837117472853 0.023780332056194127
15 0.42270483711747286 0.41805874840357593 0.6246594274432379 0.020689655172413793
15 0.42398815399802564 0.444948914431673 0.6272260612043435 0.024821200510855682
15 0.4240473840078973 0.4698275862068966 0.627324777887463 0.02400383141762452
15 0.4210463968410661 0.49417624521072795 0.6213326752221126 0.024233716475095788
15 0.42017769002961497 0.5197765006385696 0.6211451135241857 0.02496168582375479
15 0.42011846001974334 0.5423563218390804 0.6194866732477788 0.020747126436781612
15 0.41847976307996054 0.5667177522349937 0.619279368213228 0.02095785440613027
15 0.41617966436327736 0.6049297573435505 0.6208687068114512 0.04947637292464879
15 0.4154491609081935 0.641551724137931 0.6194076999012833 0.020862068965517244
15 0.4145212240868707 0.6678033205619412 0.6206416584402764 0.027426564495530013
16 0.41361303060217175 0.6936526181353767 0.28845014807502467 0.025210727969348656
15 0.4115893385982231 0.7168518518518519 0.6240473840078973 0.025664112388250317
15 0.4045014807502468 0.8399872286079183 0.6314708785784797 0.027279693486590036
15 0.407137216189536 0.8149616858237548 0.6228430404738401 0.024840357598978288
15 0.40771964461994076 0.7901213282247764 0.6224777887462982 0.02540868454661558
15 0.40696939782823294 0.7649936143039592 0.6255972359328726 0.026091954022988504
15 0.4148075024679171 0.7406513409961685 0.6196544916090819 0.020606641123882507