7 0.5537109375 0.6026554404145078 0.72265625 0.03044041450777202
7 0.55224609375 0.7143782383419689 0.7216796875 0.029792746113989636
7 0.5576171875 0.2665155440414508 0.720703125 0.03044041450777202
7 0.556640625 0.46243523316062174 0.72265625 0.029792746113989636
7 0.55810546875 0.23769430051813473 0.7216796875 0.02849740932642487
7 0.5537109375 0.6305051813471503 0.72265625 0.029145077720207253
7 0.55224609375 0.6871761658031088 0.7216796875 0.02849740932642487
7 0.560546875 0.19721502590673576 0.71875 0.056347150259067356
7 0.55615234375 0.49125647668393785 0.7236328125 0.029145077720207253
7 0.55810546875 0.43458549222797926 0.7236328125 0.02849740932642487
7 0.55224609375 0.7412564766839378 0.7216796875 0.027849740932642485
7 0.5556640625 0.4060880829015544 0.724609375 0.029792746113989636
7 0.5576171875 0.29436528497409326 0.720703125 0.029145077720207253
7 0.5546875 0.5181347150259067 0.72265625 0.02849740932642487
7 0.5517578125 0.7697538860103627 0.720703125 0.027849740932642485
7 0.55322265625 0.6590025906735751 0.7236328125 0.027849740932642485
7 0.5546875 0.5748056994818653 0.72265625 0.029145077720207253
7 0.55078125 0.7985751295336787 0.720703125 0.02849740932642487
7 0.5576171875 0.3788860103626943 0.724609375 0.02849740932642487
7 0.5546875 0.5456541450777203 0.720703125 0.026534974093264246
7 0.5576171875 0.3494170984455959 0.72265625 0.029145077720207253
7 0.55810546875 0.32221502590673573 0.7216796875 0.027849740932642485
0 0.8046875 0.9902849740932642 0.38671875 0.018134715025906734
7 0.55029296875 0.8264248704663213 0.7197265625 0.029792746113989636
8 0.5625 0.12208549222797928 0.357421875 0.03044041450777202
7 0.553564453125 0.8549546632124352 0.715009765625 0.028089378238341966