1 0.7862300319488817 0.9916730523627075 0.4209904153354633 0.014495530012771391
22 0.5661341853035144 0.8282822477650064 0.7410862619808307 0.06924648786717752
22 0.5543556975505857 0.759080459770115 0.723961661341853 0.06823754789272031
22 0.5208413205537806 0.6911366538952746 0.6568690095846645 0.06717752234993614
22 0.5438232161874335 0.6222413793103448 0.6907987220447284 0.06822477650063857
22 0.5606496272630458 0.5556960408684547 0.7347497337593184 0.06708173690932312
22 0.562555910543131 0.4880651340996168 0.7374014909478168 0.06933588761174968
22 0.5610010649627263 0.4023052362707535 0.7400745473908412 0.10137931034482758
22 0.562577209797657 0.283882503192848 0.7355058572949946 0.13634738186462325
22 0.5364749733759319 0.164661558109834 0.6871671991480298 0.103786717752235
13 0.5619701810436635 0.09472541507024265 0.738157614483493 0.036079182630906766
28 0.2236954206602769 0.06282886334610473 0.050031948881789134 0.023876117496807153
30 0.5907987220447284 0.05925287356321839 0.5006815761448349 0.03522349936143039