22 0.4407649402390438 0.8406480186480186 0.7853784860557769 0.10021445221445222
30 0.4334661354581673 0.07342657342657342 0.32350597609561754 0.022843822843822845
22 0.4342629482071713 0.3571095571095571 0.599203187250996 0.11375291375291376
22 0.4302788844621514 0.5470815850815851 0.7537768924302789 0.044909090909090905
28 0.7820717131474103 0.07226107226107226 0.0549800796812749 0.023310023310023312
22 0.4317450199203188 0.4728065268065268 0.754581673306773 0.10458275058275059
19 0.4292828685258964 0.6524708624708625 0.4909641434262948 0.023198135198135197
16 0.42443824701195215 0.6156829836829837 0.23594422310756974 0.032303030303030306
13 0.4373147410358566 0.1259067599067599 0.7636095617529881 0.06719347319347319
22 0.43695617529880476 0.17815850815850814 0.7581115537848605 0.036811188811188805
22 0.43297211155378484 0.279048951048951 0.7533386454183267 0.04278787878787879
22 0.33500398406374504 0.24841958041958043 0.554199203187251 0.020689976689976693
22 0.32916334661354585 0.22945454545454547 0.5425179282868526 0.020055944055944058
22 0.2781832669322709 0.20706759906759908 0.4405657370517928 0.023771561771561773
19 0.4292749003984064 0.6950629370629371 0.5801912350597609 0.02260606060606061
19 0.4277370517928286 0.7728764568764569 0.2137768924302789 0.019724941724941727
22 0.341402390438247 0.732927738927739 0.5287569721115538 0.02373892773892774