13 0.4843884892086331 0.2193486590038314 0.8506474820143886 0.09386973180076628
13 0.41007194244604317 0.42624521072796934 0.6930455635491607 0.04789272030651341
8 0.48001199040767384 0.7081928480204343 0.7460551558752998 0.10060664112388251
13 0.48896882494004795 0.5804597701149425 0.8694604316546762 0.07151979565772669
13 0.4352517985611511 0.4728607918263091 0.7434052757793765 0.04661558109833972
13 0.4624460431654676 0.5201149425287356 0.8202997601918465 0.05044699872286079
0 0.7603237410071942 0.9912835249042145 0.4754196642685851 0.016085568326947637
1 0.0743884892086331 0.7883844189016602 0.05418465227817745 0.047190293742017886
13 0.48340527577937653 0.8390549169859515 0.877673860911271 0.14913793103448278
13 0.4087410071942446 0.3782630906768838 0.6939568345323741 0.045727969348659005
13 0.48799760191846525 0.335823754789272 0.7853357314148681 0.04666028097062579
13 0.322242206235012 0.2885121328224777 0.5263309352517985 0.04510217113665389
13 0.47961630695443647 0.12724137931034482 0.860947242206235 0.0940485312899106
13 0.48330935251798557 0.06859514687100894 0.3615947242206235 0.02088122605363985
16 0.8813908872901679 0.07061302681992337 0.04805755395683453 0.02020434227330779