20 0.2443762781186094 0.7981626587408809 0.42903885480572596 0.19886517157524994
20 0.6912065439672802 0.7195352607403405 0.4408997955010225 0.1761686030802486
20 0.6893660531697342 0.5721426641448257 0.4372188139059305 0.11861659011078086
20 0.6932515337423313 0.854228586868414 0.4441717791411043 0.06025398540934882
30 0.4588957055214724 0.05633612537152121 0.19304703476482618 0.017022426371251013
16 0.23183231083844583 0.13465279654147527 0.3359713701431493 0.031532018373412594
16 0.6874560327198364 0.24223723318022156 0.3237055214723927 0.03162118346392867
16 0.4605316973415133 0.475817346663064 0.34519427402862984 0.025398540934882464
28 0.8940695296523518 0.05831667116995407 0.0179959100204499 0.014679816265874088
17 0.6482617586912065 0.8157254796001081 0.17586912065439672 0.01459065117535801
20 0.2443762781186094 0.6611726560389084 0.42822085889570555 0.07835720075655228
22 0.6757341513292434 0.1604161037557417 0.4173128834355828 0.11742502026479329
20 0.24396728016359917 0.568089705485004 0.42822085889570555 0.1099702783031613
13 0.2263803680981595 0.09051607673601729 0.3079754601226994 0.044312348014050255
22 0.22328834355828223 0.18580924074574437 0.4090838445807771 0.06044042150770062
22 0.2101717791411043 0.3177573628748987 0.3848957055214724 0.2054498784112402
13 0.6547689161554192 0.08627398000540394 0.3742985685071574 0.03294785193191029
22 0.6706134969325154 0.28374493380167526 0.40393865030674847 0.04150499864901378
22 0.6706134969325154 0.3614644690624156 0.40393865030674847 0.11588489597406106
8 0.4607116564417178 0.4397189948662524 0.23771779141104296 0.022464198865171574
20 0.6934233128834356 0.8901053769251555 0.4423271983640082 0.011680626857606052