31 0.5745870535714286 0.039540229885057475 0.36165178571428575 0.028007662835249043
27 0.16972098214285714 0.040983397190293744 0.04569196428571428 0.022905491698595144
23 0.5390066964285715 0.5057790549169859 0.8172433035714286 0.1165581098339719
1 0.7771763392857143 0.9909514687100893 0.435625 0.013320561941251596
23 0.4844419642857143 0.831021711366539 0.7497991071428572 0.11484674329501915
23 0.531171875 0.7478607918263092 0.8236049107142858 0.044687100893997446
23 0.4980245535714286 0.6437547892720307 0.7566406250000001 0.16063856960408684
23 0.5449330357142858 0.4024010217113665 0.8188281249999999 0.09113665389527459
23 0.4940736607142857 0.3336781609195402 0.7072321428571428 0.048716475095785444
23 0.5555580357142856 0.2406896551724138 0.8245200892857143 0.1376309067688378
23 0.5321316964285715 0.14859514687100894 0.7616071428571428 0.04947637292464879
23 0.5563616071428571 0.09008939974457217 0.8093638392857143 0.0677522349936143