11 0.5151663405088063 0.2876756066411239 0.6565557729941291 0.18326947637292465
11 0.5156555772994129 0.5328863346104725 0.6594911937377691 0.15389527458492977
6 0.5151663405088063 0.1574074074074074 0.6565557729941291 0.07854406130268199
11 0.5156555772994129 0.41762452107279696 0.6575342465753424 0.07662835249042145
11 0.5151663405088063 0.6430395913154534 0.6604696673189824 0.06896551724137931
13 0.6090998043052838 0.6941251596424011 0.1888454011741683 0.12388250319284802
13 0.5151663405088063 0.1016602809706258 0.312133072407045 0.022988505747126436
23 0.5156555772994129 0.8154533844189017 0.28180039138943247 0.022988505747126436
0 0.8038160469667319 0.9897828863346104 0.388454011741683 0.019157088122605363
12 0.34540117416829746 0.7340357598978289 0.22113502935420742 0.038952745849297574
16 0.20841487279843443 0.101213282247765 0.0410958904109589 0.0210727969348659
14 0.4395988258317025 0.909323116219668 0.05283757338551859 0.05747126436781609
12 0.7372700587084149 0.731992337164751 0.14501956947162428 0.027707535121328224