13 0.4291891891891892 0.5418530351437699 0.6162162162162163 0.08051118210862619
13 0.3918918918918919 0.36900958466453676 0.5502702702702703 0.05942492012779553
13 0.38972972972972975 0.3092651757188498 0.5437837837837838 0.05750798722044728
13 0.36702702702702705 0.4303514376996805 0.4962162162162162 0.05942492012779553
13 0.412972972972973 0.6124600638977635 0.5816216216216217 0.05942492012779553
13 0.43135135135135133 0.48083067092651754 0.6270270270270271 0.040255591054313096
13 0.4091891891891892 0.20798722044728435 0.5891891891891892 0.058146964856230034
13 0.44054054054054054 0.692332268370607 0.6324324324324324 0.09904153354632587
13 0.43945945945945947 0.7731629392971247 0.6302702702702703 0.06389776357827476
13 0.46054054054054056 0.25910543130990416 0.47783783783783784 0.04281150159744409
16 0.4486486486486487 0.10255591054313098 0.09081081081081081 0.024920127795527155
0 0.7810810810810811 0.9897763578274761 0.4335135135135135 0.019169329073482427
13 0.4016216216216216 0.14696485623003194 0.5740540540540541 0.060063897763578275