27 0.12631875881523272 0.0538 0.07090267983074754 0.024933333333333335
31 0.5076445698166432 0.05000833333333333 0.6614668547249648 0.03255
23 0.5842877291960508 0.9151583333333334 0.5618899858956277 0.05568333333333333
23 0.5009590973201693 0.8388666666666666 0.7948377997179125 0.10255833333333332
23 0.48005641748942174 0.7373 0.7501692524682652 0.10334166666666667
23 0.5013399153737659 0.6267250000000001 0.7956276445698167 0.12347499999999999
23 0.506459802538787 0.53895 0.800098730606488 0.05156666666666667
23 0.4984344146685472 0.47639999999999993 0.7871650211565586 0.07200000000000001
23 0.49488011283497885 0.3897083333333333 0.786036671368124 0.10323333333333333
23 0.4977715091678421 0.3129 0.3753737658674189 0.05051666666666666
23 0.48713681241184764 0.2530833333333333 0.764555712270804 0.07393333333333334
23 0.4905782792665726 0.17693333333333333 0.792425952045134 0.077725
13 0.48901269393511987 0.10284166666666666 0.7982510578279267 0.07582499999999999