13 0.5082051282051282 0.6621966794380587 0.6943589743589743 0.09578544061302682
13 0.5102564102564102 0.8231162196679438 0.6923076923076923 0.07535121328224777
13 0.5082051282051282 0.44891443167305234 0.6984615384615385 0.07790549169859515
13 0.5087179487179487 0.5779054916985952 0.6912820512820513 0.07151979565772669
13 0.5087179487179487 0.7512771392081737 0.6933333333333334 0.07215836526181353
13 0.38871794871794874 0.5140485312899106 0.39794871794871794 0.04853128991060025
13 0.5066666666666667 0.3681353767560664 0.6974358974358974 0.07854406130268199
13 0.5082051282051282 0.22062579821200512 0.6328205128205128 0.05300127713920817
13 0.5066666666666667 0.2876756066411239 0.6953846153846154 0.0772669220945083
16 0.8215384615384616 0.07247765006385697 0.057435897435897436 0.027458492975734355
8 0.5046153846153846 0.14495530012771393 0.41025641025641024 0.06896551724137931
13 0.49743589743589745 0.07343550446998723 0.22564102564102564 0.02554278416347382
0 0.7958974358974359 0.9904214559386973 0.40615384615384614 0.017879948914431672