0 0.7814207650273224 0.9901021711366539 0.4349726775956284 0.018518518518518517
16 0.7950819672131147 0.101213282247765 0.022950819672131147 0.0210727969348659
13 0.47540983606557374 0.09674329501915709 0.4 0.026181353767560665
13 0.412568306010929 0.17401021711366538 0.5256830601092897 0.032567049808429116
13 0.4726775956284153 0.6673052362707536 0.6808743169398908 0.10600255427841634
13 0.4743169398907104 0.5490676883780332 0.673224043715847 0.13134738186462325
13 0.47540983606557374 0.4537037037037037 0.6754098360655738 0.06321839080459771
13 0.472775956284153 0.1346551724137931 0.6650601092896175 0.04074074074074074
13 0.4765136612021858 0.21268837803320562 0.6687540983606557 0.043026819923371644
13 0.3618142076502732 0.250095785440613 0.3919672131147541 0.024680715197956577
13 0.47438524590163933 0.33477011494252873 0.6793978142076502 0.13542528735632187
13 0.4639098360655738 0.40419029374201787 0.5999551912568306 0.030977011494252915
13 0.47239344262295085 0.7444380587484035 0.6694972677595629 0.04208173690932312
13 0.4858142076502732 0.7848148148148149 0.6416174863387979 0.03206896551724138
17 0.6967540983606557 0.807375478927203 0.01540983606557377 0.012139208173690933