13 0.44370860927152317 0.5207535121328225 0.5231788079470199 0.05683269476372925
13 0.5309050772626932 0.3065134099616858 0.7041942604856513 0.07662835249042145
13 0.5524282560706402 0.741698595146871 0.7273730684326711 0.12962962962962962
13 0.44646799116997793 0.8387611749680716 0.5154525386313465 0.06449553001277139
13 0.445916114790287 0.3732439335887612 0.5298013245033113 0.05427841634738186
13 0.5441501103752759 0.4447637292464879 0.7284768211920529 0.08620689655172414
13 0.44370860927152317 0.23818646232439336 0.5320088300220751 0.05874840357598978
13 0.6694260485651214 0.580779054916986 0.4955849889624724 0.06066411238825032
13 0.5584988962472406 0.1363346104725415 0.5474613686534217 0.031289910600255426
13 0.5055187637969095 0.6433588761174968 0.6357615894039735 0.06194125159642401
0 0.7792494481236203 0.9901021711366539 0.4392935982339956 0.018518518518518517
16 0.20750551876379691 0.14303959131545338 0.04415011037527594 0.033205619412515965
13 0.6736534216335541 0.1807918263090677 0.46679911699779253 0.05504469987228608