13 0.4069767441860465 0.4843550446998723 0.6965669988925803 0.09897828863346105
13 0.40863787375415284 0.38601532567049807 0.6954595791805094 0.09386973180076628
13 0.40863787375415284 0.6356960408684547 0.6998892580287929 0.11685823754789272
13 0.41140642303433 0.7273307790549169 0.698781838316722 0.06130268199233716
13 0.4130675526024363 0.7883141762452107 0.7065337763012182 0.06194125159642401
13 0.4064230343300111 0.27330779054916987 0.6954595791805094 0.05874840357598978
13 0.296234772978959 0.8416347381864623 0.4219269102990033 0.04469987228607918
13 0.35603543743078625 0.5555555555555556 0.5636766334440753 0.0421455938697318
13 0.2857142857142857 0.18422733077905493 0.40753045404208194 0.042784163473818644
13 0.29346622369878184 0.32088122605363983 0.4274640088593577 0.038952745849297574
16 0.7275747508305648 0.11206896551724138 0.048726467331118496 0.028735632183908046
0 0.7796234772978959 0.9901021711366539 0.43853820598006643 0.018518518518518517
13 0.28903654485049834 0.22509578544061304 0.45182724252491696 0.041507024265644954
13 0.3770764119601329 0.14213920817369094 0.5858250276854928 0.042662835249042144
13 0.401937984496124 0.10828224776500638 0.12991140642303434 0.022247765006385697