0 0.8046875 0.9902723735408561 0.388671875 0.018158236057068743
16 0.24365234375 0.060635538261997406 0.0185546875 0.020103761348897537
8 0.608037109375 0.31201686121919586 0.4750390625 0.05724383916990921
3 0.59423828125 0.08041504539559015 0.7216796875 0.029831387808041506
13 0.583232421875 0.6734760051880675 0.7619140625 0.352295719844358
3 0.57470703125 0.8463035019455253 0.0478515625 0.02594033722438392
8 0.593818359375 0.1233657587548638 0.68748046875 0.028009079118028534
19 0.588056640625 0.5253372243839171 0.73390625 0.050188067444876784
8 0.590986328125 0.4218158236057069 0.471376953125 0.023391699092088197
23 0.58611328125 0.4574189364461738 0.723916015625 0.05004539559014267
23 0.589404296875 0.3749481193255512 0.70609375 0.06535667963683528
1 0.272978515625 0.1711154345006485 0.085439453125 0.05261348897535668
23 0.593232421875 0.2049740596627756 0.732041015625 0.12068093385214008