13 0.2555791710945802 0.27586206896551724 0.3942614240170032 0.13154533844189017
13 0.6726886291179596 0.8218390804597702 0.3931987247608927 0.12005108556832694
13 0.2518597236981934 0.6347381864623244 0.39107332624867164 0.09323116219667944
13 0.6780021253985122 0.34610472541507026 0.3931987247608927 0.06768837803320563
13 0.6737513283740701 0.5715197956577267 0.39107332624867164 0.06513409961685823
13 0.25132837407013814 0.8461047254150702 0.3900106269925611 0.070242656449553
13 0.6806588735387885 0.18614303959131545 0.3942614240170032 0.09259259259259259
13 0.6769394261424017 0.4054916985951469 0.3931987247608927 0.05363984674329502
13 0.6726886291179596 0.6235632183908046 0.3889479277364506 0.040229885057471264
13 0.25132837407013814 0.7525542784163474 0.3900106269925611 0.11685823754789272
13 0.25823591923485656 0.12196679438058748 0.3953241232731137 0.04086845466155811
13 0.2561105207226355 0.16219667943805874 0.3953241232731137 0.04086845466155811
13 0.6780021253985122 0.28671775223499363 0.3953241232731137 0.05363984674329502
13 0.2545164718384697 0.4169859514687101 0.3942614240170032 0.12260536398467432
13 0.2555791710945802 0.19572158365261813 0.3942614240170032 0.028735632183908046
13 0.6726886291179596 0.6628352490421456 0.3889479277364506 0.03959131545338442
6 0.2561105207226355 0.08652618135376756 0.3931987247608927 0.030012771392081736
13 0.4665037194473964 0.058486590038314176 0.21253985122210414 0.022988505747126436
13 0.675345377258236 0.506066411238825 0.39213602550478216 0.040229885057471264
13 0.6716259298618491 0.7164750957854407 0.39107332624867164 0.03959131545338442
13 0.6801275239107333 0.24648786717752236 0.3931987247608927 0.0280970625798212
13 0.6700318809776833 0.7477650063856961 0.39213602550478216 0.02681992337164751
13 0.6764080765143464 0.45849297573435505 0.3900106269925611 0.02681992337164751
16 0.8703506907545164 0.05810983397190294 0.019128586609989374 0.017879948914431672
6 0.6806588735387885 0.09738186462324393 0.3942614240170032 0.05555555555555555
0 0.7874601487778958 0.9904214559386973 0.4208289054197662 0.017879948914431672
8 0.25398512221041447 0.48946360153256707 0.31243358129649307 0.017241379310344827
9 0.22524973432518597 0.5420306513409962 0.26626992561105206 0.09060025542784163
13 0.6694048884165781 0.1326500638569604 0.3234537725823592 0.01322477650063857
13 0.6265462274176409 0.43812899106002556 0.2412327311370882 0.013895274584929758
13 0.638788522848034 0.4776883780332056 0.2795430393198725 0.013243933588761175
13 0.6357492029755579 0.5321072796934866 0.2676833156216791 0.013205619412515964
13 0.602422954303932 0.6893614303959131 0.20697130712008502 0.015108556832694764
13 0.2446865037194474 0.6876628352490423 0.3322422954303932 0.012790549169859515
13 0.2292029755579171 0.3502554278416347 0.29683315621679063 0.012777777777777779