13 0.36162162162162165 0.45338441890166026 0.5610810810810811 0.09323116219667944
13 0.34324324324324323 0.21168582375478928 0.532972972972973 0.05427841634738186
13 0.3659459459459459 0.564176245210728 0.5675675675675675 0.05555555555555555
13 0.4 0.8671775223499362 0.6205405405405405 0.06385696040868455
13 0.3005405405405405 0.1673052362707535 0.44756756756756755 0.038314176245210725
13 0.2972972972972973 0.518837803320562 0.4281081081081081 0.03639846743295019
13 0.39675675675675676 0.3782247765006385 0.6378378378378379 0.055810983397190296
13 0.38756756756756755 0.25925925925925924 0.6194594594594595 0.03959131545338442
13 0.41945945945945945 0.6468710089399745 0.6464864864864864 0.034482758620689655
8 0.48 0.7966155810983397 0.2810810810810811 0.05938697318007663
13 0.4562162162162162 0.06864623243933589 0.1491891891891892 0.02490421455938697
0 0.7828648648648648 0.9900574712643678 0.43428108108108104 0.017260536398467433
23 0.7302702702702702 0.7447445721583652 0.13754594594594596 0.026551724137931033
13 0.496572972972973 0.7184674329501916 0.27375135135135137 0.034521072796934865
13 0.29734054054054054 0.6822605363984675 0.4187243243243243 0.03132183908045977
13 0.2992108108108108 0.6098722860791826 0.4247027027027027 0.030057471264367815
13 0.43050810810810813 0.3316730523627075 0.5581081081081081 0.03259897828863346
13 0.2922810810810811 0.29575989782886336 0.41975135135135133 0.028122605363984674
6 0.37113513513513513 0.11762452107279693 0.5841405405405405 0.05632822477650064
16 0.845372972972973 0.07047254150702427 0.03461621621621622 0.02189655172413793