13 0.4580078125 0.12084805653710247 0.375 0.12014134275618374
13 0.46240234375 0.2363957597173145 0.3857421875 0.04734982332155477
13 0.47705078125 0.33321554770318024 0.4130859375 0.07703180212014134
13 0.482421875 0.4091872791519435 0.423828125 0.046643109540636045
13 0.4892578125 0.48056537102473496 0.4375 0.03392226148409894
13 0.32763671875 0.5144876325088339 0.1142578125 0.03109540636042403
13 0.42822265625 0.19646643109540637 0.3232421875 0.03109540636042403
16 0.50048828125 0.04063604240282685 0.0947265625 0.02049469964664311
13 0.47509765625 0.2777385159010601 0.4130859375 0.03392226148409894
0 0.802734375 0.9890459363957598 0.392578125 0.02049469964664311
13 0.52685546875 0.5480565371024735 0.1708984375 0.03604240282685512
13 0.54912109375 0.4490106007067138 0.2193359375 0.025886925795053004
16 0.70533203125 0.45506007067137805 0.037939453125 0.012183745583038868
23 0.59291015625 0.3795335689045936 0.171435546875 0.01465017667844523
16 0.70626953125 0.155773851590106 0.039814453125 0.013519434628975265