22 0.5506103763987793 0.21927187708750834 0.6698880976602238 0.0871743486973948
22 0.5450152594099695 0.4682698730794923 0.6709053916581892 0.06813627254509018
22 0.5404374364191251 0.8201402805611222 0.6668362156663276 0.08851035404141616
22 0.5490844354018312 0.3485303941215765 0.667853509664293 0.06913827655310621
22 0.5447609359104781 0.5863393453573814 0.669379450661241 0.06780227120908483
22 0.4496439471007121 0.6992317969271877 0.4598168870803662 0.047094188376753505
22 0.4153102746693795 0.40831663326653306 0.3748728382502543 0.04909819639278557
22 0.4160732451678535 0.28740814963259853 0.38250254323499494 0.04909819639278557
30 0.551881993896236 0.09736138944555778 0.47711088504577825 0.030394121576486306
22 0.40996948118006105 0.7496659986639946 0.387589013224822 0.04909819639278557
22 0.42446592065106814 0.14896459585838343 0.3982706002034588 0.050100200400801605
22 0.41480162767039674 0.647127588510354 0.39420142421159715 0.04909819639278557
28 0.23957273652085453 0.09819639278557114 0.03458799593082401 0.028724114896459586
22 0.41692777212614446 0.52686706746827 0.41563580874872835 0.048760855043420176