13 0.5200222469410456 0.16187739463601533 0.7196885428253615 0.1896551724137931
13 0.5239154616240267 0.7751851851851852 0.7119021134593994 0.20681353767560665
13 0.5266963292547274 0.5057471264367817 0.710789766407119 0.16475095785440613
13 0.4271412680756396 0.3186462324393359 0.48053392658509453 0.03959131545338442
13 0.5239154616240267 0.38058748403575987 0.7096774193548387 0.08556832694763729
16 0.18131256952169078 0.04821200510855683 0.042269187986651836 0.02490421455938697
13 0.5255839822024472 0.6302681992337165 0.710789766407119 0.08556832694763729
13 0.4738598442714127 0.2768199233716475 0.5695216907675195 0.042784163473818644
0 0.778642936596218 0.9904214559386973 0.44048943270300334 0.017879948914431672
13 0.5305895439377085 0.04789272030651341 0.6028921023359288 0.02937420178799489
17 0.8148943270300334 0.888690932311622 0.11651835372636263 0.02401021711366539