13 0.6103515625 0.1450980392156863 0.328125 0.10196078431372549
13 0.25634765625 0.3215686274509804 0.3310546875 0.07450980392156863
13 0.6156640625 0.48558823529411765 0.230771484375 0.023464052287581697
13 0.5634765625 0.46176470588235297 0.205078125 0.025490196078431372
13 0.61572265625 0.7905228758169934 0.3251953125 0.034640522875816995
13 0.25390625 0.26666666666666666 0.328125 0.03790849673202614
13 0.25390625 0.23594771241830065 0.328125 0.02483660130718954
13 0.57373046875 0.4362745098039216 0.2451171875 0.025490196078431372
13 0.5673828125 0.7366013071895425 0.228515625 0.026143790849673203
13 0.25927734375 0.8133986928104575 0.3232421875 0.03986928104575163
13 0.25390625 0.21013071895424837 0.330078125 0.025490196078431372
0 0.80517578125 0.9908496732026144 0.3876953125 0.01699346405228758
13 0.6142578125 0.6176470588235294 0.326171875 0.06274509803921569
13 0.25927734375 0.5419477124183006 0.3310546875 0.1244248366013072
13 0.64892578125 0.5477124183006536 0.2470703125 0.027450980392156862
13 0.55517578125 0.5228758169934641 0.2119140625 0.022222222222222223
13 0.25927734375 0.44281045751633985 0.3076171875 0.024183006535947713
13 0.609375 0.2218954248366013 0.326171875 0.05032679738562092
8 0.61474609375 0.39741830065359474 0.1962890625 0.03915032679738562
13 0.61376953125 0.5741830065359477 0.3271484375 0.025490196078431372
13 0.42626953125 0.07483660130718954 0.1103515625 0.02287581699346405
13 0.255859375 0.16732026143790849 0.33203125 0.06274509803921569
13 0.63037109375 0.25980392156862747 0.1376953125 0.025490196078431372
13 0.203125 0.780718954248366 0.2109375 0.025490196078431372
13 0.56640625 0.6859477124183007 0.23046875 0.02679738562091503
13 0.25927734375 0.6300261437908498 0.3291015625 0.0482875816993464
13 0.26220703125 0.7104575163398693 0.3310546875 0.11241830065359477
13 0.25146484375 0.12254901960784313 0.3291015625 0.02679738562091503
13 0.32763671875 0.3983660130718954 0.1884765625 0.024183006535947713
3 0.61572265625 0.365359477124183 0.3271484375 0.013071895424836602
13 0.19970703125 0.4669934640522876 0.2138671875 0.025490196078431372
13 0.2138671875 0.37287581699346406 0.24609375 0.024183006535947713
13 0.20751953125 0.4218954248366013 0.2021484375 0.021568627450980392
13 0.6171875 0.7111111111111111 0.33203125 0.02483660130718954
16 0.7646484375 0.07712418300653595 0.01953125 0.018300653594771243
13 0.687880859375 0.8208039215686274 0.182841796875 0.022444444444444447
13 0.671875 0.28594771241830064 0.208984375 0.025490196078431372
13 0.61474609375 0.6601307189542484 0.3310546875 0.02483660130718954
13 0.6767578125 0.761437908496732 0.181640625 0.023529411764705882
23 0.728779296875 0.5067124183006536 0.055419921875 0.012294117647058823
23 0.62283203125 0.32558169934640524 0.310771484375 0.05266013071895424
6 0.23951171875 0.10291503267973856 0.296865234375 0.011366013071895425