13 0.47670454545454544 0.3326947637292465 0.7125 0.08301404853128991
13 0.47954545454545455 0.5166028097062579 0.7136363636363636 0.10600255427841634
13 0.47613636363636364 0.6975606641123884 0.7136363636363636 0.15021711366538953
13 0.3568181818181818 0.3975095785440613 0.41363636363636364 0.042784163473818644
13 0.3573863636363636 0.2678799489144317 0.4102272727272727 0.042784163473818644
13 0.35397727272727275 0.44125159642401024 0.4034090909090909 0.04469987228607918
0 0.7710227272727272 0.9885057471264368 0.4556818181818182 0.021711366538952746
13 0.47945454545454547 0.22637292464878672 0.7157272727272728 0.041507024265644954
6 0.47897727272727275 0.1640038314176245 0.7215909090909091 0.08303959131545338
8 0.4760113636363636 0.6025862068965517 0.28948863636363636 0.02798212005108557
13 0.4776818181818182 0.10984674329501916 0.37486363636363634 0.021136653895274585
16 0.8126590909090909 0.10925925925925925 0.041545454545454545 0.02173052362707535