35 0.4956935123042505 0.055734355044699875 0.485413870246085 0.03115581098339719
31 0.11756152125279641 0.0633397190293742 0.04480984340044743 0.029329501915708812
26 0.36032438478747203 0.5784674329501915 0.48699105145413873 0.04525542784163474
17 0.4911409395973154 0.1364367816091954 0.6783445190156601 0.1027522349936143
1 0.7762192393736018 0.9909067688378033 0.44046979865771807 0.014750957854406131
2 0.13748322147651007 0.2868263090676884 0.07713646532438478 0.04393997445721584
26 0.4967673378076063 0.3722988505747126 0.7909955257270693 0.36323754789272034
26 0.1083328802223294 0.7421424897989459 0.7136667670692634 0.72998719659922 0.7087726525755234 0.6874528610517672 0.1049750761053839 0.7002856365685225
26 0.09891262976821377 0.6023185424455213 0.9018325901048886 0.5994720663538162 0.9045970288367849 0.6854282918020397 0.09937260293491873 0.6997709600796164
26 0.10018215570831933 0.7408505467757733 0.8949835896526531 0.7265472670050008 0.8963405104944324 0.7774818581035279 0.2154514312845579 0.7864099196457762 0.21755810838806613 0.8101743187508789 0.10533385517541367 0.8138374498836544
26 0.13985024160494658 0.834230192806331 0.266637245275475 0.8309268100356991 0.26518832980035467 0.8071440296274215 0.5989448595614033 0.8015140990548979 0.5967553872878881 0.7819065003678481 0.22909423540902416 0.7866856391934047 0.23019817100911583 0.812907881123079 0.13938566870657468 0.8136982771596133
26 0.10244522368850711 0.9061667357327707 0.8991463468113323 0.8916061177175453 0.8935530731042011 0.7984995653341623 0.3697310311290361 0.8073961160709674 0.37056818229243893 0.8316541844613471 0.09693474515138298 0.8381847988894563