8 0.5715096481271282 0.2164750957854406 0.6549375709421112 0.10472541507024266
13 0.5766174801362088 0.5015964240102171 0.662883087400681 0.1615581098339719
13 0.5817253121452894 0.6829501915708812 0.659477866061294 0.08237547892720307
13 0.48354143019296253 0.7528735632183908 0.46311010215664017 0.05747126436781609
13 0.5817253121452894 0.6123882503192848 0.659477866061294 0.05747126436781609
13 0.5800227014755959 0.10727969348659004 0.3677639046538025 0.02937420178799489
0 0.7729852440408627 0.9897828863346104 0.4517593643586833 0.019157088122605363
16 0.27014755959137343 0.109514687100894 0.04767309875141884 0.027458492975734355
13 0.5766174801362088 0.39112388250319285 0.662883087400681 0.05938697318007663
1 0.5230987514188422 0.33855044699872283 0.054460839954597044 0.03721583652618136
13 0.6911918274687855 0.32102171136653895 0.4298637911464245 0.07938697318007662