13 0.4501953125 0.7672526041666666 0.5859375 0.09830729166666667
13 0.44970703125 0.5615234375 0.5849609375 0.09830729166666667
13 0.45068359375 0.6865234375 0.5830078125 0.060546875
13 0.412109375 0.6334635416666666 0.494140625 0.044270833333333336
13 0.38916015625 0.4430338541666667 0.4482421875 0.044921875
13 0.3759765625 0.4899088541666667 0.42578125 0.044921875
13 0.44580078125 0.15950520833333334 0.1943359375 0.024739583333333332
13 0.44775390625 0.2159375 0.5830078125 0.07770833333333334
8 0.4443359375 0.3735221354166667 0.2890625 0.0706640625
0 0.802734375 0.9895833333333334 0.392578125 0.01953125
16 0.72265625 0.158203125 0.0234375 0.024739583333333332
23 0.468798828125 0.27645182291666665 0.528525390625 0.03314453125