13 0.26220703125 0.3498062015503876 0.3505859375 0.06136950904392765
13 0.26171875 0.4402454780361757 0.349609375 0.07170542635658915
13 0.62744140625 0.4673772609819121 0.3505859375 0.07170542635658915
13 0.26220703125 0.23844961240310078 0.3486328125 0.0889922480620155
13 0.62890625 0.6795865633074936 0.35546875 0.08397932816537468
13 0.62744140625 0.208656330749354 0.3505859375 0.059431524547803614
13 0.62744140625 0.3649870801033592 0.3505859375 0.059431524547803614
13 0.62744140625 0.2874677002583979 0.3505859375 0.04780361757105943
13 0.630859375 0.7958656330749354 0.35546875 0.04909560723514212
13 0.2607421875 0.3003875968992248 0.34765625 0.040051679586563305
13 0.62890625 0.7464470284237726 0.35546875 0.04974160206718346
13 0.2626953125 0.15051679586563307 0.349609375 0.03617571059431524
13 0.62890625 0.6204780361757106 0.35546875 0.0355297157622739
13 0.626953125 0.4134366925064599 0.3515625 0.03617571059431524
13 0.62548828125 0.5901162790697675 0.3388671875 0.025193798449612403
13 0.6318359375 0.1182170542635659 0.3359375 0.025839793281653745
13 0.62890625 0.5158268733850129 0.349609375 0.025193798449612403
16 0.447265625 0.0849483204134367 0.091796875 0.02131782945736434
13 0.63134765625 0.5416666666666666 0.3447265625 0.025193798449612403
13 0.63427734375 0.834625322997416 0.3466796875 0.029715762273901807
13 0.61865234375 0.5655684754521964 0.3251953125 0.023901808785529714
13 0.599609375 0.32299741602067183 0.287109375 0.02454780361757106
13 0.2216796875 0.11950904392764858 0.244140625 0.027131782945736434
13 0.26318359375 0.18087855297157623 0.3330078125 0.027131782945736434
13 0.2646484375 0.4941860465116279 0.34375 0.040051679586563305
8 0.2587890625 0.7700968992248062 0.142578125 0.03990956072351421
13 0.29052734375 0.5652454780361758 0.2939453125 0.09560723514211886
13 0.62890625 0.16666666666666666 0.341796875 0.02454780361757106
0 0.80517578125 0.9906330749354005 0.3876953125 0.01744186046511628
13 0.6318359375 0.14308785529715762 0.337890625 0.025193798449612403
13 0.19677734375 0.3921188630490956 0.2080078125 0.025839793281653745
13 0.26171875 0.6947674418604651 0.349609375 0.05103359173126615
3 0.26220703125 0.7354651162790697 0.3505859375 0.013565891472868217
13 0.2607421875 0.6421188630490956 0.34765625 0.05426356589147287
13 0.6279296875 0.25064599483204136 0.349609375 0.025839793281653745
13 0.2197265625 0.8078165374677002 0.25 0.02648578811369509
13 0.24728515625 0.8329005167958656 0.285283203125 0.023972868217054265