30 0.6698855507868383 0.8367833333333333 0.07247496423462088 0.029275000000000002
23 0.40696709585121604 0.7777000000000001 0.672961373390558 0.0857
23 0.3057081545064378 0.7138166666666667 0.4664234620886981 0.036333333333333336
23 0.38792560801144493 0.6747333333333333 0.6288412017167382 0.042675
23 0.4242632331902718 0.6037083333333334 0.7015164520743921 0.10826666666666665
23 0.4059370529327611 0.5086 0.6588125894134478 0.08345
23 0.43642346208869814 0.4270333333333334 0.7238340486409156 0.0822
23 0.4270958512160229 0.29508333333333336 0.6950929899856939 0.19368333333333332
23 0.4138912732474964 0.15792499999999998 0.6666952789699571 0.08945
27 0.8065379113018598 0.1094 0.0342346208869814 0.0229
31 0.4505865522174535 0.10118333333333333 0.39772532188841203 0.024066666666666667