29 0.6375535168195718 0.9015333333333333 0.08201834862385321 0.027258333333333332
22 0.42714067278287465 0.8320083333333333 0.7672477064220183 0.06905833333333333
22 0.31990825688073393 0.7719666666666667 0.4857033639143731 0.04483333333333333
22 0.4462079510703364 0.727575 0.7255963302752294 0.04596666666666666
22 0.3205963302752293 0.6812666666666667 0.4780122324159021 0.04724166666666667
22 0.33354740061162075 0.6344833333333333 0.5020948012232416 0.04646666666666666
22 0.3163302752293578 0.586475 0.48577981651376145 0.048383333333333334
22 0.3295871559633028 0.5397583333333333 0.5050458715596331 0.047825
22 0.3224464831804281 0.49228333333333335 0.47264525993883794 0.04280833333333333
22 0.44533639143730885 0.44709166666666667 0.7274923547400611 0.049275
22 0.32515290519877676 0.4002916666666667 0.48892966360856266 0.04659166666666666
22 0.42773700305810397 0.3288583333333333 0.7629969418960245 0.09641666666666666
2 0.08035168195718655 0.3514083333333333 0.0682262996941896 0.04665
16 0.426559633027523 0.21385833333333332 0.7715137614678899 0.091725
8 0.420565749235474 0.13418333333333335 0.7668042813455658 0.04504166666666667
30 0.42220183486238533 0.07561666666666667 0.3258256880733945 0.029683333333333332
28 0.7685168195718655 0.07923333333333334 0.07013761467889908 0.022099999999999998