13 0.5570866141732284 0.39240102171136654 0.5413385826771654 0.11430395913154534
13 0.5462598425196851 0.6657088122605364 0.5433070866141733 0.09770114942528736
13 0.5501968503937008 0.5319284802043422 0.5374015748031497 0.08301404853128991
13 0.5452755905511811 0.7442528735632183 0.5433070866141733 0.05683269476372925
13 0.4714566929133858 0.5951468710089399 0.36220472440944884 0.037037037037037035
13 0.48326771653543305 0.3116219667943806 0.3779527559055118 0.038314176245210725
13 0.4699803149606299 0.469029374201788 0.3572834645669291 0.037675606641123884
13 0.468996062992126 0.2710727969348659 0.35334645669291337 0.037675606641123884
13 0.5691929133858268 0.16270753512132824 0.19488188976377951 0.02362707535121328
6 0.5669291338582677 0.1966794380587484 0.5393700787401575 0.038314176245210725
13 0.4763779527559055 0.23371647509578544 0.3562992125984252 0.034482758620689655
16 0.31643700787401574 0.15900383141762453 0.0344488188976378 0.022988505747126436
0 0.8001968503937008 0.9888250319284803 0.3956692913385827 0.0210727969348659