13 0.5118460019743336 0.7777777777777778 0.38795656465942746 0.07535121328224777
13 0.5602171767028628 0.26468710089399744 0.7354392892398816 0.08620689655172414
6 0.5616979269496545 0.14495530012771393 0.736426456071076 0.08812260536398467
13 0.5641658440276407 0.5683269476372924 0.7235932872655478 0.04853128991060025
13 0.5602171767028628 0.32343550446998726 0.71964461994077 0.03384418901660281
13 0.5602171767028628 0.3732439335887612 0.7334649555774926 0.06449553001277139
13 0.562685093780849 0.6532567049808429 0.7344521224086871 0.05363984674329502
13 0.49654491609081935 0.45849297573435505 0.5528134254689042 0.035759897828863345
16 0.21322803553800593 0.08684546615581099 0.03356367226061204 0.020434227330779056
13 0.49358341559723595 0.7097701149425287 0.26456071076011844 0.04661558109833972
13 0.5572556762092794 0.08652618135376756 0.3899308983218164 0.02234993614303959
13 0.4442250740375123 0.609514687100894 0.46594274432379074 0.0351213282247765
13 0.5110562685093781 0.8533077905491698 0.3909378084896347 0.07443805874840358
13 0.41954590325765057 0.20689655172413793 0.42645607107601186 0.033205619412515965
13 0.42941757156959526 0.49233716475095785 0.4165844027640671 0.034482758620689655
0 0.8025666337611056 0.9904214559386973 0.3928923988153998 0.017879948914431672
13 0.41016781836130306 0.5268199233716475 0.3998025666337611 0.033205619412515965
23 0.638568608094768 0.9037994891443166 0.3003356367226061 0.021947637292464878
13 0.45484698914116484 0.423154533844189 0.466969397828233 0.035274584929757345