23 0.474169921875 0.18735689045936396 0.4610546875 0.07171024734982331
23 0.467490234375 0.09236749116607773 0.346552734375 0.10161837455830389
23 0.43115234375 0.49435335689045934 0.29287109375 0.048014134275618375
23 0.51021484375 0.43746289752650175 0.467490234375 0.05166077738515901
23 0.522939453125 0.3186501766784452 0.491298828125 0.05091872791519434
23 0.503720703125 0.3769752650176678 0.4538671875 0.04913074204946996
23 0.5962109375 0.5466219081272085 0.278046875 0.04298939929328622
23 0.48072265625 0.25662897526501766 0.32017578125 0.052614840989399295
32 0.51333984375 0.021448763250883393 0.204326171875 0.019469964664310956
1 0.803984375 0.9899575971731448 0.38470703125 0.01669964664310954
31 0.7082421875 0.5786996466431096 0.049638671875 0.02080565371024735
28 0.75396484375 0.02392226148409894 0.04275390625 0.019759717314487633