1 0.08881578947368421 0.4466794380587484 0.07017543859649122 0.042784163473818644
13 0.4100877192982456 0.0871647509578544 0.39035087719298245 0.027458492975734355
16 0.7549342105263158 0.09386973180076628 0.04057017543859649 0.024265644955300127
8 0.41502192982456143 0.3586270753512133 0.6831140350877193 0.07101532567049808
8 0.4194078947368421 0.5956641123882502 0.6853070175438597 0.06872286079182631
13 0.42095394736842107 0.46599616858237547 0.7282675438596491 0.13187100893997444
13 0.3881578947368421 0.13154533844189017 0.6666666666666666 0.06257982120051085
0 0.7817982456140351 0.9904214559386973 0.4342105263157895 0.017879948914431672
1 0.19940789473684212 0.7072477650063856 0.07117324561403508 0.041494252873563224
13 0.40751096491228067 0.6871583652618135 0.505186403508772 0.09616219667943807
13 0.4554495614035088 0.26825031928480203 0.48710526315789476 0.04496168582375479
13 0.3037828947368421 0.22717752234993613 0.5042763157894736 0.04577266922094509
13 0.45614035087719296 0.18347381864623244 0.5240899122807018 0.04339719029374201