13 0.6663366336633664 0.140485312899106 0.4079207920792079 0.03959131545338442
13 0.6648514851485149 0.17943805874840357 0.4089108910891089 0.03959131545338442
13 0.6247524752475248 0.5801404853128991 0.3069306930693069 0.0210727969348659
13 0.6321782178217822 0.5600255427841635 0.32574257425742575 0.020434227330779056
13 0.6163366336633663 0.5386334610472542 0.29207920792079206 0.0210727969348659
13 0.6643564356435644 0.7844125159642402 0.4079207920792079 0.031149425287356324
13 0.6212871287128713 0.6497445721583652 0.30594059405940593 0.02362707535121328
13 0.6648514851485149 0.6245210727969349 0.4069306930693069 0.02937420178799489
13 0.2396039603960396 0.45306513409961685 0.41188118811881186 0.038952745849297574
13 0.24306930693069306 0.09163473818646233 0.4089108910891089 0.03384418901660281
13 0.2094059405940594 0.37484035759897827 0.33564356435643566 0.020434227330779056
13 0.24059405940594059 0.7946998722860792 0.4099009900990099 0.04661558109833972
13 0.6034653465346534 0.11015325670498084 0.26435643564356437 0.02234993614303959
13 0.6653465346534654 0.21296296296296297 0.4099009900990099 0.031289910600255426
13 0.2396039603960396 0.20561941251596424 0.4099009900990099 0.038314176245210725
13 0.4425742574257426 0.06513409961685823 0.2376237623762376 0.021711366538952746
13 0.24059405940594059 0.7563856960408685 0.4079207920792079 0.030012771392081736
13 0.6272277227722772 0.39664112388250317 0.32772277227722774 0.021526181353767562
13 0.22623762376237624 0.5047892720306514 0.38712871287128714 0.02234993614303959
13 0.6648514851485149 0.7139655172413792 0.4089108910891089 0.03201787994891443
13 0.24207920792079207 0.12388250319284802 0.4089108910891089 0.03065134099616858
13 0.6638613861386139 0.2934802043422733 0.41287128712871285 0.04545338441890166
13 0.6242574257425743 0.7595785440613027 0.3217821782178218 0.0210727969348659
8 0.6643564356435644 0.25862068965517243 0.0891089108910891 0.016602809706257982
13 0.5955445544554455 0.2388250319284802 0.26633663366336635 0.022988505747126436
13 0.6678217821782179 0.6890166028097062 0.402970297029703 0.020434227330779056
13 0.24108910891089108 0.16251596424010217 0.4089108910891089 0.0491698595146871
13 0.5822178217821782 0.4165708812260537 0.2357128712871287 0.018320561941251597
13 0.24207920792079207 0.6864623243933589 0.41089108910891087 0.02937420178799489
13 0.6638613861386139 0.8330140485312899 0.4089108910891089 0.031289910600255426
13 0.17574257425742573 0.8588761174968071 0.26633663366336635 0.024265644955300127
13 0.2396039603960396 0.23914431673052364 0.4099009900990099 0.031289910600255426
13 0.20742574257425742 0.6439974457215837 0.33960396039603963 0.0210727969348659
16 0.8574257425742574 0.06928480204342273 0.023762376237623763 0.017241379310344827
13 0.20643564356435642 0.3946360153256705 0.33762376237623765 0.021711366538952746
13 0.6653465346534654 0.37092592592592594 0.4099009900990099 0.02793103448275862
13 0.2391089108910891 0.7298850574712644 0.39504950495049507 0.021711366538952746
13 0.24108910891089108 0.8330140485312899 0.4089108910891089 0.031289910600255426
13 0.16237623762376238 0.663154533844189 0.24554455445544554 0.018518518518518517
13 0.15544554455445544 0.5261813537675607 0.23366336633663368 0.020434227330779056
13 0.5816831683168316 0.518837803320562 0.23465346534653464 0.0210727969348659
13 0.6158415841584158 0.8591954022988506 0.3089108910891089 0.02362707535121328
13 0.5925742574257425 0.08780332056194125 0.23663366336633662 0.02362707535121328
13 0.5906237623762376 0.6011430395913154 0.23075247524752476 0.018895274584929758
13 0.2376237623762376 0.41954022988505746 0.4099009900990099 0.02937420178799489
13 0.24108910891089108 0.5678671775223499 0.41287128712871285 0.027177522349936145
13 0.15148514851485148 0.4840357598978289 0.22574257425742575 0.020434227330779056
13 0.1603960396039604 0.710727969348659 0.22574257425742575 0.019157088122605363
0 0.8021386138613861 0.9915581098339719 0.39465346534653467 0.01524904214559387
13 0.6038811881188119 0.8087292464878671 0.2521782178217822 0.01847381864623244
13 0.5977722772277227 0.7394955300127714 0.23975247524752477 0.02033844189016603
13 0.5853069306930693 0.67 0.21308910891089108 0.018205619412515965
13 0.664970297029703 0.494125159642401 0.4056633663366337 0.02971264367816092
13 0.6271980198019802 0.4366347381864623 0.3021089108910891 0.019699872286079185
13 0.6183861386138614 0.3454022988505747 0.2844455445544555 0.020172413793103448
13 0.24048514851485148 0.6190357598978289 0.4069405940594059 0.027630906768837806
13 0.24653465346534653 0.5940549169859515 0.3901980198019802 0.021519795657726694
13 0.1658910891089109 0.5454342273307791 0.22521782178217822 0.017982120051085567
13 0.2128910891089109 0.35433588761174967 0.3266831683168317 0.020925925925925928
8 0.2368019801980198 0.2616155810983397 0.09473267326732673 0.008639846743295019
9 0.24682178217821782 0.30507024265644955 0.2778514851485148 0.07531289910600256
13 0.6483366336633664 0.32610472541507024 0.3430693069306931 0.017292464878671775
13 0.6653069306930693 0.4630395913154534 0.37555445544554455 0.03106641123882503