30 0.43487439613526574 0.08159848961611076 0.07211111111111111 0.02194619257394588
30 0.7704299516908213 0.08631686595342983 0.0685024154589372 0.02089521711768408
28 0.3064782608695652 0.08177470106985525 0.04881400966183575 0.013908118313404659
13 0.4394130434782609 0.12982064191315293 0.3259565217391304 0.07433920704845814
15 0.43040821256038647 0.17303335431088734 0.3031135265700483 0.01182347388294525
15 0.4375169082125604 0.21382787916928886 0.3189420289855073 0.0713860918816866
15 0.4355048309178744 0.3170437382001259 0.31867391304347825 0.1348237885462555
15 0.42879951690821255 0.5086752674638138 0.3224371980676329 0.2499213341724355
15 0.42471871980676335 0.6766479704216488 0.3230171497584542 0.08765025173064822
15 0.41908478260869564 0.7827338735053493 0.31818792270531393 0.1299038703587162
15 0.7513315217391304 0.6495540434235367 0.32784661835748796 0.3166593769666456
15 0.7446663043478261 0.8329326620516048 0.3197137681159421 0.05618753933291387
15 0.7580507246376812 0.2939474512271869 0.32769806763285025 0.39490245437382