30 0.27818885036009605 0.0727128973809916 0.3767751400373433 0.015847471586229615
30 0.6564550546812484 0.07079064404546202 0.25840757535342757 0.018593312469115466
28 0.8498266204321152 0.0753203755559216 0.02098159509202454 0.0161209026519519
16 0.2719498532942118 0.1271800362378521 0.052211256335022674 0.01387415582276396
16 0.2827820752200587 0.28136715532861145 0.05431848492931448 0.012851260088947455
16 0.27378234195785545 0.3869148410476034 0.0536569751933849 0.013109866578817329
16 0.27845025340090696 0.43852413111513755 0.05765537476660443 0.012553121396804479
16 0.2771165644171779 0.5325597100971834 0.05765537476660443 0.014495140833470598
16 0.27889570552147236 0.7260105419206061 0.04520938917044545 0.016229616208202933
16 0.6667671379034409 0.6216175259430078 0.055414777273939717 0.013070334376544226
16 0.6700986929847959 0.22410970186130785 0.056745798879701256 0.013638609784220062
15 0.2399409175780208 0.09321265030472739 0.3124387836756468 0.02016603524954702
15 0.23195238730328088 0.11345593806621644 0.2977489997332622 0.019752594300774168
15 0.276071885836223 0.16239499258771206 0.38645158708989064 0.060206885191895876
15 0.2762600693518271 0.1961807774666447 0.3846529741264337 0.023703014330423294
15 0.27661576420378764 0.20969774337012026 0.38323046145638834 0.013820457914676315
15 0.2767071218991731 0.22244193707791138 0.38234622566017606 0.022825234722450988
15 0.2766182982128567 0.2542651951902487 0.3811016271005601 0.04828364355130951
15 0.2134995998933049 0.33586723768736615 0.25593224859962654 0.08819469609619501
15 0.27621232328620965 0.4040784055345083 0.38126967191251004 0.019431724592324163
15 0.22066150973592957 0.4245923241640586 0.27016804481194984 0.01681271619173118
15 0.2774393171512403 0.48017789491022894 0.3837236596425713 0.06565969362543238
15 0.20377967457988796 0.5188799209355954 0.2377380634835956 0.01184648328117279
15 0.27687916777807414 0.6299802338988635 0.391939183782342 0.17474715862296164
15 0.28143771672445983 0.7424312304397958 0.38104827954121095 0.017502882556415748
15 0.2842144571885836 0.7772772195684402 0.3879354494531875 0.05260583099983528
15 0.1752253934382502 0.811054192060616 0.16862363296879165 0.013093394827870202
15 0.23710856228327554 0.8338445066710592 0.2883889037076554 0.02572887497941031
15 0.22155508135502802 0.8573776972492176 0.2599493198186183 0.019263712732663484
15 0.28521472392638036 0.8829665623455772 0.38860229394505197 0.031732828199637624
13 0.6675406775140038 0.12925547685718994 0.38726593758335554 0.09489046285620162
15 0.6018724993331556 0.18829846812716194 0.25771672445985594 0.017786196672706308
15 0.599207788743665 0.20744028990281665 0.25238463590290744 0.017361225498270468
15 0.5960976260336089 0.23791632350518863 0.2434969325153374 0.012429583264701036
15 0.6674233128834356 0.2609668917805963 0.3861483062149907 0.027232745840882887
15 0.6375380101360363 0.28902816669411957 0.327711389703921 0.02652775490034591
15 0.6691997866097625 0.3702174271125021 0.3897039210456122 0.13207708779443256
15 0.615428114163777 0.4685867237687366 0.2821579087756735 0.06279855048591665
15 0.5935422779407842 0.510034590676989 0.23971992531341693 0.018860154834458902
15 0.6719791944518538 0.5564190413440949 0.39392638036809813 0.0720985010706638
15 0.6192051213656975 0.6023422829846813 0.287047212590024 0.018168341294679625
15 0.6720885569485195 0.6436715532861144 0.3928140837556682 0.02779937407346401
15 0.6707575353427581 0.6659018283643552 0.3928140837556682 0.017904793279525613
15 0.6694238463590291 0.6881436336682589 0.39014937316617765 0.028346236204908584
15 0.5803200853560949 0.7166298797562181 0.2092771405708189 0.025200131774007577
15 0.6737556681781808 0.8091681765771701 0.3948146172312617 0.15646351507165213
15 0.6459829287810083 0.890739581617526 0.3259295812216591 0.008568604842694779
29 0.8481355028007468 0.8984911876132432 0.04338757001867165 0.011719650798879922