15 0.3563319946452477 0.13093936944219886 0.3977536813922356 0.06739854486661277
15 0.35767068273092373 0.08889248181083265 0.3950763052208835 0.016721099434114792
28 0.17576171352074968 0.0737946645109135 0.031258366800535474 0.011314470493128538
30 0.3577751004016064 0.06898302344381568 0.24178580990629184 0.017859337105901374
15 0.752243641231593 0.09689733225545674 0.38457831325301206 0.02965076798706548
30 0.7351030789825971 0.07329345189975747 0.2360615796519411 0.01785610347615198
15 0.3549451137884873 0.17832821341956345 0.39752342704149934 0.02614874696847211
15 0.3540321285140562 0.2565594179466451 0.3949022757697457 0.07719320937752627
15 0.29934404283801874 0.2061083265966047 0.2856091030789826 0.022628940986257076
15 0.35322088353413655 0.3249959579628132 0.39744042838018745 0.025219078415521422
15 0.3515635876840696 0.3032934518997575 0.3900428380187416 0.01627647534357316
15 0.258805890227577 0.3559983831851253 0.2098045515394913 0.03031689571544058
15 0.28239625167336013 0.3858625707356508 0.2588540829986613 0.020974939369442197
15 0.3520562248995984 0.4417510105092967 0.39273360107095046 0.07894421988682296
15 0.34971352074966533 0.5179304769603881 0.39552878179384204 0.05952950687146322
15 0.3195261044176707 0.48544866612772836 0.3312449799196787 0.007898140662894099
15 0.34888353413654616 0.5644963621665319 0.39183132530120485 0.03327243330638642
15 0.34733601070950465 0.6959078415521422 0.38877108433734936 0.0797445432497979
15 0.34727175368139224 0.6434502829426031 0.3920937081659973 0.026400970088924818
15 0.34735475234270413 0.6177607113985448 0.38775100401606427 0.02375909458367017
15 0.3489317269076305 0.5935812449474536 0.39183935742971887 0.025828617623282136
15 0.24749933065595717 0.7953290218270007 0.1997215528781794 0.02943088116410671
15 0.251710843373494 0.7702441390460792 0.21171352074966532 0.018063055780113177
16 0.34076840696117805 0.7494648342764753 0.07033199464524766 0.015311236863379143
15 0.34400267737617135 0.8476992724333064 0.3873734939759036 0.02746160064672595
15 0.34446854082998657 0.8812287793047695 0.3881338688085676 0.04021341956345998
16 0.3441499330655957 0.8236540016168149 0.08602141900937083 0.01278415521422797
15 0.7518607764390897 0.18730638641875505 0.3802409638554217 0.10360549717057396
16 0.7597242302543508 0.12329668552950687 0.07468540829986613 0.01438965238480194
15 0.7507764390896922 0.2630396119644301 0.383429718875502 0.04919482619240097
15 0.7493949129852744 0.30141956345998383 0.3853253012048193 0.02818108326596605
15 0.7473333333333333 0.39582538399353273 0.3801124497991968 0.11320452708164915
16 0.7544953145917002 0.32885529506871464 0.06779384203480589 0.01698949070331447
15 0.7479919678714859 0.4947485852869846 0.38251673360107097 0.08622797089733227
15 0.7415502008032129 0.7029345189975748 0.38290227576974567 0.04325788197251415
15 0.7432074966532798 0.6736459175424414 0.38315662650602406 0.01668229587712207
15 0.7419973226238287 0.6525626515763945 0.3837938420348059 0.024976556184316896
15 0.7453119143239625 0.6280420371867421 0.38430254350736276 0.02428294260307195
15 0.7447817938420349 0.6027485852869846 0.3821499330655957 0.026916734033953112
15 0.7478634538152611 0.5763265966046888 0.38634270414993305 0.026085691188358934
15 0.7496465863453815 0.5505675020210187 0.38991164658634536 0.026785772029102664
15 0.7402115127175368 0.7371010509296686 0.3802248995983936 0.026664510913500403
15 0.7389799196787149 0.8630428455941794 0.38661044176706827 0.09156184316895714
15 0.6746880856760374 0.8030363783346807 0.2580240963855422 0.022210185933710592
15 0.6784497991967872 0.7829523039611965 0.2709076305220884 0.014378334680679063
16 0.7471004016064258 0.7656750202101859 0.08156358768406961 0.013238480194017785