15 0.26475817923186346 0.32579582875960483 0.35028449502133713 0.08781558726673985
15 0.27293741109530584 0.6957189901207464 0.3509957325746799 0.24720087815587266
15 0.26795874822190613 0.4700680570801317 0.3509957325746799 0.20292645444566412
15 0.6420092460881934 0.8201953896816685 0.35135135135135137 0.06454006586169045
15 0.6383357041251778 0.5739121844127333 0.35538051209103844 0.4278792535675082
15 0.27542674253200566 0.837211855104281 0.34957325746799434 0.03578265642151482
13 0.6251778093883357 0.20691547749725575 0.3506401137980085 0.2597145993413831
28 0.7709815078236131 0.06761800219538969 0.04694167852062589 0.018880351262349066
30 0.6194879089615932 0.06520307354555434 0.07112375533428165 0.02283205268935236
33 0.2715078236130868 0.179569703622393 0.3410277382645804 0.20633809001097694
30 0.2612019914651494 0.06344676180021953 0.07432432432432433 0.023710208562019757
15 0.5977169274537696 0.3545773874862788 0.2532788051209104 0.009848518111964874
15 0.602300853485064 0.34383534577387487 0.2631578947368421 0.012074643249176729
29 0.8073968705547653 0.8559517014270033 0.021145092460881934 0.011499451152579583