15 0.6323839662447257 0.1494665795776181 0.34353023909985936 0.06422817330720662
13 0.27267932489451474 0.16013498802525583 0.34353023909985936 0.15044633137382973
15 0.6360759493670886 0.21837578924450252 0.3431786216596343 0.07533202699760505
15 0.29658931082981715 0.8082952318745917 0.34563994374120954 0.08904855214456782
13 0.630801687763713 0.10069671238841715 0.34247538677918427 0.034182451556716745
15 0.6510196905766527 0.5905726104942304 0.34563994374120954 0.07424341389070324
16 0.6374824191279888 0.33714347920748966 0.04922644163150492 0.019812758545612888
15 0.6573488045007032 0.7392771608970172 0.34353023909985936 0.032440670585673854
15 0.28561181434599153 0.49956455475723927 0.3661849507735584 0.5279773568473765
15 0.659634317862166 0.8407598519486175 0.34528832630098455 0.022906596995427825
15 0.6377180028129396 0.27215327672545175 0.34130450070323487 0.03222294796429349
30 0.6211322081575246 0.07097757456999783 0.06575246132208158 0.023514043109079032
15 0.6582278481012658 0.7868865665142608 0.34528832630098455 0.06335728282168518
28 0.7906118143459916 0.07348138471587198 0.013009845288326301 0.015893751360766383
15 0.6387130801687764 0.3053559764859569 0.3442334739803094 0.035488787284998914
15 0.6476793248945147 0.5423470498584803 0.3459915611814346 0.021334639669061614
15 0.6425808720112518 0.3989767036795123 0.34563994374120954 0.09906379272806444
15 0.6522503516174403 0.6748312649684303 0.34528832630098455 0.09514478554321794
15 0.6459810126582278 0.48494230350533424 0.3461075949367089 0.07257130415850206
30 0.2722433192686357 0.07285869801872415 0.07722573839662447 0.026213803614195515
29 0.744113924050633 0.8576703679512302 0.04112517580872011 0.013718702373176572
15 0.6368178621659634 0.8237578924450251 0.3027074542897328 0.009949923797082517
15 0.6378586497890295 0.5273633790550838 0.32869198312236286 0.011110385369039844
2 0.48987693389592124 0.36406270411495756 0.034138537271448666 0.022412366644894405