13 0.6995614035087719 0.13381515549715287 0.3316464237516869 0.06657906263688129
13 0.35053981106612686 0.15002190100744633 0.3333333333333333 0.09855453350854139
15 0.372638326585695 0.5715067893123084 0.3309716599190283 0.0856329391151993
15 0.7327935222672065 0.8211782742006132 0.33468286099865047 0.1176084099868594
15 0.37719298245614036 0.6616294349540078 0.3333333333333333 0.09592641261498029
28 0.20091093117408906 0.09143670608848008 0.04082321187584345 0.022558037669732807
15 0.36578609986504723 0.46506789312308366 0.33063427800269907 0.12768287341217696
30 0.33940620782726044 0.08848007008322382 0.06545209176788123 0.02102496714848883
30 0.7258771929824561 0.08946561541830925 0.06511470985155196 0.020805957074025404
15 0.35880566801619435 0.3266535260621989 0.33367071524966263 0.14914586070959265
15 0.3535762483130904 0.22612790188348664 0.3319838056680162 0.053219448094612355
15 0.38883265856950067 0.8645422689443715 0.3269230769230769 0.013797634691195795
15 0.7110323886639676 0.44349540078843624 0.33704453441295545 0.38282961016206746
15 0.7015856950067476 0.20948313622426631 0.3323211875843455 0.08607095926412615
15 0.7246963562753036 0.6671046868155935 0.33063427800269907 0.06438896189224705
15 0.3851214574898785 0.8207402540516864 0.3316464237516869 0.07555847568988174
15 0.7272267206477733 0.7308366184844503 0.3309716599190283 0.06351292159439334
15 0.38073549257759787 0.7466053438458169 0.3316464237516869 0.07446342531756461