15 0.2561505376344086 0.6075538461538461 0.3579426523297491 0.11898901098901099
15 0.6149928315412186 0.3130747252747253 0.35806093189964155 0.36637142857142857
15 0.6243118279569893 0.6778021978021977 0.3590179211469534 0.3643934065934066
15 0.2507168458781362 0.48465274725274726 0.35089605734767026 0.129010989010989
13 0.6105734767025089 0.10835164835164836 0.35017921146953407 0.045714285714285714
15 0.2594372759856631 0.7648373626373627 0.3525663082437276 0.19823956043956045
15 0.24743010752688174 0.34054945054945057 0.3543584229390681 0.1378
28 0.7621863799283154 0.07384615384615385 0.04695340501792115 0.02197802197802198
30 0.24050179211469533 0.0731868131868132 0.07168458781362007 0.02241758241758242
30 0.6094982078853046 0.07362637362637363 0.07347670250896057 0.02197802197802198
13 0.24265232974910395 0.1789010989010989 0.35197132616487453 0.1854945054945055
29 0.6799856630824374 0.8655494505494505 0.07084587813620072 0.01388131868131868
15 0.23138351254480286 0.4154285714285714 0.3080430107526882 0.010707692307692307