15 0.2687966693526726 0.12917290784760666 0.3846199301638464 0.0852979485509606
13 0.2689255976363148 0.07634483881471833 0.38129465484824066 0.019801367632692933
30 0.3268734891216761 0.05797134483881472 0.1569621273166801 0.015618690980136764
13 0.578170829975826 0.08817648974275481 0.21189094816008594 0.03912569195701726
30 0.6291431641149611 0.061227613155324 0.07925866236905721 0.013448388147183327
28 0.8443835616438355 0.06828231846304135 0.026258393768466292 0.012360794529469228
15 0.26611066344345957 0.18352979485509607 0.3828310502283105 0.025771735591012698
15 0.2668009669621273 0.20950179094757407 0.3857829707225356 0.024312927385216544
15 0.26590384098845016 0.27312113318137415 0.387061509535321 0.09911917942038423
15 0.2677733011012624 0.35874796483230215 0.38257319366102605 0.0690312601758385
15 0.2697555734622616 0.44107456854444804 0.38474885844748863 0.0947525236079453
15 0.2698683857104486 0.5408612829697167 0.38680633897394573 0.0573510257245197
15 0.2707789417136718 0.4999251058287203 0.38679290894439966 0.025760338651904916
15 0.26827021219446684 0.6491370888961251 0.3846306741874832 0.08718821230869424
15 0.2682057480526457 0.597110061869098 0.3865484824066613 0.018819602735265388
15 0.2687966693526726 0.5779973949853467 0.3846199301638464 0.0212634321068056
16 0.2684340585549288 0.7129452946922826 0.07947622884770346 0.015460761966786063
15 0.2668788611334945 0.7603484207098665 0.38436475960247113 0.05708075545424943
15 0.26617512758528067 0.8087300553565614 0.38474885844748863 0.043130901986323675
15 0.2643056674724684 0.8536974926733962 0.38897931775449907 0.04494301530446109
15 0.17771420897125972 0.8791224356887007 0.22193392425463335 0.01579941387170303
15 0.6600725221595487 0.3017779225008141 0.3846494762288477 0.33064799739498535
16 0.6590706419554122 0.12337349397590361 0.06748589846897664 0.018342559426896776
15 0.6385898468976631 0.47860631716053403 0.3416841257050765 0.02654021491370889
15 0.6641498791297341 0.5573396287854119 0.3897179693795327 0.09386030608922176
15 0.6633843674456085 0.5016330185607294 0.3912543647596025 0.017033539563660046
15 0.6647891485361268 0.6264995115597525 0.39201987644372815 0.043459785086291114
15 0.6642143432715552 0.703829371540215 0.3949637389202256 0.05921361120156301
15 0.6649825409615902 0.6613839140345165 0.3934273435401558 0.025792901335070006
15 0.6637040021488047 0.750460761966786 0.3959844211657266 0.035415174210354936
15 0.5934837496642492 0.7858124389449691 0.2534998656997045 0.03356235753826115
15 0.6614020950846092 0.862959947899707 0.3934273435401558 0.06983555845001628
15 0.6591136180499597 0.81465483555845 0.38452054794520546 0.02567404754151742