13 0.27136752136752135 0.26760402377686326 0.353988603988604 0.360082304526749
15 0.6417378917378918 0.2422267946959305 0.35185185185185186 0.1236854138088706
15 0.28110042735042734 0.6242569730224051 0.3627706552706553 0.3536785550983082
15 0.6440527065527065 0.40843621399176955 0.35149572649572647 0.21101966163694558
15 0.651826923076923 0.7109030635573845 0.35636039886039883 0.37013488797439414
30 0.6426282051282052 0.07761774119798812 0.060897435897435896 0.02217649748513946
15 0.28620726495726495 0.8470507544581619 0.35185185185185186 0.09251486053955191
28 0.7936253561253561 0.07967535436671239 0.04024216524216524 0.020804755372656608
30 0.25801282051282054 0.07647462277091907 0.07514245014245015 0.023090992226794695
15 0.6161360398860398 0.520546410608139 0.25743945868945867 0.012896662094192957
29 0.8137998575498576 0.8992089620484682 0.03881054131054131 0.012409693644261546
13 0.6411431623931624 0.13591678097850937 0.3525641025641026 0.09167809785093736