13 0.26830985915492955 0.07019927536231885 0.39859154929577467 0.049818840579710144
20 0.2697183098591549 0.13360507246376813 0.4014084507042254 0.0769927536231884
20 0.2676056338028169 0.19927536231884058 0.4084507042253521 0.05434782608695652
20 0.26901408450704223 0.28396739130434784 0.4 0.11141304347826086
21 0.3908450704225352 0.3491847826086957 0.1619718309859155 0.01358695652173913
15 0.26901408450704223 0.4696557971014493 0.4 0.04076086956521739
20 0.273943661971831 0.5416666666666666 0.3873239436619718 0.09963768115942029
20 0.27535211267605636 0.6453804347826086 0.3845070422535211 0.10416666666666667
20 0.271830985915493 0.7672101449275363 0.38591549295774646 0.13768115942028986
20 0.27253521126760566 0.855072463768116 0.39859154929577467 0.03804347826086957
21 0.44929577464788734 0.8840579710144928 0.056338028169014086 0.012681159420289856
15 0.7028169014084507 0.06929347826086957 0.39154929577464787 0.049818840579710144
20 0.7014084507042253 0.13541666666666666 0.39436619718309857 0.07880434782608696
20 0.7014084507042253 0.2441123188405797 0.39436619718309857 0.13858695652173914
20 0.702112676056338 0.3392210144927536 0.3957746478873239 0.04800724637681159
20 0.7028169014084507 0.5004528985507246 0.3971830985915493 0.2653985507246377
20 0.7035211267605633 0.686141304347826 0.3901408450704225 0.10054347826086957
20 0.704225352112676 0.7572463768115942 0.39154929577464787 0.036231884057971016
21 0.8338028169014085 0.7857789855072463 0.1352112676056338 0.017210144927536232
25 0.6788732394366197 0.8840579710144928 0.323943661971831 0.014492753623188406
28 0.8873239436619719 0.9239130434782609 0.04507042253521127 0.02355072463768116