29 0.7866861598440545 0.8939613690274483 0.022855750487329435 0.01677397492375466
29 0.13885477582846004 0.891562182311081 0.07465399610136453 0.017058624195188072
15 0.6700779727095516 0.8373432734666215 0.4044834307992203 0.09962724500169434
15 0.6669931773879143 0.7012300914944086 0.4044834307992203 0.1531684174855981
15 0.6686159844054581 0.5808200609962725 0.4044834307992203 0.07251779057946459
15 0.6693469785575049 0.5091494408675026 0.402046783625731 0.04642494069806845
15 0.6693469785575049 0.444425618434429 0.4039961013645224 0.059979667909183326
15 0.6700779727095516 0.3791934937309387 0.40350877192982454 0.04608607251779058
15 0.6693469785575049 0.3157133175194849 0.4030214424951267 0.0603185360894612
15 0.6705653021442495 0.22890545577770247 0.40350877192982454 0.09928837682141647
13 0.2417982456140351 0.4777397492375466 0.4208869395711501 0.8158624195188072
13 0.6700779727095516 0.11995933581836665 0.40350877192982454 0.09894950864113859
30 0.6739766081871345 0.05455777702473738 0.0847953216374269 0.020332090816672314
30 0.2525194931773879 0.05489664520501525 0.09405458089668615 0.018976618095560827
28 0.8635477582846004 0.05811589291765503 0.017543859649122806 0.017282277194171466