30 0.3782670182166827 0.09512403100775194 0.11202540747842761 0.02384031007751938
30 0.7318863854266539 0.09555503875968993 0.10976989453499521 0.023668217054263564
28 0.23554650047938638 0.10012093023255814 0.047104506232023016 0.021431007751937983
13 0.3803763183125599 0.40333023255813955 0.346349472674976 0.5844387596899225
15 0.38077660594439117 0.7471720930232558 0.34555129434324067 0.10209612403100775
15 0.38130872483221473 0.8343286821705427 0.3498106423777565 0.0738248062015504
15 0.7341778523489932 0.8540527131782947 0.344460690316395 0.033686821705426355
15 0.7339117929050816 0.7970573643410853 0.34712368168744007 0.08093488372093023
15 0.735774209012464 0.7318279069767442 0.3476558005752637 0.050734883720930234
15 0.7357766059443911 0.6899674418604651 0.344460690316395 0.03109612403100775
15 0.7352420901246404 0.6093705426356589 0.34339645254074785 0.13037054263565892
15 0.7175383509108342 0.5392325581395349 0.3063878235858102 0.010765891472868216
15 0.7325790987535954 0.3979937984496124 0.344460690316395 0.27195813953488374
15 0.732447267497603 0.21590387596899224 0.34259827420901245 0.09175503875968993
13 0.7328475551294343 0.1394046511627907 0.34179769894534995 0.0627875968992248