30 0.4463809766022381 0.05857414448669202 0.49714903357070195 0.01575253485424588
28 0.7689292980671414 0.06024714828897338 0.0520473041709054 0.01804340937896071
2 0.6357527975584945 0.7723795944233207 0.036625127161749746 0.02490177439797212
16 0.7032782299084436 0.756528833967047 0.022474567650050865 0.012213244613434728
16 0.35034842319430315 0.47798320659062105 0.02193285859613428 0.010321609632446136
2 0.28225584944048826 0.4940082382762991 0.034954221770091554 0.02266001267427123
15 0.15156408952187184 0.07783428390367554 0.1296236012207528 0.013083016476552597
15 0.1487410986775178 0.08901615969581748 0.12397507629704986 0.0090415082382763
15 0.13927772126144455 0.09861216730038024 0.10335198372329603 0.01028041825095057
15 0.14859867751780265 0.10917775665399239 0.12538657171922685 0.010286755386565274
15 0.15326042726347916 0.11930291508238276 0.13301373346897252 0.010470532319391636
15 0.1461978636826043 0.12907636248415716 0.1188911495422177 0.010652724968314322
15 0.141236012207528 0.13990811153358682 0.10727110885045779 0.01048637515842839
15 0.1240030518819939 0.14976869455006336 0.07619786368260427 0.011197718631178709
15 0.13869277721261444 0.15998098859315588 0.10557731434384537 0.01050063371356147
15 0.17174465920651066 0.17512674271229406 0.1716785350966429 0.019667300380228136
15 0.1652466937945066 0.18991761723700887 0.1586826042726348 0.011224651457541191
15 0.13925737538148525 0.20092363751584283 0.10670651068158697 0.011056717363751585
15 0.12202695829094608 0.2116318124207858 0.07224313326551374 0.010291508238276298
15 0.14490844354018312 0.2213165399239544 0.11800610376398779 0.010651140684410648
15 0.14603763987792473 0.2317046894803549 0.120264496439471 0.010305766793409379
15 0.14829857578840286 0.24139100126742713 0.12478636826042727 0.009958808618504436
15 0.17301373346897253 0.2515066539923954 0.17252543234994913 0.010830164765525983
15 0.15380722278738554 0.2620722433460076 0.13410732451678534 0.010836501901140685
15 0.1556408952187182 0.2721086818757921 0.13947355035605288 0.009786121673003802
15 0.15168616480162767 0.2821467046894804 0.13156408952187182 0.010850760456273763
15 0.15027466937945066 0.2920960076045627 0.12873855544252288 0.010681242078580481
15 0.15394710071210582 0.3024857414448669 0.13608596134282808 0.010335868187579214
15 0.10988046795523906 0.31311945500633714 0.047950152594099696 0.00942490494296578
15 0.16213886063072228 0.32359790874524713 0.15246693794506613 0.010312103929024081
15 0.15380467955239063 0.3335472116603295 0.13749745676500508 0.010847591888466413
15 0.1632680569684639 0.3442886565272497 0.15472787385554426 0.010502217997465146
15 0.14999237029501525 0.35458967046894807 0.13156408952187182 0.011037705956907479
15 0.154793997965412 0.36480354879594423 0.14116988809766023 0.01034062103929024
15 0.13982197355035605 0.37481622306717366 0.11122583926754831 0.010299429657794677
15 0.133324008138352 0.384941381495564 0.0982324516785351 0.010481622306717363
15 0.1391149542217701 0.39497782002534854 0.11150813835198373 0.011546261089987325
15 0.1504145473041709 0.40580798479087454 0.13410732451678534 0.011025031685678074
15 0.14886063072227876 0.41690114068441064 0.1293056968463886 0.009976235741444867
15 0.15239318413021363 0.4258824461343473 0.13806205493387588 0.009629277566539925
15 0.15352238046795524 0.4366238910012674 0.1403204476093591 0.011397338403041826
15 0.1484384537131231 0.44754119138149556 0.13015259409969482 0.00999683143219265
15 0.1410935910478128 0.457378010139417 0.118853001017294 0.010655893536121674
15 0.17061291963377417 0.47155418250950565 0.17619786368260426 0.01894169835234474
15 0.16978382502543235 0.48701996197718633 0.17454221770091555 0.013963878326996198
15 0.14210071210579858 0.4990811153358682 0.11917344862665309 0.009570659062103928
15 0.15904883011190235 0.5089432826362484 0.15307222787385555 0.010282002534854246
15 0.13899287894201423 0.518803865652725 0.11296032553407935 0.010991761723700887
15 0.14775178026449645 0.5284014575411914 0.1304730417090539 0.010118821292775665
15 0.16936164801627668 0.5443393536121672 0.17538911495422177 0.019814638783269962
15 0.1624389623601221 0.5595389733840304 0.16324262461851474 0.012192648922686945
15 0.1644175991861648 0.5706321292775666 0.16380722278738558 0.01114385297845374
15 0.16893692777212616 0.5818140050697085 0.176236012207528 0.012032636248415716
15 0.1466200406917599 0.5917633079847909 0.1282146490335707 0.009044676806083651
15 0.1501525940996948 0.6018884664131813 0.136971007121058 0.011340304182509505
15 0.16950152594099696 0.6169455006337136 0.17736520854526958 0.0192743979721166
15 0.17034842319430313 0.6325063371356148 0.1756714140386572 0.010259822560202789
15 0.17148016276703967 0.6481796577946768 0.17792980671414038 0.018371356147021546
15 0.17243896236012207 0.6626093155893537 0.1781536113936928 0.01237642585551331
15 0.15972533062054933 0.6739670468948036 0.15272889114954222 0.01079847908745247
15 0.1708850457782299 0.6899049429657795 0.17673957273652086 0.02049429657794677
15 0.1677772126144456 0.7043425221799747 0.16713631739572735 0.009234790874524714
15 0.17046032553407936 0.7187848542458809 0.17419888097660224 0.02121831432192649
15 0.14800356052899288 0.7356875792141951 0.1309791454730417 0.01136723700887199
15 0.16805951169888098 0.7458998732572877 0.17109104781281792 0.010671736375158428
15 0.12766531027466937 0.7551441698352345 0.0903001017293998 0.008388783269961978
15 0.15647761953204475 0.7651821926489226 0.14792726347914548 0.011565272496831432
15 0.1706027466937945 0.776348225602028 0.17617497456765005 0.010660646387832701
15 0.1439064089521872 0.7863846641318124 0.1210910478128179 0.009610266159695817
15 0.1590208545269583 0.7965985424588087 0.15640386571719228 0.011026615969581748
15 0.15647761953204475 0.8073399873257289 0.15131739572736522 0.009272813688212927
15 0.17102492370295017 0.8169375792141952 0.1787182095625636 0.010511723700887198
15 0.14574262461851473 0.8273273130544994 0.12645981688708036 0.010166349809885932
15 0.16029247202441504 0.8372750316856781 0.15386063072227874 0.00999683143219265
15 0.1711673448626653 0.8481939163498099 0.17391658189216685 0.012821609632446135
15 0.17257884028484233 0.8630750950570342 0.16995930824008137 0.020403992395437262
15 0.11170396744659207 0.8783048162230671 0.05329603255340794 0.009672053231939162
15 0.31939979654120043 0.07661596958174906 0.10923957273652085 0.013814955640050697
15 0.3321108850457782 0.08788498098859315 0.13127161749745675 0.011006020278833966
15 0.32843845371312314 0.09880228136882128 0.12731943031536114 0.009603929024081114
15 0.4937207527975585 0.07723225602027883 0.10522380467955239 0.01187896070975919
15 0.7084613428280774 0.08154784537389101 0.17186673448626652 0.021566856780735107
15 0.7080366225839267 0.09871514575411915 0.17271363173957274 0.012598225602027883
15 0.6485732451678535 0.10919201520912548 0.05548575788402848 0.009258555133079847
15 0.6441963377416073 0.11887674271229405 0.045033062054933876 0.009618187579214196
15 0.6735732451678534 0.12865019011406845 0.10378942014242117 0.011208808618504436
15 0.6843082400813835 0.13895120405576677 0.12525686673448627 0.0096308618504436
15 0.7101551373346897 0.153745247148289 0.17864699898270603 0.02231939163498099
15 0.5136571719226857 0.08832541191381496 0.14679043743641912 0.010830164765525983
15 0.47636826042726343 0.09827471482889732 0.07560528992878941 0.010659062103929024
15 0.5198728382502543 0.10831115335868187 0.15921922685656154 0.009610266159695817
15 0.5279221770091557 0.11852503168567807 0.17362410986775179 0.011026615969581748
15 0.506737029501526 0.12838561470215462 0.13125381485249238 0.009624524714828898
15 0.5252390640895218 0.13807192648922686 0.16995422177009156 0.00998257287705957
15 0.4950127161749746 0.14802122940430926 0.11289165818921668 0.011926489226869456
15 0.5287690742624618 0.15937896070975918 0.1753204476093591 0.010348542458808617
15 0.5280645981688707 0.16957382762991127 0.17560274669379453 0.00961660329531052
15 0.32238555442522887 0.10926330798479086 0.11351729399796542 0.010456273764258554
15 0.33679298067141406 0.11885931558935361 0.1423321464903357 0.009581749049429657
15 0.32916581892166835 0.1280164765525982 0.12707782299084436 0.00888466413181242
15 0.33679298067141406 0.13875792141951837 0.138942014242116 0.011356147021546262
15 0.324646490335707 0.15038022813688215 0.11803916581892167 0.01136406844106464
15 0.3278942014242116 0.15960234474017743 0.12623092573753814 0.008685044359949302
15 0.325353509664293 0.16893536121673003 0.121146998982706 0.010451520912547528
15 0.3512004069175992 0.1843441064638783 0.17114699898270602 0.02120405576679341
15 0.5269354018311292 0.17923637515842838 0.1733443540183113 0.010985424588086186
15 0.6947609359104782 0.1704325095057034 0.1461622583926755 0.012389100126742712
15 0.6892522889114954 0.18161438529784535 0.13684130213631737 0.010459442332065905
15 0.6521057985757884 0.19076996197718632 0.06424211597151577 0.009762357414448669
15 0.6557782299084436 0.20107097591888468 0.07271617497456766 0.010297845373891001
15 0.5270752797558494 0.18980196451204057 0.17532299084435402 0.010993346007604562
15 0.5256637843336724 0.2002788339670469 0.17588758901322482 0.009768694550063371
15 0.5173296032553408 0.21066856780735108 0.15074516785350967 0.011536755386565272
15 0.49543743641912513 0.22026615969581748 0.10865462868769074 0.010662230671736375
15 0.3360630722278739 0.1996514575411914 0.14426500508647 0.010624207858048162
15 0.3282960325534079 0.2107446134347275 0.1270320447609359 0.011687262357414447
15 0.3398779247202442 0.22095849176172372 0.15358596134282806 0.010990177439797213
15 0.3359231943031536 0.2309062103929024 0.145676500508647 0.010820659062103928
15 0.33761698880976604 0.24129594423320658 0.14906663275686674 0.010475285171102662
15 0.3496236012207528 0.2563529784537389 0.17138351983723296 0.020522813688212925
15 0.3181256358087487 0.2731685678073511 0.11008392675483215 0.010849176172370089
15 0.32984994913530014 0.28338244613434727 0.13183621566632756 0.010152091254752851
15 0.3256103763987792 0.29333174904942966 0.12675228891149543 0.012096007604562737
15 0.2952441505595117 0.30319233206590623 0.06432349949135299 0.010693916349809885
15 0.3263173957273652 0.31347433460076046 0.1264674465920651 0.010133079847908745
15 0.3312614445574771 0.3235994930291508 0.1380493387589013 0.010316856780735108
15 0.5111317395727365 0.2302835868187579 0.14004577822990844 0.010630544993662864
15 0.5018107833163784 0.24067332065906213 0.12140132248219736 0.010285171102661597
15 0.5091556459816887 0.25176647655259826 0.13270091556459815 0.01134980988593156
15 0.5280824008138352 0.2667363751584284 0.17394201424211597 0.020164765525982255
15 0.5115564598168871 0.28223067173637517 0.14258646998982705 0.01101869455006337
15 0.5129679552390641 0.29217997465145756 0.14541200406917598 0.010849176172370089
15 0.5005391658189217 0.3024809885931559 0.12055442522889115 0.011384664131812421
15 0.5035045778229909 0.3131352978453739 0.12818158697863682 0.010510139416983524
15 0.47158443540183115 0.32237959442332065 0.06773143438453713 0.008932192648922687
15 0.4642395727365209 0.332680608365019 0.05643184130213631 0.011581115335868187
15 0.6896922685656154 0.21161755386565273 0.14111139369277723 0.011322877059569074
15 0.6766988809766022 0.22112642585551331 0.11512461851475077 0.009215779467680608
15 0.7062182095625635 0.2360963244613435 0.17246693794506612 0.022256020278833964
15 0.6860198372329603 0.25273605830164764 0.13376653102746694 0.012230671736375159
15 0.6778280773143438 0.26391634980988593 0.11738301119023398 0.010301013941698352
15 0.6885630722278738 0.27324936628643853 0.13546286876907426 0.011365652724968313
15 0.6942115971515768 0.28346324461343475 0.1501525940996948 0.01137040557667934
15 0.7067828077314344 0.2991365652724968 0.17698880976602238 0.021595373891001267
15 0.31589267548321465 0.3335503802281369 0.10901068158697863 0.011208808618504436
15 0.29202441505595117 0.34385139416983523 0.05957527975584944 0.0096308618504436
15 0.33764496439471003 0.35459442332065905 0.15251271617497456 0.01210234474017744
15 0.5034918616480163 0.3442046894803549 0.1281561546286877 0.012447718631178706
15 0.6515462868769074 0.3149730671736375 0.06481688708036623 0.011020278833967048
15 0.6566302136317396 0.3243060836501901 0.07498728382502544 0.008559885931558936
15 0.701968463886063 0.3348716730038023 0.1639674465920651 0.01279467680608365
15 0.6984384537131232 0.3457018377693283 0.15521108850457782 0.012273447401774398
15 0.5009486266531028 0.3547417617237009 0.12306714140386571 0.009230038022813688
15 0.5211444557477111 0.3647797845373891 0.16515768056968463 0.012406527249683143
15 0.5077263479145473 0.376137515842839 0.14001525940996948 0.010828580481622305
15 0.4985478128179044 0.38538181242078584 0.11995930824008139 0.00925063371356147
15 0.5088580874872838 0.39524239543726236 0.1422761953204476 0.009961977186311788
15 0.4998168870803662 0.40660171102661596 0.12419633774160732 0.011199302915082383
15 0.6891124109867752 0.3556226235741445 0.13995167853509663 0.010991761723700887
15 0.6950457782299084 0.36680449936628645 0.15181586978636827 0.011173954372623574
15 0.6834638860630723 0.37675380228136884 0.12865208545269582 0.012412864385297845
15 0.3175991861648016 0.36475126742712294 0.11581129196337742 0.009180925221799746
15 0.33963123092573755 0.3731147021546261 0.1564877924720244 0.010066539923954372
15 0.32579094608341813 0.3833285804816223 0.12880467955239064 0.011482889733840304
15 0.28977365208545275 0.39468631178707225 0.05846642929806714 0.012018377693282636
15 0.34302136317395726 0.4054277566539924 0.1666581892166836 0.010264575411913815
15 0.28737283825025434 0.4161692015209126 0.05196846388606308 0.010624207858048162
15 0.33002797558494407 0.4262943599493029 0.1372787385554425 0.008694550063371357
15 0.3359587995930824 0.4366840937896071 0.14914292980671412 0.012576045627376424
15 0.28449643947100717 0.44715937896070973 0.044519328585961346 0.010288339670468948
15 0.30949643947100713 0.45737325728770595 0.09282299084435403 0.011703105196451204
15 0.33350712105798574 0.4678501267427123 0.13745676500508647 0.010478453738910013
15 0.35090539165818924 0.4883491761723701 0.10273652085452695 0.011341888466413182
15 0.3587699643947101 0.5026517743979722 0.15480035605289927 0.020081115335868205
15 0.28310274669379454 0.5182747148288973 0.041731943031536115 0.01204531051964512
15 0.2949669379450661 0.5295437262357414 0.06546032553407935 0.011348225602027882
15 0.2924237029501526 0.5402851711026616 0.060376398779247206 0.009594423320659063
15 0.3508977619532045 0.5554309252217997 0.17393438453713123 0.020874524714828896
15 0.6950661241098678 0.3867807351077313 0.1535554425228891 0.009935044359949304
15 0.7043870803662259 0.3971704689480355 0.1721998982706002 0.011703105196451204
15 0.6953484231943032 0.40747148288973384 0.1541200406917599 0.010125158428390367
15 0.6906866734486267 0.41698035487959445 0.1431027466937945 0.01013149556400507
15 0.708059511698881 0.4331828263624842 0.17954476093591049 0.02141318124207858
15 0.5186241098677518 0.4157477820025348 0.16181078331637844 0.0097797845373891
15 0.49334181078331635 0.4265763624841572 0.1095498474059003 0.01137040557667934
15 0.5083138351983724 0.4369518377693283 0.13949643947100712 0.012054816223067174
15 0.4776653102746694 0.4474287072243346 0.07989318413021362 0.008715145754119137
15 0.47780773143438454 0.456850443599493 0.0784791454730417 0.009602344740177439
15 0.5008290946083418 0.46812103929024085 0.12282807731434384 0.01101869455006337
15 0.4626932858596134 0.4783333333333333 0.04655900305188199 0.008208174904942966
15 0.4741353001017294 0.48819550063371353 0.07113428280773143 0.013144803548795944
15 0.5245574771108851 0.4991999366286438 0.17367751780264495 0.010863434727503167
15 0.5207426246185147 0.5094835234474018 0.16774415055951172 0.009249049429657794
15 0.4641073245167853 0.5190811153358682 0.04938453713123093 0.010487959442332067
15 0.502383011190234 0.5300855513307985 0.1276322482197355 0.010320025348542459
15 0.5083138351983724 0.5399477186311787 0.13949643947100712 0.011031368821292775
15 0.4876932858596134 0.5506891634980988 0.10164292980671415 0.009277566539923955
15 0.5182019328585962 0.5610788973384031 0.15927009155645983 0.011045627376425855
15 0.5104323499491353 0.5719961977186312 0.14542726347914547 0.009643536121673003
15 0.7066480162767039 0.44846799746514576 0.17671922685656155 0.010793726235741444
15 0.6891353001017294 0.4586818757921419 0.1416937945066124 0.010095057034220532
15 0.6936546286876907 0.4692458808618505 0.15073245167853508 0.010102978453738911
15 0.6850381485249237 0.4800760456273764 0.1318056968463886 0.011695183776932825
15 0.6782604272634791 0.489760773130545 0.11485503560528994 0.00993979721166033
15 0.6933723296032553 0.500415082382763 0.14338758901322482 0.011180291508238275
15 0.6905467955239064 0.5108919518377694 0.14790691759918617 0.00995405576679341
15 0.6857451678535097 0.5206653992395437 0.1315233977619532 0.011546261089987325
15 0.6851525940996948 0.5311137515842839 0.132029501525941 0.010261406844106463
15 0.6748397761953204 0.5413260456273764 0.11310274669379451 0.009564321926489226
15 0.6427797558494405 0.5507477820025348 0.050676500508647 0.010451520912547528
15 0.6813377416073245 0.5625459442332066 0.12609867751780265 0.010811153358681875
15 0.6964496439471007 0.573198669201521 0.15462868769074262 0.009938212927756653
15 0.6835986775178026 0.5833238276299113 0.12722787385554424 0.010121989860583016
15 0.49670396744659207 0.5822686945500634 0.11458036622583927 0.01223384030418251
15 0.3454043743641913 0.5716143852978454 0.1629450661241099 0.010993346007604562
15 0.3274669379450661 0.5816508238276299 0.12876398779247203 0.009944550063371357
15 0.34272126144455745 0.5912484157160963 0.15927263479145473 0.011183460076045627
15 0.30175991861648016 0.6013735741444867 0.07735249237029501 0.00925380228136882
15 0.2996414038657172 0.6117633079847908 0.07142166836215666 0.011020278833967048
15 0.3168718209562564 0.6222401774397972 0.10927517802644965 0.011909062103929025
15 0.35034842319430315 0.6330703422053232 0.17452695829094608 0.01138783269961977
15 0.4930315361139369 0.5924809885931559 0.10723550356052898 0.011536755386565272
15 0.648853001017294 0.5921292775665399 0.05773652085452696 0.010831749049429658
15 0.6535147507629705 0.6024302915082382 0.06536368260427264 0.01136723700887199
15 0.6528077314343845 0.6137880228136882 0.06564598168870804 0.011902724968314321
15 0.6835986775178026 0.6244407477820025 0.12722787385554424 0.010326362484157163
15 0.5108290946083418 0.6031352978453739 0.1394379450661241 0.010662230671736375
15 0.5276347914547304 0.6124667300380228 0.17474821973550356 0.010316856780735108
15 0.528059511698881 0.627260773130545 0.1772914547304171 0.02089195183776933
15 0.5291912512716176 0.6485678073510773 0.17276958290946084 0.02125950570342205
15 0.6758290946083418 0.6343029150823827 0.10999491353001017 0.00962769328263625
15 0.6766759918616481 0.6448685044359949 0.1116912512716175 0.01174746514575412
15 0.6978636826042727 0.6550807984790874 0.1540640895218718 0.011050380228136883
15 0.6456052899287894 0.6645025348542459 0.04954476093591048 0.009824144486692015
15 0.33452695829094603 0.6436359315589354 0.14288911495422177 0.009282319391634982
15 0.3218158697863683 0.6531448035487959 0.11746693794506612 0.011400506970849175
15 0.33791709053916585 0.6634046261089988 0.14966937945066125 0.01079847908745247
15 0.5187385554425229 0.6641967680608365 0.15186673448626653 0.011327629911280102
15 0.6776653102746694 0.6748510773130545 0.11197355035605289 0.012566539923954371
15 0.6868463886063072 0.6862088086185045 0.132029501525941 0.010990177439797213
15 0.6837385554425229 0.696069391634981 0.12581383519837233 0.009588086185044361
15 0.6730061037639878 0.7062832699619772 0.10434638860630722 0.013116286438529785
15 0.7047838250254324 0.7217807351077313 0.16960071210579858 0.020874524714828896
15 0.7042192268565615 0.7411501901140685 0.1718591047812818 0.01947877059569075
15 0.348794506612411 0.6743995564005071 0.16972533062054934 0.010606780735107731
15 0.33085707019328586 0.6839955640050698 0.13215412004069177 0.00973384030418251
15 0.33113936927772125 0.6941223067173637 0.13271871820956258 0.012029467680608367
15 0.32110885045778226 0.7055671736375159 0.11774923702950153 0.011685678073510774
15 0.3274669379450661 0.715605196451204 0.12876398779247203 0.008521863117870723
15 0.33523397761953205 0.726611216730038 0.1459969481180061 0.012579214195183777
15 0.3240768056968464 0.7365589353612167 0.12198626653102747 0.010297845373891001
15 0.3315615462868769 0.7467728136882129 0.1352619532044761 0.00959917617237009
15 0.3285961342828077 0.7556653992395438 0.13102492370295016 0.011543092522179974
15 0.33113936927772125 0.7664955640050697 0.13271871820956258 0.011021863117870722
15 0.35006612410986776 0.777061153358682 0.17057222787385556 0.011028200253485424
15 0.3422965412004069 0.7874493029150824 0.15333926754832145 0.010684410646387832
15 0.30387843336724313 0.7978390367553866 0.0765055951169888 0.010339036755386567
15 0.29695829094608345 0.8074128643852979 0.06096897253306205 0.010473700887198985
15 0.35006612410986776 0.8185947401774398 0.17057222787385556 0.01276932826362484
15 0.35006612410986776 0.8285424588086185 0.17057222787385556 0.010487959442332067
15 0.35006612410986776 0.8440415082382763 0.16718209562563582 0.020358048162230673
15 0.32068667344862667 0.8588307984790874 0.11181586978636826 0.0119169835234474
15 0.325206002034588 0.8701885297845374 0.12085452695829094 0.012452471482889733
15 0.47666073245167856 0.674160329531052 0.07110122075279755 0.010129911280101394
15 0.47948626653102744 0.6840224968314322 0.0767497456765005 0.010839670468948036
15 0.47397761953204476 0.6948510773130544 0.06403865717192268 0.010320025348542459
15 0.5123957273652086 0.7055053865652724 0.14087487283825023 0.01155893536121673
15 0.5082985757884029 0.7165098225602028 0.1343769074262462 0.009277566539923955
15 0.4905035605289929 0.7257557034220533 0.0953942014242116 0.00981147021546261
15 0.4953051881993896 0.7356812420785804 0.10499745676500509 0.011709442332065906
15 0.5036368260427263 0.7468647021546261 0.12335961342828078 0.012598225602027883
15 0.4735528992878942 0.7581321292775666 0.06488555442522889 0.00908428390367554
15 0.5221388606307223 0.767202154626109 0.16545015259409968 0.011378326996197717
15 0.5181866734486267 0.7784711660329531 0.15415055951169887 0.010682826362484158
15 0.47044506612410986 0.7887721799746514 0.0552822990844354 0.009104879594423321
15 0.4721414038657172 0.7977328897338403 0.05867243133265514 0.009416983523447402
15 0.5105595116988809 0.8082097591888466 0.13550610376398778 0.011010773130544993
15 0.5306154628687691 0.8191270595690747 0.17222787385554425 0.011722116603295309
15 0.5077339776195321 0.8300443599493029 0.13324771108850456 0.012433460076045628
15 0.46903357070193286 0.8401695183776933 0.05584689725330621 0.008390367553865652
15 0.49982451678535095 0.849589670468948 0.11403865717192269 0.011391001267427123
15 0.46931586978636824 0.860068124207858 0.05641149542217701 0.010164765525982255
15 0.5039191251271617 0.87125 0.12731434384537132 0.012461977186311786
15 0.7000000000000001 0.7673558301647656 0.08882248219735503 0.01027724968314322
15 0.7233062054933875 0.7784505703422053 0.13373601220752798 0.012750316856780736
15 0.684175991861648 0.7896308618504435 0.13177263479145473 0.010822243346007605
15 0.6807858596134283 0.7999334600760457 0.12499237029501527 0.011356147021546262
15 0.6772533062054934 0.810234474017744 0.11623601220752798 0.0097797845373891
15 0.6913784333672431 0.8196546261089988 0.1410935910478128 0.010665399239543726
15 0.6858697863682605 0.829692648922687 0.13177263479145473 0.00961660329531052
15 0.642792472024415 0.8403453738910013 0.04391912512716175 0.010855513307984791
15 0.698440996948118 0.8515272496831432 0.15521871820956257 0.011039290240811154
15 0.6742878942014242 0.8611248415716096 0.10521871820956256 0.010166349809885932
15 0.6951932858596134 0.871601711026616 0.15041709053916583 0.011053548795944232