29 0.662124183006536 0.8632968369829683 0.055183006535947716 0.018702351987023517
15 0.6215686274509804 0.6403081914030819 0.34509803921568627 0.34387672343876724
15 0.6258169934640523 0.833536090835361 0.33790849673202616 0.044201135442011354
15 0.2721895424836601 0.6129075425790754 0.3406732026143791 0.016707218167072182
15 0.2725490196078431 0.7376966747769668 0.338562091503268 0.23587996755879967
15 0.27178431372549017 0.5516382806163828 0.34095424836601307 0.11057583130575832
15 0.26864052287581697 0.4713179237631792 0.3401176470588235 0.05591646390916463
15 0.26862745098039215 0.4087104622871046 0.33986928104575165 0.06965125709651257
13 0.6107843137254902 0.2985279805352798 0.34183006535947713 0.3410381184103812
13 0.2624183006535948 0.2526358475263585 0.3326797385620915 0.24493106244931062
30 0.5934640522875817 0.11881589618815896 0.09281045751633987 0.0227088402270884
30 0.2529411764705882 0.12043795620437957 0.08235294117647059 0.0227088402270884
28 0.7529411764705882 0.12246553122465531 0.03790849673202614 0.0186536901865369