30 0.31678057977845864 0.09342510499300047 0.09463351402309686 0.02162700264426816
30 0.6577751590855527 0.09964846787991911 0.0947160028281876 0.023703530875719393
28 0.7977586613245345 0.10414216829989112 0.04629743106292717 0.0223222896251361
13 0.3057930709403724 0.11399440037330845 0.30834079660617486 0.010917716596671333
15 0.3120787178882866 0.20910717063306888 0.3240560923874617 0.17832788925182766
15 0.3080202686778223 0.3889251827655934 0.3216992693848692 0.18090371752994244
15 0.30749705397124677 0.5096344688131902 0.32588970068347867 0.05972779592471613
15 0.30867546547254304 0.6007030642401617 0.3329601696912562 0.12157878363664644
15 0.28064812632571295 0.6656898428993623 0.27690784822059866 0.010972157411728108
15 0.305401838321942 0.7576683776637113 0.324840914447325 0.17419038730751282
15 0.30173462172990806 0.8502208741639445 0.33636342210699977 0.02643023798413439
30 0.21895121376384633 0.8655156322911806 0.06174640584492105 0.014532586716441127
29 0.7606976196087674 0.8809021620780836 0.014598161678057978 0.010020220874163944
15 0.6505467829366015 0.8493482656711775 0.33297195380626915 0.056198475657178414
15 0.6019962290831958 0.8146103593093794 0.21884279990572708 0.01327889251827656
15 0.651503653075654 0.7754627469279826 0.3367098750883809 0.07290091771659667
15 0.655783643648362 0.5796266915538965 0.3382088145180297 0.3281054596360242
15 0.6543836907848221 0.37129880230206874 0.3330450153193495 0.09131435682065639
15 0.6560876738156964 0.2623020687509721 0.3348786236153665 0.1271006377352621
13 0.6589677115248644 0.15601182143412662 0.34692670280461935 0.09287914139057396