15 0.7549451332920025 0.43224578563995836 0.34229386236825776 0.5375513007284078
15 0.4349566026038438 0.5788761706555671 0.30533168009919404 0.040166493236212276
15 0.42994420334779915 0.45858480749219566 0.3089460632362058 0.08012486992715921
15 0.42534717916924986 0.2460978147762747 0.30966831990080596 0.0809573361082206
15 0.4274643521388717 0.33704474505723203 0.30440173589584624 0.10093652445369407
15 0.4296342219466832 0.40301768990634756 0.3031618102913825 0.03100936524453694
15 0.4324240545567266 0.5288241415192508 0.30378177309361437 0.060353798126951096
15 0.4367637941723497 0.6240374609781477 0.3031618102913825 0.05015608740894901
15 0.43831370117792934 0.6643080124869927 0.30378177309361437 0.030801248699271592
15 0.43955362678239307 0.6944849115504682 0.3019218846869188 0.030385015608740896
15 0.44017358958462494 0.7247658688865765 0.3031618102913825 0.030593132154006244
15 0.44239615623062617 0.7603537981269511 0.30471171729696217 0.040998959417273675
15 0.44249845009299443 0.8055150884495318 0.3059516429014259 0.04973985431841831
30 0.744473031618103 0.11040582726326743 0.10043397396156231 0.021436004162330904
30 0.41475511469311843 0.11265972944849116 0.08369497830130192 0.018730489073881373
13 0.665272783632982 0.12965660770031218 0.14042157470551767 0.013735691987513007
13 0.41930254184748916 0.16503642039542143 0.30626162430254183 0.08283038501560874
16 0.7420954742715437 0.15119667013527577 0.07439553626782393 0.01893860561914672
28 0.263949163050217 0.11394380853277836 0.02634841909485431 0.015608740894901144
15 0.7625542467451953 0.7778355879292403 0.3217606943583385 0.1550468262226847
15 0.4370737755734656 0.8416233090530697 0.31680099194048356 0.024141519250780438