30 0.18691666666666668 0.07147170837867248 0.07559210526315789 0.019619151251360177
30 0.7268245614035088 0.07124319912948857 0.07206578947368421 0.021885201305767137
30 0.45522368421052634 0.06965723612622415 0.05957456140350878 0.015990206746463547
13 0.1868377192982456 0.11325081610446137 0.24428947368421053 0.047864526659412404
15 0.1881184210526316 0.15088683351468987 0.2446535087719298 0.02792709466811752
15 0.18702192982456142 0.17945593035908594 0.24684649122807015 0.0279379760609358
15 0.19341666666666668 0.21959194776931448 0.24867543859649124 0.04835963003264418
15 0.18903070175438597 0.3254896626768226 0.24867543859649124 0.16222524483133843
15 0.18775 0.4268307943416757 0.24831140350877193 0.0411860718171926
15 0.1879342105263158 0.4603890097932536 0.2552543859649123 0.02940968443960827
15 0.1868377192982456 0.48362894450489663 0.26183333333333336 0.020122415669205657
15 0.1872017543859649 0.5373721436343852 0.2450219298245614 0.08408324265505984
15 0.18884649122807018 0.5898258977149075 0.25050438596491226 0.0189689880304679
15 0.19122368421052632 0.6080767138193689 0.24867543859649124 0.018748639825897716
15 0.19122368421052632 0.6284847660500544 0.24867543859649124 0.021477149075081612
15 0.19122368421052632 0.650138737758433 0.24867543859649124 0.028060391730141458
15 0.1872017543859649 0.6768933623503809 0.2494078947368421 0.01900163220892274
15 0.18592543859649124 0.7013819368879217 0.2446535087719298 0.024453210010881393
15 0.18245175438596492 0.7198585418933623 0.24867543859649124 0.011082698585418934
15 0.18336403508771928 0.7344858541893362 0.24830701754385964 0.017211643090315563
15 0.1797105263157895 0.7478318824809577 0.23222368421052633 0.011259521218715996
15 0.1884824561403509 0.7630250272034821 0.2453859649122807 0.019883025027203485
15 0.19067543859649122 0.7869450489662677 0.24100000000000002 0.02828073993471164
15 0.18903070175438597 0.8113193688792165 0.24428947368421053 0.01854189336235038
15 0.1884824561403509 0.8301387377584332 0.2453859649122807 0.020816104461371054
15 0.18665350877192982 0.8482780195865071 0.24611842105263157 0.013566376496191511
15 0.18373245614035089 0.8677774755168661 0.2490394736842105 0.022644178454842217
15 0.18702192982456142 0.8827421109902067 0.25561842105263155 0.019929270946681177
13 0.45130701754385966 0.10150435255712731 0.24471929824561406 0.027091947769314475
15 0.4535 0.1367627856365615 0.25349122807017543 0.03912132752992383
15 0.45075877192982455 0.1647633297062024 0.2502017543859649 0.02031284004352557
15 0.4524035087719298 0.1999102285092492 0.2469122807017544 0.04708378672470077
15 0.4514912280701755 0.23244559303590862 0.24727631578947368 0.018299782372143632
15 0.4527675438596491 0.25818008705114254 0.2505701754385965 0.027606093579978237
15 0.4524035087719298 0.2860690968443961 0.2556842105263158 0.026256800870511424
15 0.4511228070175438 0.31010337323177367 0.2509342105263158 0.02263873775843308
15 0.45002631578947366 0.3591594124047878 0.24873684210526317 0.07586235038084875
15 0.44765350877192983 0.40618607181719263 0.2593377192982456 0.01900163220892274
15 0.4538640350877193 0.431240478781284 0.2498377192982456 0.02966811751904244
15 0.45185526315789476 0.458335146898803 0.2523947368421053 0.025369967355821546
15 0.4529517543859649 0.48352013057671384 0.25458771929824564 0.018547334058759524
15 0.4516710526315789 0.5127720348204571 0.2498377192982456 0.038966267682263335
15 0.45130701754385966 0.5430413492927094 0.24471929824561406 0.0192519042437432
15 0.45057456140350877 0.5662812840043526 0.25203070175438597 0.026289445048966267
15 0.44875 0.5904978237214363 0.25275877192982454 0.020310119695321
15 0.44875 0.6089744287268771 0.25275877192982454 0.015103373231773668
15 0.4516710526315789 0.6281365614798695 0.2542236842105263 0.02486126224156692
15 0.45185526315789476 0.6485418933623504 0.24800877192982457 0.02214907508161045
15 0.4535 0.6723503808487487 0.24910526315789475 0.02896082698585419
15 0.4524035087719298 0.6959303590859629 0.2469122807017544 0.01899347116430903
15 0.44308333333333333 0.7220076169749727 0.2523947368421053 0.038501088139281825
15 0.4485657894736842 0.7669042437431991 0.24581578947368424 0.049404243743199135
15 0.4498464912280702 0.8002992383025027 0.2505657894736842 0.019621871599564744
15 0.44801754385964915 0.8205930359085963 0.2512982456140351 0.018044069640914037
15 0.45130701754385966 0.8387323177366702 0.24471929824561406 0.021678454842219804
15 0.45130701754385966 0.8673014145810664 0.24910526315789475 0.038014145810663764
28 0.4586008771929824 0.8973394994559303 0.03455263157894737 0.014804134929270947
13 0.711938596491228 0.15362622415669205 0.2528245614035088 0.1394967355821545
15 0.7137675438596491 0.23818824809575626 0.2564780701754386 0.028427638737758432
15 0.7154122807017544 0.2722007616974973 0.25318859649122805 0.03932263329706203
15 0.716140350877193 0.2996354733405876 0.2502675438596491 0.02074265505984766
15 0.716140350877193 0.3252557127312296 0.2502675438596491 0.028460282916213275
15 0.7165087719298247 0.36369151251360177 0.2509956140350877 0.046841675734494014
15 0.7154122807017544 0.3970184983677911 0.25318859649122805 0.021006528835690968
15 0.7155921052631579 0.4182208922742111 0.25575000000000003 0.021243199129488577
15 0.7170570175438596 0.43046245919477694 0.26306140350877194 0.010364526659412406
15 0.6830570175438596 0.44089227421109906 0.19067543859649122 0.009461371055495103
15 0.7143157894736842 0.4547252448313384 0.2597675438596491 0.01808215451577802
15 0.716140350877193 0.4741104461371055 0.2546535087719298 0.02013057671381937
15 0.7157763157894736 0.49349836779107725 0.253921052631579 0.016735582154515777
15 0.7146798245614036 0.511183351468988 0.25611403508771935 0.01674374319912949
15 0.7157763157894736 0.5318171926006529 0.253921052631579 0.019926550598476606
15 0.7144956140350877 0.5529026115342764 0.2535570175438597 0.015854189336235038
15 0.7130350877192982 0.5762132752992383 0.2506315789473684 0.02982861806311208
15 0.711938596491228 0.5960500544069641 0.2484385964912281 0.008297062023939063
15 0.7115701754385966 0.609088683351469 0.2520921052631579 0.01941240478781284
15 0.711938596491228 0.6267736670293798 0.2528245614035088 0.016697497279651797
15 0.7141315789473685 0.6483161044613711 0.2484385964912281 0.021694776931447224
15 0.7017017543859649 0.6612377584330794 0.21919298245614036 0.012176278563656148
15 0.7097456140350877 0.6866349292709467 0.23966228070175435 0.038487486398258976
15 0.7121184210526317 0.7138438520130577 0.2509956140350877 0.019453210010881395
15 0.7177850877192983 0.7347034820457018 0.2601359649122807 0.01764689880304679
15 0.7144956140350877 0.7514825897714907 0.24916666666666668 0.018560935799782373
15 0.7115701754385966 0.7727965179542982 0.2433201754385965 0.017663220892274213
15 0.7132149122807018 0.7911615886833514 0.24880263157894736 0.01630848748639826
15 0.7112061403508771 0.8153128400435257 0.2557456140350877 0.026528835690968443
15 0.7115745614035088 0.8401686615886833 0.2564780701754386 0.021270402611534275
15 0.7126666666666667 0.8595538628944505 0.24989912280701754 0.02059847660500544
15 0.7112061403508771 0.8798476605005441 0.2557456140350877 0.01901795429815016