13 0.2567429577464789 0.09928623188405795 0.38046361502347414 0.03110144927536232
13 0.671830985915493 0.11318115942028985 0.40860915492957744 0.05647463768115942
30 0.2508509389671361 0.06747463768115941 0.055698356807511736 0.020619565217391302
30 0.6678990610328638 0.06626811594202899 0.07210093896713615 0.018202898550724638
28 0.8615786384976526 0.06465579710144927 0.03693075117370892 0.014981884057971014
15 0.24892018779342726 0.13630434782608694 0.39611502347417843 0.04717028985507246
15 0.25217723004694836 0.1820072463768116 0.39481220657276994 0.0443695652173913
15 0.2573943661971831 0.2212644927536232 0.4052464788732394 0.02384782608695652
15 0.25413732394366195 0.30321376811594203 0.39872652582159623 0.13219565217391305
15 0.2580457746478873 0.4326666666666667 0.3908978873239437 0.11815217391304349
15 0.25315727699530516 0.5131920289855073 0.3928521126760563 0.042485507246376814
15 0.2632629107981221 0.5649347826086957 0.39872652582159623 0.06143115942028986
15 0.2609800469483568 0.6368115942028986 0.40068075117370894 0.0819963768115942
15 0.26359154929577466 0.7141195652173913 0.39024647887323943 0.06752898550724637
15 0.2583744131455399 0.7878079710144927 0.4111150234741784 0.0941340579710145
15 0.25217723004694836 0.8671304347826088 0.40263497652582164 0.08369565217391305
15 0.6715023474178404 0.18039855072463767 0.40404342723004694 0.07013768115942029
15 0.6669366197183099 0.247036231884058 0.40273474178403756 0.06573550724637682
15 0.6737852112676057 0.3750869565217391 0.40991197183098593 0.10443840579710145
15 0.6630281690140845 0.30219927536231883 0.38708333333333333 0.04079347826086956
15 0.6688967136150235 0.49024637681159416 0.4066490610328638 0.11736956521739131
15 0.6715023474178404 0.5719782608695653 0.40404342723004694 0.04895289855072464
15 0.6734624413145539 0.7548115942028987 0.4001291079812207 0.3179963768115942