20 0.6813784764207981 0.2572690992018244 0.34623135832325674 0.08181299885974914
20 0.3153970173317211 0.7294754846066135 0.34542523176138656 0.09179019384264538
13 0.6817815397017332 0.13568985176738882 0.347037484885127 0.16077537058152794
20 0.3158000806126562 0.5989167616875712 0.34623135832325674 0.17160775370581527
15 0.6765417170495768 0.7233466362599772 0.347037484885127 0.06185860889395667
15 0.6813784764207981 0.32468643101482325 0.34461910519951633 0.03819840364880274
7 0.2617896009673519 0.32525655644241735 0.23417976622329706 0.17616875712656785
20 0.3143893591293833 0.7881984036488028 0.343409915356711 0.026225769669327253
20 0.680975413139863 0.3878278221208666 0.3438129786376461 0.028221208665906498
15 0.6801692865779927 0.46151653363740025 0.34623135832325674 0.10547320410490307
15 0.677347843611447 0.6210091220068416 0.34623135832325674 0.0629988597491448
30 0.6827891979040709 0.03819840364880274 0.037081821846029824 0.01539338654503991
28 0.8422007255139057 0.03819840364880274 0.018137847642079808 0.014253135689851768
30 0.32466747279322855 0.03748574686431015 0.037484885126964934 0.014538198403648802
13 0.3192261185006046 0.2830672748004561 0.3498589278516727 0.4600912200684151
16 0.6763401854091092 0.6743158494868872 0.34663442160419183 0.02993158494868871
33 0.6787585650947199 0.35903648802736604 0.3184199919387344 0.024800456100342077
16 0.677347843611447 0.5635689851767389 0.34623135832325674 0.03876852907639681
10 0.2613865376864168 0.4064994298745724 0.22208786779524387 0.013112884834663626
21 0.6824103184199919 0.5184179019384264 0.34954453849254336 0.03563283922462942
15 0.6779725916968964 0.7807155074116305 0.35097541313986297 0.040461801596351196