13 0.6446540880503144 0.41658202337767025 0.2990280160091481 0.7267593712212818
7 0.4093767867352773 0.34885126964933494 0.15894797026872498 0.230149133413946
7 0.6709548313321898 0.6221886336154777 0.292166952544311 0.253111648528819
7 0.417095483133219 0.653845223700121 0.17095483133218983 0.25058444175735595
13 0.33647798742138363 0.1154776299879081 0.2967409948542024 0.11487303506650544
10 0.4113779302458548 0.4562676340185409 0.032590051457975985 0.014510278113663845
7 0.7135506003430532 0.35368802902055624 0.16009148084619781 0.20918984280532044
32 0.33419096626643796 0.04191858121725111 0.04974271012006861 0.018540910923014912
32 0.6417953116066324 0.03526803708182184 0.04859919954259577 0.015719467956469165
28 0.482275586049171 0.038895606610237804 0.07833047455688966 0.01652559451833938
15 0.34248141795311604 0.4314832728738412 0.29845626072041165 0.5104070939137444
15 0.2718696397941681 0.7563482466747279 0.11720983419096627 0.0592503022974607
10 0.6672384219554031 0.7303506650544136 0.2607204116638079 0.02418379685610641
10 0.7164093767867353 0.44881096332124143 0.16580903373356204 0.024586860137041516
15 0.26518010291595195 0.7081418782748892 0.12097770154373928 0.04049576783555018
10 0.41614065180102916 0.7565175332527208 0.16676386506575186 0.04374042724707779