30 0.34732418524871356 0.04215235792019347 0.06572327044025157 0.021604191858121725
30 0.6465809033733562 0.046404675534058845 0.06960548885077186 0.01667875856509472
28 0.5004516866781018 0.0452881902458686 0.09753001715265867 0.01712615880693269
13 0.3486106346483705 0.07776299879081015 0.2741223556317896 0.03102378073357517
15 0.34734133790737565 0.10329302700523982 0.2792052601486564 0.017597742845626763
15 0.3505145797598628 0.13577186618299075 0.285557461406518 0.047621926642482874
15 0.3492452830188679 0.17630794034663444 0.2830188679245283 0.029270455461507458
15 0.35083476272155517 0.22782748891575977 0.28238421955403087 0.07319226118500605
15 0.3492452830188679 0.31024586860137043 0.27539165237278446 0.08218057234985893
15 0.3428930817610063 0.37519548569125355 0.27793024585477416 0.0454776299879081
15 0.3463865065751858 0.41416364369205966 0.28110920526014865 0.032055622732769046
15 0.3486106346483705 0.4732970576380492 0.2817438536306461 0.09120515920999597
15 0.3486106346483705 0.5606449012494962 0.2817438536306461 0.07242644095122934
15 0.34416237850200115 0.6260378879484079 0.2804745568896512 0.05274083031035873
15 0.33844482561463696 0.6824828698105603 0.2842824471126358 0.07426440951229343
15 0.34320754716981133 0.7400362756952842 0.27475700400228703 0.030838371624345023
15 0.6389708404802744 0.08291414752116083 0.26783876500857634 0.02789197904070939
15 0.639605488850772 0.11852881902458685 0.27673527730131503 0.04806126561870214
15 0.638336192109777 0.16645707376058042 0.2665694682675815 0.05255945183393793
15 0.6367467124070898 0.22536074163643693 0.259576901086335 0.07095122934300685
15 0.6357918810748999 0.27821442966545745 0.2538593481989708 0.03692865779927449
15 0.6370611778158948 0.34003627569528416 0.26402515723270437 0.0853284965739621
15 0.6291194968553458 0.39400644901249493 0.25195540308747855 0.02935912938331318
15 0.6361120640365923 0.43409915356711004 0.2786392224128073 0.03698911729141475
15 0.639605488850772 0.46925836356307943 0.27673527730131503 0.03476420798065296
15 0.6370611778158948 0.5053204353083435 0.27165237278444826 0.045078597339782346
15 0.6351572327044026 0.5557154373236598 0.2754602630074328 0.05719467956469166
15 0.6297541452258434 0.6168561064087063 0.2761006289308176 0.058561064087061666
15 0.6307089765580332 0.6618742442563482 0.28181246426529444 0.0330471584038694
15 0.6307089765580332 0.6936759371221282 0.27419096626643796 0.03216444981862152
15 0.631978273299028 0.7308544941555825 0.27672955974842767 0.03665860540104796