30 0.6280172413793104 0.12037512846865364 0.10086206896551723 0.03211716341212744
30 0.23685344827586208 0.12320143884892086 0.08060344827586206 0.023895169578622817
28 0.4334051724137931 0.11934737923946558 0.02456896551724138 0.024922918807810893
15 0.24849137931034482 0.368191161356629 0.35474137931034483 0.046762589928057555
15 0.20905172413793102 0.7339414182939363 0.27155172413793105 0.022353545734840698
13 0.625 0.2511562178828366 0.3586206896551724 0.22430626927029804
15 0.1855603448275862 0.3323484069886948 0.23232758620689656 0.023381294964028777
15 0.2504310344827586 0.7705549845837616 0.3543103448275862 0.046248715313463515
15 0.2515086206896552 0.8216855087358684 0.3538793103448276 0.052929085303186026
15 0.6252155172413794 0.3906731757451182 0.3599137931034483 0.047533401849948614
15 0.6247844827586206 0.48039054470709147 0.3599137931034483 0.1308710174717369
15 0.2480603448275862 0.41893627954779034 0.3538793103448276 0.048561151079136694
15 0.24777586206896554 0.5695015416238438 0.35617672413793106 0.04907502569373073
15 0.1564655172413793 0.30832476875642345 0.17413793103448275 0.024152106885919837
15 0.24892241379310345 0.6571171634121274 0.35732758620689653 0.12204522096608428
15 0.24676724137931033 0.49524665981500515 0.35560344827586204 0.047019527235354575
15 0.24450862068965518 0.21751027749229188 0.36114655172413795 0.14810637204522095
15 0.1630043103448276 0.4572070914696814 0.17657758620689656 0.027551387461459406
15 0.15689655172413794 0.5346993833504625 0.17729741379310343 0.02323484069886948
15 0.6065560344827586 0.8365184994861254 0.322301724137931 0.02435765673175745
15 0.6277413793103448 0.6839902363823227 0.36467241379310344 0.27728674203494347