15 0.6961787785738656 0.8391983220694477 0.2917093142272262 0.02004194826380797
15 0.7201944728761515 0.46084828711256115 0.37742067553735925 0.049638778839431366
28 0.5180825656772433 0.10090887904917269 0.11566018423746162 0.02377068282451643
15 0.32303991811668376 0.17992309484968538 0.37791197543500515 0.08998135632719646
15 0.7330262708973047 0.7481938941971569 0.3729102695325827 0.049638778839431366
15 0.34032753326509724 0.6631484502446983 0.37222790856363014 0.09534607317641575
30 0.7050494711702491 0.1012584479142391 0.048106448311156604 0.021207177814029365
15 0.7128966223132037 0.25402004194826383 0.3729102695325827 0.036821253786996036
15 0.3416922552030024 0.8061058028431601 0.36403957693619926 0.020508040083896527
15 0.34425110883657456 0.7543696108133302 0.37120436711020127 0.08016779305523188
15 0.7340498123507335 0.8000536005593102 0.3729102695325827 0.05221393614542065
15 0.7280791538723985 0.8630855278489863 0.35209825997952915 0.021207177814029365
15 0.7233026270897305 0.5393847587974832 0.373251450017059 0.0985784199487299
15 0.32753326509723646 0.3099510603588907 0.37461617195496416 0.04847354928920997
15 0.3386216308427158 0.5806338848753204 0.37222790856363014 0.0636215334420881
15 0.3288979870351416 0.35364716849219296 0.37461617195496416 0.03518993241668609
15 0.7304674172637325 0.6887928221859707 0.37461617195496416 0.06729666744348636
15 0.3348686455134766 0.49755301794453505 0.37495735243944045 0.0941505476578886
15 0.7146434663937222 0.35516196690748075 0.37965540771067896 0.15520857608948962
15 0.7101671784373934 0.1536937776742018 0.37154554759467756 0.07573992076439058
15 0.3295803480040942 0.40905150314611977 0.3705220061412487 0.07095548823118154
30 0.32518935516888436 0.09998834770449778 0.05141931081542136 0.017683523654159868
15 0.28574889116342544 0.12174784432533207 0.30461958375980897 0.017697506408762526
15 0.32440122824974416 0.25719645770216737 0.38192766973729103 0.04933814961547425
15 0.3463868986693961 0.8254183174085294 0.37585465711361316 0.01899557212770916
15 0.3469532582736267 0.8543020274994174 0.37926646195837604 0.034817058960615245
15 0.7303377686796315 0.634726171055698 0.3749607642442852 0.03378932649731997
15 0.7123370863186627 0.6014378932649732 0.33668713749573526 0.018485201584712188
15 0.7121426134425111 0.210957818690282 0.37496758785397477 0.03609648100675833