30 0.4231905241935484 0.08956344221105528 0.38771169354838714 0.030464824120603015
28 0.8214012096774194 0.0885144472361809 0.0349445564516129 0.02208856783919598
13 0.2258266129032258 0.15379396984924623 0.39452620967741936 0.0954177135678392
13 0.6271370967741936 0.1290106783919598 0.39406250000000004 0.050034547738693466
15 0.22526209677419357 0.24558731155778896 0.38668346774193546 0.061250000000000006
15 0.22134576612903226 0.3335489949748744 0.40572580645161294 0.09479271356783919
15 0.2258266129032258 0.41068153266331653 0.39452620967741936 0.03967336683417085
15 0.2182610887096774 0.45151695979899503 0.3491582661290323 0.02503140703517588
15 0.22750504032258065 0.4932255025125628 0.38444556451612905 0.03516959798994975
15 0.235625 0.691180904522613 0.38388608870967744 0.3326695979899498
15 0.6349798387096774 0.34430590452261306 0.40302923387096773 0.35334798994974875
15 0.6372227822580645 0.6215954773869347 0.38734375 0.16881909547738694
15 0.6349798387096774 0.7873869346733668 0.40302923387096773 0.13607412060301508