30 0.06952586206896552 0.08578184410646389 0.05610893416927899 0.015907794676806083
30 0.8165869905956112 0.08904230038022813 0.05336990595611285 0.0176782319391635
28 0.44097178683385574 0.08617157794676807 0.032934952978056424 0.020249524714828895
13 0.23894592476489027 0.11144486692015208 0.40278996865203764 0.026834600760456274
13 0.6426449843260188 0.1371078897338403 0.39709639498432603 0.07697005703422052
15 0.23829545454545453 0.1610765209125475 0.4014811912225705 0.07500712927756654
15 0.23911050156739813 0.22283982889733842 0.40115595611285265 0.048818916349809886
15 0.23780564263322884 0.2834434410646388 0.4024608150470219 0.0725903041825095
15 0.23731583072100312 0.34463403041825097 0.3995258620689655 0.05000950570342205
15 0.2366614420062696 0.3886882129277566 0.4021355799373041 0.03712214828897339
15 0.2356818181818182 0.42523764258555136 0.39626175548589343 0.03536359315589354
15 0.2330721003134796 0.5047718631178707 0.39887147335423195 0.12432509505703421
15 0.23470219435736678 0.5966397338403041 0.39822100313479625 0.06091492395437262
15 0.2343769592476489 0.6509980988593156 0.3975666144200627 0.047240969581749045
15 0.23502742946708463 0.7001069391634981 0.39887147335423195 0.05040399239543726
15 0.23698667711598745 0.7781487642585551 0.39887147335423195 0.10667775665399239
15 0.2361716300940439 0.8522290874524714 0.39919670846394983 0.04095769961977186
15 0.6356622257053292 0.8607390684410646 0.38900470219435734 0.014013783269961977
15 0.6353330721003134 0.7819344106463879 0.38835423197492164 0.14395674904942965
15 0.6369670846394985 0.6246863117870722 0.3876998432601881 0.16928707224334602
15 0.6381073667711599 0.4744795627376426 0.3919435736677116 0.13384505703422053
15 0.639576802507837 0.3578326996197719 0.39292319749216303 0.09779230038022814
15 0.6412108150470219 0.26565351711026614 0.3922688087774295 0.08572718631178708
15 0.6420258620689655 0.19947956273764259 0.39586206896551723 0.04843868821292776