28 0.15374665477252453 0.057766116941529236 0.06069580731489742 0.03307346326836582
30 0.5030597680642284 0.06130934532733633 0.23300624442462087 0.03265867066466766
25 0.4974397859054416 0.8199750124937532 0.7703835860838537 0.04324837581209395
15 0.228064228367529 0.10380309845077462 0.2093220338983051 0.047686156921539234
15 0.19536128456735058 0.14441779110444777 0.14690454950936666 0.031464267866066965
15 0.1871900089206066 0.18920539730134933 0.1394736842105263 0.04357821089455272
15 0.23289027653880462 0.2289455272363818 0.22344335414808206 0.030604697651174413
15 0.18644959857270293 0.25623188405797104 0.13501338090990186 0.022708645677161417
15 0.23772524531668154 0.40327836081959023 0.23756467439785905 0.20185907046476761
15 0.21356824264049956 0.5236481759120439 0.1937198929527208 0.022803598200899552
15 0.1619179304192685 0.5544327836081959 0.10380017841213203 0.024407796101949028
15 0.22583407671721678 0.6837331334332835 0.2227029438001784 0.20554722638680661
13 0.4792863514719001 0.11230384807596201 0.20329170383586082 0.05218890554722639
15 0.4521587867975022 0.18917041479260369 0.15349687778768956 0.08348825587206397
15 0.44175735950044603 0.28081959020489755 0.13269402319357718 0.0868815592203898
15 0.47817127564674394 0.3830484757621189 0.20552185548617305 0.04395802098950524
15 0.44584299732381805 0.4251224387806097 0.1364049955396967 0.03315342328835583
15 0.47371097234611953 0.5007346326836581 0.19660124888492417 0.03195402298850575
15 0.4881980374665477 0.5756821589205398 0.23004460303300625 0.04692153923038481
15 0.44732381801962534 0.6258820589705147 0.14829616413916147 0.04486756621689156
15 0.46999107939339874 0.6798300849575212 0.19809099018733273 0.04532233883058471
15 0.4387778768956289 0.7289905047476262 0.13269402319357718 0.028690654672663667
15 0.737564674397859 0.19546726636681658 0.21583407671721677 0.12606696651674162
15 0.7468510258697592 0.3611994002998501 0.22994647636039248 0.1826686656671664
15 0.7089473684210527 0.48132433783108447 0.15712756467439784 0.040604697651174415
15 0.7446208742194469 0.5554822588705647 0.23440677966101695 0.08398300849575213
15 0.7011507582515611 0.6154222888555723 0.14300624442462087 0.02894552723638181
15 0.6918554861730598 0.6493753123438282 0.12888492417484387 0.02438780609695152
15 0.6918554861730598 0.6810344827586207 0.13780553077609276 0.022743628185907045
15 0.7397948260481713 0.7537431284357821 0.2202943800178412 0.06403298350824588
16 0.2436842105263158 0.28477261369315343 0.07999107939339875 0.0323088455772114
16 0.49712756467439784 0.34121939030484755 0.08733273862622659 0.03276361819090455
16 0.5045673505798395 0.4678660669665168 0.07544157002676181 0.03118440779610195
16 0.7609901873327387 0.11271364317841079 0.07981266726137377 0.02802598700649675
16 0.49602140945584294 0.5329785107446277 0.06280999107939339 0.02397801099450275
16 0.7520695807314898 0.7089905047476263 0.07089206066012489 0.028675662168915542