15 0.33676386506575184 0.36537686416767434 0.31675242995997716 0.041515517936316
15 0.6623785020011436 0.42785167271261587 0.3184676958261864 0.03990326481257558
15 0.33276157804459694 0.6902458686013704 0.3156089193825043 0.04232164449818621
15 0.660377358490566 0.5743651753325272 0.31675242995997716 0.06610237807335752
15 0.6600914808461978 0.7677025392986699 0.3218982275586049 0.058847239016525596
15 0.33361921097770153 0.6551793631600161 0.3161806746712407 0.028617492946392584
13 0.3391480846197827 0.05783958081418783 0.31579759862778733 0.02781136638452237
15 0.6606632361349343 0.4935509875050383 0.3161806746712407 0.03990326481257558
15 0.3379073756432247 0.3313180169286578 0.31789594053744996 0.026602176541717048
15 0.33552315608919386 0.5126964933494559 0.31732418524871353 0.09270455461507457
15 0.6638078902229846 0.11991132607819428 0.31675242995997716 0.04070939137444579
15 0.3393367638650657 0.10607416364369207 0.3161806746712407 0.038557033454252314
15 0.3361921097770154 0.290608625554212 0.3156089193825043 0.027408303103587262
15 0.6618067467124071 0.4615074566706973 0.31732418524871353 0.026602176541717048
15 0.6632361349342482 0.15417170495767835 0.3133218982275586 0.027005239822652155
15 0.6632361349342482 0.1803708182184603 0.3110348770726129 0.027005239822652155
15 0.6619039451114923 0.37431277710600563 0.3156089193825043 0.039500201531640466
15 0.6635220125786163 0.2275292220878678 0.3161806746712407 0.03909713825070536
15 0.6639965694682676 0.08665860540104796 0.31675242995997716 0.027408303103587262
15 0.334379645511721 0.5995566303909714 0.3161806746712407 0.02781136638452237
15 0.6626643796455117 0.058847239016525596 0.3156089193825043 0.02902055622732769
15 0.3324757004002287 0.7801289802498992 0.31503716409376786 0.030229746070133012
15 0.660377358490566 0.6352277307537283 0.3156089193825043 0.026602176541717048
15 0.6620926243567753 0.2877871825876663 0.31675242995997716 0.027408303103587262
15 0.33876500857632935 0.19306731156791615 0.31732418524871353 0.025796049979846837
15 0.6629502572898799 0.26118500604594924 0.3161806746712407 0.027408303103587262
15 0.6586620926243568 0.7201410721483273 0.31675242995997716 0.04030632809351068
28 0.19439679817038308 0.03526803708182184 0.024013722126929673 0.013301088270858524
15 0.6609491137793024 0.5274083031035872 0.3156089193825043 0.02781136638452237
15 0.6597141223556318 0.6142684401451027 0.3146540880503145 0.014510278113663845
15 0.33419096626643796 0.5723498589278516 0.31732418524871353 0.027408303103587262
15 0.33838193253287596 0.21946795646916567 0.31732418524871353 0.02781136638452237
15 0.6620926243567753 0.31418782748891577 0.31675242995997716 0.02781136638452237
15 0.3373356203544883 0.4252317613865377 0.3110348770726129 0.027408303103587262
15 0.6632361349342482 0.3417976622329706 0.31675242995997716 0.026602176541717048
30 0.34248141795311604 0.03385731559854897 0.03773584905660377 0.014510278113663845
15 0.33390508862206975 0.6271664651350262 0.31675242995997716 0.028214429665457477
15 0.3376214979988565 0.16613059250302298 0.3161806746712407 0.026199113260781944
15 0.3236192109777015 0.31076178960096734 0.2904459691252144 0.013704151551793631
15 0.3324757004002287 0.7232970576380492 0.313893653516295 0.02539298669891173
15 0.3319039451114923 0.7507053607416364 0.3127501429388222 0.028617492946392584
15 0.3321898227558605 0.2423740427247078 0.30303030303030304 0.016928657799274487
30 0.6615208690680389 0.03526803708182184 0.03887935963407661 0.015719467956469165
15 0.33562035448827904 0.3984280532043531 0.3190394511149228 0.02781136638452237
15 0.6595197255574614 0.6880290205562273 0.3161806746712407 0.027408303103587262
15 0.3361921097770154 0.44578798871422814 0.3121726700971984 0.014510278113663845
15 0.6620926243567753 0.6604191858121725 0.3190394511149228 0.02781136638452237
15 0.33876500857632935 0.1392583635630794 0.313893653516295 0.02781136638452237
15 0.3373356203544883 0.2629987908101572 0.31675242995997716 0.02781136638452237
15 0.6462778730703258 0.40124949617089883 0.2820640365923385 0.014913341394598953
15 0.664379645511721 0.20092704554615073 0.31331618067467126 0.014913341394598953
15 0.32971412235563174 0.4598952035469569 0.3091194968553459 0.013704151551793631
15 0.33981703830760435 0.08014510278113664 0.3152258433390509 0.01464328899637243