30 0.49863361547762997 0.06298460661345495 0.15083031035872632 0.01669612314709236
30 0.794913341394599 0.061083238312428734 0.06624748085449417 0.01289623717217788
16 0.5046231358323257 0.10122006841505131 0.17893994357114065 0.017468643101482325
16 0.4999234179766223 0.3066647662485747 0.1883434099153567 0.01596636259977195
16 0.5044014510278114 0.6142759407069556 0.19730350665054414 0.015453249714937287
18 0.23767029423619507 0.1273574686431015 0.11258363563079403 0.014626567844925885
18 0.23229343006852077 0.14002850627137972 0.09645707376058041 0.013363740022805017
18 0.23319226118500602 0.15396807297605472 0.1036235388956066 0.014637970353477766
18 0.21549778315195484 0.16996579247434435 0.06555018137847642 0.014327251995438996
18 0.20721080209592907 0.18517103762827825 0.051660620717452636 0.010530216647662485
18 0.21146311970979442 0.2002194982896237 0.05211205159209996 0.012120866590649943
18 0.2193027005239823 0.21542759407069556 0.06510278113663846 0.012126567844925884
18 0.2197541313986296 0.2269897377423033 0.08212414349052802 0.010547320410490307
18 0.22535268037081824 0.24283067274800457 0.09063280935106813 0.015624287343215509
18 0.21571946795646918 0.2580359179019384 0.06868601370415155 0.011827251995438997
18 0.21773881499395406 0.273560433295325 0.08077791213220475 0.012468643101482327
18 0.4334018540910923 0.12434720638540478 0.07411124546553809 0.010507411630558723
18 0.4257839580814187 0.14097776510832383 0.048129786376461106 0.015265108323831243
18 0.4302660217654172 0.15523660205245154 0.06246674727932285 0.01717217787913341
18 0.4251148730350665 0.16996579247434435 0.060225715437323656 0.010524515393386545
18 0.4251148730350665 0.18422177879133408 0.05484885126964934 0.012431584948688712
18 0.43205965336557844 0.20006271379703536 0.07679967754937525 0.013705815279361459
18 0.4222007255139057 0.21431584948688712 0.04634018540910923 0.008007411630558722
18 0.4291455058444176 0.23015678449258836 0.06828698105602579 0.013084378563283922
18 0.4363119709794438 0.2423546180159635 0.07724707779121322 0.008970923603192703
18 0.428024989923418 0.2593044469783352 0.07411124546553809 0.018164196123147094
18 0.4493027005239823 0.2759350057012543 0.10860540104796453 0.01531927023945268
18 0.6407779121322047 0.12688141391106045 0.053559048770656995 0.015578677309007982
18 0.7043893591293833 0.13955245153933865 0.17540507859733978 0.014315849486887114
18 0.6999113260781943 0.15650228050171036 0.17719467956469165 0.01210376282782212
18 0.6878153970173317 0.17155074116305585 0.14762998790810156 0.013694412770809577
18 0.6569044740024184 0.18548745724059296 0.09118500604594922 0.011165906499429876
18 0.7066303909713826 0.20006271379703536 0.1906328093510681 0.013705815279361459
18 0.6931882305521967 0.2143187001140251 0.1637565497783152 0.011810148232611175
18 0.6911729141475211 0.22952394526795894 0.16778718258766626 0.015618586088939566
18 0.6949818621523579 0.24393956670467504 0.16196291817815398 0.012137970353477764
18 0.6490648931882306 0.25930159635119726 0.06744457879887143 0.01056157354618016
18 0.6389883111648529 0.27260832383124284 0.06251511487303506 0.0105672748004561
18 0.20900040306328094 0.33089794754846064 0.04987101975010077 0.009321550741163056
18 0.21840790004030633 0.3464224629418472 0.057936316001612254 0.009962941847206386
18 0.21571946795646918 0.36004561003420754 0.06330914953647722 0.014401368301026226
18 0.21661829907295443 0.37303306727480046 0.08122531237404274 0.013774230330672748
18 0.21079403466344218 0.38982326111744586 0.053454252317613866 0.00934435575826682
18 0.2188553002821443 0.40344640820980615 0.06958081418782748 0.00998289623717218
18 0.2658927851672712 0.4178620296465222 0.16902458686013705 0.01410775370581528
18 0.2188553002821443 0.43417616875712656 0.06958081418782748 0.014432725199543901
18 0.21437726723095527 0.4477993158494869 0.06062071745264007 0.015071265678449259
18 0.2258000806126562 0.4628477765108324 0.08077791213220475 0.012859179019384265
18 0.22288593309149538 0.47742018244013684 0.07764207980652962 0.011596351197263398
18 0.2325191455058444 0.49262542759407074 0.09422007255139056 0.011602052451539339
18 0.21751309955663037 0.5068814139110605 0.06689238210399033 0.009709236031927025
18 0.21191455058444175 0.5206613454960092 0.0637565497783152 0.012565564424173318
18 0.2681297863764611 0.5360262257696694 0.17350665054413544 0.014789053591790195
18 0.233639661426844 0.5504418472063854 0.1045223700120919 0.015111174458380843
18 0.22871019750100763 0.5672320410490308 0.08929060862555421 0.014484036488027367
18 0.22557436517533253 0.579903078677309 0.08839580814187828 0.0132212086659065
18 0.42063280935106806 0.3316904218928164 0.04588875453446191 0.012807867730900799
18 0.4387746876259572 0.3473745724059293 0.07411124546553809 0.011861459521094641
18 0.42175332527206766 0.36036202964652225 0.06156791616283756 0.015037058152793615
18 0.44504635227730754 0.3787371721778791 0.09203143893591294 0.013777080957810718
18 0.4302660217654172 0.39045895096921324 0.06783958081418782 0.010612884834663626
18 0.4463925836356308 0.40471493728620295 0.10009270455461508 0.016319840364880274
18 0.4432567513099557 0.4199201824401368 0.10457073760580411 0.012525655644241733
18 0.43362353889560656 0.434809007981756 0.0718702136235389 0.011898517673888257
18 0.4318339379282548 0.44938141391106046 0.06828698105602579 0.01063568985176739
18 0.4302660217654172 0.46157924743443557 0.06783958081418782 0.014124857468643101
18 0.4394478033051189 0.47947833523375144 0.07276904474002419 0.017616875712656785
18 0.41996372430471585 0.49373432155074115 0.052607819427650145 0.0157212086659065
18 0.4387746876259572 0.5073574686431015 0.06336154776299878 0.008757126567844926
18 0.4295929060862555 0.5228791334093501 0.05843208383716243 0.009398517673888255
18 0.4293712212817412 0.5387200684150513 0.06067311567916163 0.010669897377423033
18 0.43429665457476824 0.5507582668187001 0.07052801289802499 0.01194412770809578
18 0.454006449012495 0.5635889395667046 0.10994760177347843 0.01289908779931585
18 0.45692059653365574 0.5794298745724059 0.11846029826682788 0.014173318129988597
18 0.6354050785973399 0.33105758266818697 0.048182184602982674 0.015342075256556443
18 0.6383151954856913 0.3454732041049031 0.056694881096332125 0.01566419612314709
18 0.6757194679564692 0.361154503990878 0.12881499395405077 0.014720638540478906
18 0.6367472793228537 0.3765193842645382 0.05087061668681983 0.01314139110604333
18 0.6627287384119307 0.38998289623717214 0.10820636839983877 0.011562143671607754
18 0.6586981056025796 0.40471493728620295 0.09476823861346231 0.012519954389965792
18 0.6864691656590085 0.4203962371721779 0.1449415558242644 0.015376282782212087
18 0.6860217654171705 0.4346522234891676 0.14404675534058847 0.00968072976054732
18 0.6925191455058445 0.44859179019384265 0.1650987505038291 0.01475484606613455
18 0.7012535268037081 0.46458950969213225 0.16913341394598952 0.014444127708095781
18 0.6961023780733575 0.47916191562143673 0.15614268440145102 0.013181299885974915
18 0.6508585247883918 0.49183295324971493 0.06565497783151954 0.0157212086659065
18 0.6788553002821442 0.50577251995439 0.14045949214026604 0.013192702394526796
18 0.6896049979846837 0.5228791334093501 0.15121322047561467 0.013198403648802736
18 0.6819871019750101 0.5372947548460661 0.13061265618702136 0.010986316989737743
18 0.6690004030632809 0.5502822120866591 0.11000000000000001 0.012893386545039907
18 0.21146715034260377 0.6362941847206385 0.07361144699717856 0.015778221208665906
18 0.2614107214832729 0.6524515393386545 0.16544135429262394 0.01008266818700114
18 0.21079403466344218 0.6673403648802737 0.05882708585247883 0.017058152793614598
18 0.23139862958484483 0.680963511972634 0.08929060862555421 0.013893956670467503
18 0.468565094719871 0.63962086659065 0.14713018943974202 0.012927594070695554
18 0.44863361547763 0.6543500570125428 0.10457073760580411 0.012616875712656784
18 0.4383272873841193 0.6692417331812999 0.08396614268440145 0.013258266818700114
18 0.4401209189842806 0.6825456100342074 0.09829907295445385 0.013261117445838085
18 0.6345102781136639 0.6394612314709236 0.06251511487303506 0.014512542759407068
18 0.6472752922208788 0.6532440136830102 0.08536074163643692 0.013566134549600914
18 0.6416767432486901 0.6676567844925884 0.09297460701330108 0.013891106043329531
18 0.6430189439742039 0.680963511972634 0.09028617492946392 0.013893956670467503