28 0.16316761363636365 0.043225938009787926 0.03158380681818182 0.016443719412724305
30 0.3416335227272727 0.04305872756933116 0.07247159090909092 0.026300978792822186
30 0.7411860795454545 0.03949021207177814 0.06901988636363637 0.017120717781402936
15 0.33899147727272727 0.07280179445350733 0.3832315340909091 0.026651712887438825
15 0.3354403409090909 0.10033442088091354 0.39033380681818186 0.028703099510603586
15 0.33484375 0.1513295269168026 0.39625710227272726 0.07359298531810766
15 0.33484375 0.2128548123980424 0.39625710227272726 0.053902936378466555
15 0.3366193181818182 0.25924959216965743 0.39270596590909085 0.02638662316476346
15 0.3366193181818182 0.30922512234910277 0.3998082386363636 0.06515905383360522
15 0.32803977272727275 0.3736378466557912 0.39329545454545456 0.05736541598694943
15 0.3289275568181818 0.41646818923327894 0.3915198863636364 0.02882952691680261
15 0.3330681818181818 0.4368597063621534 0.39270596590909085 0.012520391517128875
15 0.330703125 0.47102773246329527 0.39507102272727274 0.058425774877650896
15 0.33129261363636364 0.5193964110929853 0.38914772727272723 0.043009787928221854
15 0.33247869318181816 0.5620595432300164 0.3844176136363636 0.04472675367047308
15 0.325078125 0.6164477977161501 0.38737215909090905 0.05154567699836868
15 0.32448863636363634 0.6650570962479608 0.39329545454545456 0.04272430668841762
15 0.3203480113636364 0.7162153344208809 0.40631392045454545 0.05736133768352366
15 0.32596590909090906 0.7590456769983687 0.3926988636363636 0.03290375203915172
15 0.3224147727272727 0.7952487765089723 0.39980113636363634 0.042096247960848286
15 0.32596590909090906 0.837736541598695 0.3855965909090909 0.04551386623164763
15 0.32656250000000003 0.873768352365416 0.3938849431818182 0.027850734094616643
15 0.32774147727272723 0.9002814029363784 0.39625 0.02786296900489396
15 0.7385369318181817 0.9084380097879281 0.3797798295454546 0.01970636215334421
15 0.7308451704545454 0.8767822185970636 0.3927982954545454 0.04203915171288744
15 0.7269957386363637 0.8317455138662316 0.38865767045454547 0.04779771615008157
15 0.7234446022727273 0.7902691680261011 0.3815482954545455 0.03418433931484502
15 0.7228551136363636 0.7533890701468189 0.3945738636363636 0.03587275693311582
15 0.7302556818181819 0.7210970636215335 0.3916122159090909 0.032459216965742256
15 0.7272940340909091 0.6910114192495921 0.3856960227272727 0.02734910277324633
15 0.7326207386363636 0.6614396411092985 0.38924715909090907 0.029376019575856446
15 0.73203125 0.6296574225122349 0.3809588068181818 0.029025285481239806
15 0.7293678977272727 0.5898858075040784 0.40049715909090905 0.047365415986949426
15 0.7302556818181819 0.5511337683523655 0.3916122159090909 0.031031810766721044
15 0.7447585227272726 0.5217292006525286 0.3957599431818182 0.03544045676998369
15 0.738544034090909 0.48722675367047313 0.393984375 0.025570962479608484
15 0.7343963068181818 0.45221451876019575 0.4070099431818182 0.03711256117455139
15 0.7349857954545453 0.4165701468189233 0.3797798295454546 0.031072593800978793
15 0.7370596590909091 0.3863132137030995 0.3874715909090909 0.031737357259380095
15 0.7379474431818182 0.35317292006525286 0.3856960227272727 0.03274469820554649
15 0.7423863636363636 0.2513784665579119 0.39813210227272733 0.16969412724306687
15 0.7412073863636363 0.15433931484502447 0.38865767045454547 0.01843393148450245
15 0.7435724431818183 0.11949836867862969 0.38629261363636364 0.04459624796084828
15 0.7406107954545454 0.079384176182708 0.3874715909090909 0.037781402936378466