15 0.7441592154600519 0.7790214631894761 0.37381021055667724 0.17239787675975074
15 0.7431987308912604 0.6360881606277407 0.37207960773002596 0.08654511885529656
15 0.36007787712719935 0.7267897530579275 0.3740986443611191 0.2720978536810524
15 0.7447360830689357 0.529886914378029 0.37381021055667724 0.10477729056081236
13 0.359965387943467 0.34642280175398105 0.37381021055667724 0.46667435956612047
15 0.7447360830689357 0.38910685437341336 0.37381021055667724 0.15231940918532194
15 0.7457456013844823 0.23005769674590354 0.37352177675223536 0.13685668128317563
13 0.7461782520911451 0.13316408954534964 0.3715027401211422 0.036464343411031615
30 0.7471877704066917 0.09300715439649204 0.06316700317277185 0.023540272328640664
30 0.35895586962792037 0.09116085852757905 0.06778194404384194 0.024001846295868913
28 0.20810498990481685 0.09450726978998385 0.0297086818575137 0.022386337410570042