23 0.4997478991596639 0.8007600950118765 0.779781512605042 0.11894299287410927
38 0.32043697478991595 0.13236342042755345 0.371327731092437 0.05516627078384798
29 0.23038655462184876 0.8768171021377672 0.22425210084033614 0.016282660332541568
23 0.4996638655462185 0.6054275534441805 0.7808571428571429 0.2661401425178147
29 0.5098655462184875 0.8990380047505938 0.7945546218487395 0.027695961995249405
31 0.8709579831932773 0.06447743467933492 0.04608403361344538 0.022137767220902615
38 0.7310924369747899 0.1322565320665083 0.417109243697479 0.05505938242280285
38 0.31168067226890755 0.2418527315914489 0.3483529411764706 0.05182897862232779
38 0.7272773109243698 0.24130641330166272 0.4247563025210084 0.05505938242280285
38 0.32085714285714284 0.35251781472684085 0.3697478991596639 0.05505938242280285
38 0.741781512605042 0.35089073634204276 0.41100840336134453 0.05397862232779098
38 0.3185714285714286 0.4324109263657957 0.36210084033613443 0.05505938242280285
38 0.7104705882352942 0.43133016627078385 0.3544705882352941 0.05505938242280285
17 0.22917647058823531 0.1894893111638955 0.18028571428571427 0.02051068883610451
17 0.3638655462184874 0.2975059382422803 0.44873949579831934 0.02494061757719715