21 0.46976510067114097 0.6927434679334916 0.707986577181208 0.19086698337292163
21 0.47001677852348994 0.5153206650831353 0.7086073825503355 0.15878859857482183
21 0.47182885906040267 0.17744655581947744 0.7103523489932886 0.1113064133016627
19 0.4815268456375839 0.260332541567696 0.6865268456375839 0.048254156769596206
19 0.48020134228187916 0.3408788598574822 0.6854697986577182 0.04599762470308788
19 0.40877516778523487 0.292790973871734 0.5409563758389262 0.015700712589073636
19 0.44154362416107384 0.30902612826603326 0.6080872483221477 0.014144893111638955
19 0.4806375838926174 0.38090261282660337 0.6847651006711409 0.030665083135391923
21 0.46963087248322144 0.8071258907363421 0.706744966442953 0.0333729216152019
13 0.4701677852348994 0.4160332541567696 0.7073322147651007 0.03157957244655582
27 0.8103523489932887 0.092541567695962 0.029765100671140937 0.020308788598574823
31 0.21266778523489932 0.0921852731591449 0.1855536912751678 0.017660332541567694