23 0.5391107382550335 0.2642280285035629 0.7490436241610738 0.22731591448931118
23 0.5408053691275168 0.6438361045130642 0.7537919463087248 0.11200712589073634
23 0.5389261744966443 0.4558076009501188 0.750520134228188 0.0658313539192399
23 0.5411744966442953 0.8001068883610452 0.7506879194630873 0.06973871733966745
23 0.524479865771812 0.11989311163895487 0.08894295302013422 0.026840855106888363
31 0.5404362416107383 0.9063182897862233 0.03974832214765101 0.022137767220902615
17 0.4517114093959732 0.743729216152019 0.5719463087248322 0.02279097387173397
23 0.5398825503355704 0.0705938242280285 0.754496644295302 0.04543942992874109
23 0.5414429530201342 0.4009144893111639 0.7467281879194632 0.0228978622327791
38 0.5001342281879194 0.5581947743467933 0.5665939597315436 0.045676959619952495
23 0.5284395973154362 0.5142874109263658 0.7246476510067114 0.021045130641330165