28 0.8705882352941177 0.050475059382422804 0.02689075630252101 0.022565320665083134
18 0.7257142857142858 0.09010688836104513 0.3295798319327731 0.0218646080760095
18 0.7243193277310925 0.11435866983372922 0.3351764705882353 0.022862232779097387
18 0.7166050420168067 0.13193586698337292 0.34497478991596636 0.019406175771971495
18 0.6861512605042016 0.15247030878859857 0.4143193277310925 0.02188836104513064
18 0.7145042016806723 0.17994061757719715 0.34917647058823525 0.03624703087885986
18 0.7764873949579831 0.2440380047505938 0.2000168067226891 0.02687648456057007
18 0.6056134453781512 0.27719714964370545 0.5473613445378152 0.027874109263657954
18 0.7428739495798319 0.31927553444180523 0.29245378151260504 0.02294536817102138
18 0.5881008403361345 0.3531710213776722 0.587983193277311 0.02839667458432304
28 0.5054285714285714 0.9347387173396674 0.0360672268907563 0.027636579572446557