20 0.48825503355704697 0.15795724465558195 0.7986577181208053 0.17577197149643706
20 0.48825503355704697 0.3147268408551069 0.7953020134228188 0.10926365795724466
20 0.48825503355704697 0.6407363420427553 0.7986577181208053 0.11282660332541568
20 0.4865771812080537 0.5261282660332541 0.7953020134228188 0.09026128266033254
28 0.05285234899328859 0.9697149643705463 0.028523489932885907 0.020190023752969122
25 0.48825503355704697 0.8551068883610451 0.7953020134228188 0.21852731591448932
18 0.26023489932885907 0.3893111638954869 0.22682885906040268 0.017529691211401424
18 0.26162751677852353 0.4051425178147268 0.2296308724832215 0.019513064133016626
18 0.32625838926174494 0.42419239904988126 0.34998322147651006 0.01661520190023753
18 0.26300335570469796 0.44226840855106886 0.22904362416107382 0.0131353919239905
18 0.2801342281879195 0.46057007125890737 0.25211409395973156 0.024026128266033255