20 0.4983221476510067 0.5302850356294537 0.825503355704698 0.2672209026128266
20 0.4974832214765101 0.7654394299287411 0.8271812080536913 0.09619952494061758
20 0.39932885906040266 0.6811163895486936 0.6174496644295302 0.027315914489311165
28 0.4983221476510067 0.9530878859857482 0.026845637583892617 0.027315914489311165
20 0.4983221476510067 0.8687648456057007 0.825503355704698 0.11045130641330166
16 0.2553187919463087 0.10347980997624702 0.1415268456375839 0.05453681710213777
22 0.2941442953020134 0.16014251781472685 0.23172818791946312 0.016448931116389547
22 0.29657718120805365 0.18167458432304037 0.23243288590604028 0.020914489311163895
22 0.5259395973154362 0.20716152019002376 0.6995469798657719 0.02141330166270784
22 0.29063758389261746 0.22944180522565322 0.22473154362416106 0.018456057007125888
22 0.2745637583892617 0.24874109263657956 0.20095637583892617 0.02143705463182898
22 0.26791946308724834 0.27249406175771973 0.17508389261744967 0.02143705463182898
22 0.273506711409396 0.2932897862232779 0.19466442953020133 0.021448931116389548
22 0.280503355704698 0.3153087885985748 0.20865771812080536 0.026900237529691208
22 0.36337248322147647 0.34030878859857483 0.3785738255033557 0.026413301662707837
19 0.23364093959731544 0.36431116389548696 0.11998322147651008 0.02356294536817102