7 0.46250751252086814 0.3725111580925534 0.8601435726210351 0.6007235142118863
30 0.8464106844741235 0.05402865867982147 0.08747913188647746 0.01926239135541461
10 0.100330550918197 0.08791402396053559 0.11575626043405676 0.0197815362931642
28 0.04240400667779633 0.056025369978858354 0.024040066777963272 0.01620859760394644
15 0.17245409015025043 0.9058303969931877 0.2767011686143573 0.09818181818181818
15 0.1709515859766277 0.8389711064129669 0.27646076794657765 0.03782006107587503
15 0.17061769616026712 0.8054968287526427 0.27646076794657765 0.02865867982147052
15 0.16899499165275458 0.7523208832511158 0.27979966611018364 0.021371858116044164
15 0.16978297161936562 0.7311486962649754 0.27545909849749584 0.020906741836974396
15 0.1701168614357262 0.7769556025369979 0.27545909849749584 0.028423772609819122
9 0.14145909849749583 0.6005402865867983 0.21470784641068447 0.14064129668780834
15 0.1674457429048414 0.6979610054028659 0.2733622704507513 0.04420014094432699
13 0.46385642737896493 0.8125675358233497 0.28521202003338897 0.2788935870331219
13 0.7558530884808013 0.8135470988959361 0.28489816360601 0.2800681230913789