28 0.8235967926689576 0.048426150121065374 0.041237113402061855 0.029055690072639227
30 0.48825887743413515 0.04867635189669088 0.09451317296678122 0.023817594834543987
15 0.48066437571592213 0.10787732041969329 0.7284192439862542 0.061509281678773196
15 0.48066437571592213 0.17246166263115417 0.7284192439862542 0.06153349475383373
15 0.48352806414662086 0.2630589184826473 0.7226918671248568 0.09744955609362389
15 0.28175257731958764 0.33234059725585147 0.3191294387170676 0.0342453591606134
15 0.48384879725085905 0.37292978208232447 0.7195074455899199 0.03201775625504439
15 0.4466093928980527 0.41037126715092814 0.6564833906071019 0.02351089588377724
15 0.4927605956471936 0.4612832929782082 0.7373310423825888 0.06344632768361581
15 0.47780068728522335 0.5841727199354317 0.7265063001145475 0.15857142857142856
15 0.46824742268041236 0.6796852300242131 0.6921305841924399 0.03213882163034706
15 0.429106529209622 0.7191525423728813 0.6100229095074455 0.03573849878934625
15 0.44215349369988544 0.7545843422114609 0.6475715922107675 0.02589184826472962
15 0.4825773195876289 0.8052623083131558 0.7093241695303552 0.06267958030669894
15 0.35303550973654063 0.8590799031476999 0.45407789232531504 0.03579499596448749
15 0.47525773195876286 0.8945117029862792 0.7137800687285223 0.036707021791767554