30 0.3147762345679012 0.017468643101482325 0.06028163580246913 0.015932155074116307
30 0.6904398148148148 0.017785062713797036 0.0631520061728395 0.016564994298745726
28 0.14484182098765433 0.017152223489167617 0.021338734567901235 0.015296465222348916
16 0.3231365740740741 0.23700969213226908 0.04356481481481481 0.019820410490307867
13 0.31796682098765433 0.09273375142531357 0.36758487654320987 0.13858893956670468
15 0.31667824074074075 0.1747776510832383 0.37015432098765433 0.030285062713797033
15 0.31560956790123457 0.20297605473204103 0.37058641975308637 0.029669327251995437
15 0.31517746913580247 0.27655929304446975 0.3697260802469136 0.04570695553021665
15 0.28004243827160497 0.3069697833523375 0.29945216049382717 0.014045039908779932
15 0.2586149691358025 0.3199629418472064 0.25659722222222225 0.014686431014823262
15 0.314537037037037 0.3801767388825542 0.37101466049382714 0.10851197263397948
15 0.3136805555555555 0.4468586088939567 0.36929783950617284 0.027129418472063856
15 0.31539351851851855 0.4951510832383124 0.3727276234567901 0.06796180159635119
15 0.3128240740740741 0.5559834663625998 0.36758487654320987 0.05533352337514254
13 0.6891280864197531 0.1779304446978335 0.36916666666666664 0.3045438996579247
15 0.6869830246913581 0.4182098061573546 0.3700270061728395 0.17697548460661347
15 0.6878433641975309 0.6569783352337514 0.37173996913580243 0.3048346636259977
15 0.27275462962962965 0.6042673888255417 0.29002314814814817 0.04547605473204105
15 0.31110725308641973 0.6928392246294185 0.3641550925925926 0.1358380843785633
15 0.31110725308641973 0.7826140250855188 0.3641550925925926 0.044891676168757125