6 0.722 0.7288516746411483 0.4504647887323943 0.44960765550239234
21 0.2574507042253521 0.760555023923445 0.4446338028169014 0.20686124401913875
21 0.2552394366197183 0.5623540669856459 0.4437042253521126 0.17670813397129187
21 0.25711267605633803 0.3622392344497608 0.4452676056338028 0.11952153110047847
21 0.7188732394366197 0.43347368421052634 0.44888732394366193 0.1348421052631579
13 0.7208591549295774 0.30196172248803826 0.4500704225352113 0.12015311004784689
21 0.25811267605633803 0.9049665071770335 0.44385915492957745 0.07759808612440192
17 0.48884507042253517 0.0991866028708134 0.6077605633802817 0.06880382775119617
21 0.25546478873239437 0.2733014354066986 0.4487183098591549 0.061148325358851674
21 0.2560281690140845 0.448555023923445 0.4472535211267606 0.04632535885167464
9 0.7204788732394366 0.9334449760765551 0.18635211267605634 0.02172248803827751
22 0.48621126760563377 0.15880382775119617 0.19301408450704224 0.03352153110047847
28 0.49295774647887325 0.9744784688995216 0.05164788732394367 0.028708133971291867