14 0.45343661971830984 0.4243439716312057 0.6752957746478873 0.06319148936170213
14 0.4569859154929577 0.8118971631205674 0.6872394366197183 0.11309397163120567
17 0.4497746478873239 0.7341755319148936 0.3059859154929577 0.02405141843971631
14 0.4560422535211268 0.632322695035461 0.6762676056338028 0.04663120567375886
17 0.4554788732394366 0.28820921985815606 0.12147887323943662 0.026382978723404258
17 0.4541267605633803 0.4839804964539007 0.18207042253521127 0.025886524822695035
14 0.4527042253521127 0.6733333333333333 0.675830985915493 0.03175531914893617
14 0.4545070422535211 0.35124113475177304 0.6748591549295775 0.0777659574468085
17 0.4511267605633803 0.22466312056737586 0.6410985915492958 0.031852836879432626
14 0.45580281690140845 0.5795301418439717 0.678056338028169 0.04817375886524823
23 0.4525915492957746 0.5345921985815603 0.674338028169014 0.049281914893617024