14 0.469228448275862 0.849862012987013 0.8067198275862069 0.07512445887445889
31 0.8423836206896551 0.077987012987013 0.04927586206896552 0.02047348484848485
14 0.4709051724137931 0.30370670995670995 0.8081896551724138 0.025703463203463204
14 0.4796120689655173 0.2741071428571429 0.7949525862068966 0.028687770562770564
14 0.47521551724137934 0.6581439393939394 0.8211206896551724 0.025703463203463204
14 0.4676724137931034 0.6026785714285714 0.8491379310344828 0.031114718614718616
14 0.4716896551724138 0.574599567099567 0.8392241379310345 0.02890151515151515
14 0.47767672413793105 0.3926704545454545 0.7906120689655173 0.04324945887445887
14 0.47737068965517243 0.24959415584415584 0.8125 0.022997835497835496
14 0.47362499999999996 0.22339556277056277 0.7959224137931035 0.02601190476190476
14 0.47103879310344826 0.3287202380952381 0.8128879310344828 0.030998376623376622
35 0.4719741379310345 0.07791396103896105 0.32307327586206896 0.01807359307359307
14 0.4740086206896552 0.45817640692640693 0.7962456896551724 0.03764610389610389
14 0.4730603448275862 0.1893939393939394 0.8081896551724138 0.03787878787878788
14 0.4782715517241379 0.15396374458874457 0.8003965517241379 0.034550865800865804
14 0.46840086206896553 0.42627705627705625 0.8052844827586206 0.03259469696969697
14 0.46551724137931033 0.5458603896103896 0.8103448275862069 0.031114718614718616
14 0.4711034482758621 0.5163825757575757 0.8090172413793104 0.028189935064935064
14 0.46737068965517237 0.6325703463203464 0.7963922413793104 0.027784090909090908
14 0.47523275862068964 0.7979491341991342 0.8139568965517242 0.028106060606060603
14 0.46997844827586205 0.7688717532467533 0.8135 0.0274512987012987
17 0.4457112068965517 0.11696158008658009 0.7335474137931034 0.029412878787878786
14 0.4816810344827586 0.7406655844155844 0.8254310344827587 0.028409090909090908
14 0.46847844827586205 0.712870670995671 0.7985 0.031320346320346325
14 0.44989655172413795 0.49047619047619045 0.7732543103448276 0.027930194805194805
14 0.4698448275862069 0.6869669913419914 0.7945991379310345 0.02961309523809524
14 0.46436206896551724 0.35836038961038963 0.7902586206896552 0.03204816017316017