23 0.47671945701357465 0.39279069767441865 0.7419834087481146 0.09543983822042468
17 0.4759690799396682 0.2197826086956522 0.7348190045248869 0.04967644084934277
20 0.4796191553544495 0.7600606673407483 0.7277036199095023 0.0570778564206269
20 0.4793702865761689 0.7194312436804854 0.7244004524886878 0.024009100101112235
20 0.377394419306184 0.5385262891809909 0.5262782805429864 0.017585945399393326
17 0.47526395173454 0.6438346814964612 0.1408898944193062 0.025657229524772496
20 0.48661387631975866 0.8420424671385237 0.7189517345399699 0.041405460060667344
20 0.4790384615384616 0.6917138523761376 0.7296681749622926 0.03833417593528817
20 0.47763197586727 0.485793731041456 0.7275641025641025 0.028670374115267946
20 0.4446606334841629 0.5554170879676441 0.6506334841628959 0.017171385237613752
20 0.4784917043740573 0.5152553083923155 0.7294607843137255 0.030993427704752274
20 0.4775301659125189 0.577108190091001 0.727948717948718 0.028516177957532862
35 0.6328544494720965 0.11922901921132457 0.4336349924585219 0.03623104145601618
25 0.48328431372549024 0.29448938321536905 0.23253016591251885 0.031175429726996967
13 0.4807692307692308 0.2574140546006067 0.222473604826546 0.02275025278058645
23 0.4110105580693816 0.4465798786653185 0.49019607843137253 0.015166835187057633
20 0.2853205128205128 0.4655384226491406 0.33434012066365004 0.019380687563195147
20 0.48328054298642537 0.8055283114256825 0.7302677224736048 0.03370323559150658
29 0.4751131221719457 0.9024266936299292 0.7264969834087481 0.025278058645096056
29 0.3469079939668175 0.8834681496461072 0.38210030165912523 0.02275025278058645