21 0.47609589041095896 0.43895562770562774 0.794015410958904 0.09305194805194805
21 0.4770333904109589 0.3357061688311688 0.7954195205479452 0.10252705627705627
21 0.4800171232876712 0.7620211038961039 0.797902397260274 0.07757575757575759
21 0.4734375 0.5701001082251083 0.7988398972602739 0.08273809523809524
21 0.46815496575342463 0.6917261904761904 0.7953809931506849 0.06031385281385281
21 0.4730179794520548 0.8693127705627706 0.7995633561643836 0.03810335497835498
17 0.2185316780821918 0.5120508658008658 0.28615582191780825 0.022516233766233767
17 0.20616866438356166 0.2639908008658009 0.25722174657534247 0.02273809523809524
28 0.8476284246575342 0.08333062770562771 0.04140839041095891 0.021766774891774893
17 0.150513698630137 0.6431412337662338 0.1407962328767123 0.02291666666666667
21 0.48008133561643834 0.16392857142857142 0.7981378424657535 0.12699675324675325
17 0.16727311643835616 0.8288203463203464 0.17585188356164386 0.02091991341991342
28 0.8572345890410958 0.9503517316017316 0.027825342465753425 0.017586580086580088
32 0.4815924657534247 0.08387445887445888 0.3681506849315068 0.027056277056277056