20 0.5185974576271187 0.5962746170678337 0.8299703389830508 0.23169310722100658
25 0.5225974576271186 0.8392587527352298 0.8022584745762712 0.04832330415754923
25 0.5247161016949152 0.7968626914660831 0.8064957627118644 0.04193927789934355
25 0.5237542372881355 0.7645377461706784 0.8143474576271186 0.032475382932166307
16 0.5236610169491525 0.3954075492341356 0.7212669491525424 0.029056345733041576
25 0.5261313559322034 0.8944201312910285 0.8036737288135594 0.04011761487964989
25 0.44420762711864403 0.8684354485776805 0.5579110169491526 0.013676148796498906
16 0.5254237288135594 0.45678336980306344 0.3983050847457627 0.02735229759299781
16 0.5218940677966102 0.25164113785557984 0.45056355932203385 0.03464715536105033
14 0.5225974576271186 0.20787746170678337 0.5988686440677966 0.02552789934354486
16 0.5240127118644068 0.1823495623632385 0.6186440677966102 0.02552789934354486
30 0.6857330508474576 0.09071936542669584 0.4788135593220339 0.042852844638949665
21 0.5289533898305084 0.29722921225382937 0.2528262711864407 0.03099835886214442