23 0.5159159526723787 0.4136380798274002 0.7759934720522236 0.3663268608414239
23 0.5106079151366789 0.19540183387270765 0.769249286005712 0.07660194174757282
29 0.5315667074663403 0.7844309600862999 0.8010567115463076 0.11503236245954693
29 0.5162301101591187 0.6934142394822006 0.7723255813953489 0.0683495145631068
29 0.5169073847409221 0.6417286947141316 0.769734802121583 0.03385652642934196
35 0.5117339861281109 0.0928128371089536 0.33076295389636884 0.0239940668824164
31 0.15110567115463078 0.0907470334412082 0.03927784577723378 0.02232740021574973
24 0.5136189310485516 0.13069309600863 0.77312525499796 0.05128640776699029
29 0.5243655650754794 0.8680339805825243 0.790546715626275 0.01226267529665588
29 0.5307996736026112 0.8518527508090615 0.7979314565483476 0.024654800431499462
29 0.4381272949816401 0.8794228694714132 0.6184944920440637 0.01226267529665588