20 0.4867396313364055 0.5938319878910191 0.7468548387096774 0.2352699293642785
20 0.4917626728110599 0.39364783047426843 0.7454147465437788 0.16769424823410697
20 0.48815284178187407 0.2470736629667003 0.7265937019969277 0.0572401614530777
20 0.48844854070660526 0.291909687184662 0.7269662058371735 0.03375630676084763
20 0.4934715821812596 0.14001009081735621 0.7462864823348694 0.042885973763874874
28 0.837273425499232 0.10113017154389506 0.031870199692780335 0.025307769929364277
20 0.491973886328725 0.18833501513622602 0.7451459293394777 0.061518668012108986
30 0.49245775729646696 0.10149344096871847 0.22314900153609832 0.02406407669021191
25 0.47938940092165894 0.7631180625630676 0.7590898617511521 0.08156659939455095
25 0.4915514592933948 0.8350151362260343 0.7398886328725038 0.026909687184661957
25 0.48706989247311827 0.8118895055499495 0.7488479262672811 0.027749747729566093