23 0.5364035836177474 0.4914161220043573 0.7934726962457338 0.2337962962962963
23 0.5289377133105801 0.1879466230936819 0.7946928327645051 0.07555283224400872
23 0.525759385665529 0.6753458605664487 0.7924402730375427 0.12170479302832243
23 0.5272866894197953 0.33454248366013073 0.7945392491467577 0.07741013071895425
23 0.5313225255972697 0.26284858387799565 0.7953370307167236 0.07567538126361656
31 0.15975255972696245 0.0791557734204793 0.04021757679180887 0.019844771241830067
24 0.5325938566552901 0.12004901960784313 0.7941382252559727 0.04693899782135077
29 0.5366424914675768 0.790874183006536 0.8081911262798636 0.04543028322440087
29 0.29650170648464164 0.7601443355119826 0.2645051194539249 0.01565904139433551
29 0.5297226962457339 0.8474046840958606 0.8063139931740614 0.04266612200435729
29 0.29012798634812287 0.8193545751633987 0.3099616040955631 0.013431372549019608
29 0.48881399317406143 0.8769934640522876 0.7176493174061433 0.012883986928104576
35 0.5177175767918089 0.0753458605664488 0.46643771331058015 0.03994281045751634