19 0.5262204391891891 0.6727128820960699 0.7913048986486486 0.026383733624454148
19 0.5214949324324325 0.6507778384279476 0.7843496621621622 0.03345251091703057
32 0.5275422297297298 0.08657478165938864 0.26230152027027026 0.02271834061135371
28 0.15866131756756757 0.08121724890829694 0.03959037162162162 0.021656659388646287
19 0.5307474662162162 0.2614410480349345 0.7876182432432433 0.05246451965065502
19 0.5299873310810811 0.19208515283842795 0.7947888513513514 0.08689410480349345
21 0.522808277027027 0.5095524017467249 0.7908994932432432 0.043157751091703056
17 0.5313133445945947 0.13082150655021835 0.09036317567567567 0.02036572052401747
19 0.5317820945945946 0.3287827510917031 0.7905405405405406 0.054803493449781665
19 0.5277956081081081 0.7232532751091703 0.7946114864864865 0.029112991266375548
19 0.5252027027027028 0.6974481441048035 0.7908994932432432 0.02773744541484716
19 0.5224535472972973 0.40241812227074236 0.7912204391891892 0.02790665938864629
17 0.5307939189189189 0.376389192139738 0.09171030405405405 0.018976528384279476
19 0.5203420608108108 0.43819596069868993 0.7906418918918919 0.03915120087336244
19 0.5215371621621622 0.6281850436681223 0.7877238175675675 0.017284388646288208
19 0.5203673986486487 0.6059798034934498 0.7866427364864865 0.03241812227074236
17 0.5294679054054054 0.478332423580786 0.09160472972972973 0.019227620087336247
19 0.5314484797297298 0.5826965065502183 0.7964400337837838 0.024563318777292575
19 0.5333445945945946 0.5592412663755458 0.7941300675675675 0.030674126637554585
21 0.5327998310810811 0.8392467248908297 0.8150337837837838 0.10280294759825329
21 0.5290498310810811 0.7782942139737992 0.8102871621621621 0.026383733624454148
19 0.5277829391891892 0.7516430131004367 0.7931756756756757 0.027759279475982532
19 0.25548986486486486 0.5385725982532751 0.20974239864864866 0.012737445414847162
19 0.53109375 0.29338427947598256 0.792191722972973 0.015341157205240175