21 0.48038699690402475 0.2594008056394763 0.730077399380805 0.11498992950654582
21 0.4842453560371517 0.6179607250755287 0.7279102167182663 0.15351460221550856
21 0.48907120743034055 0.3657150050352467 0.7425735294117647 0.0975453172205438
21 0.48823142414860676 0.17698136958710978 0.7292105263157894 0.04866062437059416
28 0.8308010835913312 0.10824269889224572 0.03835913312693499 0.02229103726082578
21 0.486985294117647 0.7945392749244713 0.7295897832817337 0.037104733131923466
21 0.4861339009287926 0.7098237663645519 0.7319504643962848 0.03585850956696878
21 0.49776315789473685 0.7554405840886204 0.7074032507739938 0.040448136958710974
32 0.48311532507739935 0.11135448136958712 0.29226006191950465 0.023066465256797584
21 0.47690402476780186 0.4488544813695871 0.7280456656346749 0.06785750251762336
25 0.48272445820433435 0.8563796576032225 0.7865712074303406 0.052245720040281975
21 0.5291640866873064 0.512250755287009 0.7040092879256966 0.06221047331319234
17 0.27831095107834486 0.1388208635533076 0.35978075657117015 0.0302301778690785
1 0.05974845201238389 0.8366616314199395 0.05929566563467492 0.28471299093655594