20 0.5338727678571429 0.30460130391173523 0.6997061011904762 0.16835757271815446
20 0.5368340773809523 0.4817126379137412 0.7040178571428571 0.18382898696088265
20 0.5332886904761904 0.197043630892678 0.6974553571428571 0.05017301905717152
20 0.5406919642857143 0.6027457372116349 0.7178162202380952 0.059689067201604815
13 0.5371614583333334 0.14781594784353058 0.6963392857142857 0.03708375125376128
28 0.20484375 0.11322216649949848 0.037578125000000004 0.024142427281845538
30 0.5331026785714286 0.11255015045135407 0.23510788690476192 0.022728184553660984
25 0.5495870535714286 0.6836334002006018 0.7684895833333333 0.044408224674022063
25 0.5495907738095238 0.6506043129388165 0.7560900297619048 0.02683049147442327
25 0.5359486607142857 0.7279463390170512 0.7610528273809524 0.04610832497492477
25 0.5421540178571428 0.8195085255767302 0.7238578869047619 0.09883901705115346
25 0.5520684523809524 0.7597141424272817 0.7684858630952381 0.021045636910732197