21 0.5132568807339449 0.41454040404040404 0.7496215596330276 0.1033459595959596
21 0.5068654434250764 0.6939444444444445 0.7277217125382263 0.13307323232323234
21 0.5063340978593271 0.19764393939393937 0.7340366972477064 0.0643459595959596
21 0.504854740061162 0.5440378787878788 0.7377714067278287 0.15959343434343434
28 0.8482759938837922 0.09733838383838384 0.04544724770642202 0.025797979797979795
13 0.5021865443425076 0.14367171717171717 0.7524006116207951 0.03982828282828283
17 0.47170107033639147 0.34182070707070705 0.6621292048929664 0.022636363636363635
25 0.5121483180428135 0.8083964646464646 0.7380542813455657 0.06206565656565657
21 0.5058600917431192 0.29811868686868687 0.7454396024464831 0.05178787878787879
32 0.5103211009174312 0.09595959595959595 0.5198776758409785 0.02904040404040404
17 0.5112767584097859 0.24936868686868688 0.5122324159021406 0.020202020202020204
25 0.5084097859327217 0.8734217171717171 0.7320336391437309 0.025883838383838384
25 0.5084097859327217 0.8500631313131313 0.7339449541284404 0.025883838383838384