21 0.5219615963855422 0.2659079476861167 0.724280873493976 0.08891851106639839
21 0.5200527108433735 0.7060261569416498 0.7254706325301205 0.14691146881287726
21 0.5203765060240964 0.8573365191146881 0.7308245481927711 0.08080985915492958
21 0.5222025602409639 0.5528470824949698 0.729070030120482 0.1597082494969819
21 0.5206061746987952 0.36824698189134814 0.7318486445783132 0.1189486921529175
21 0.518957078313253 0.451966800804829 0.7261332831325301 0.04613933601609658
17 0.20881024096385542 0.8026911468812877 0.09653237951807228 0.02033450704225352
17 0.5256814759036145 0.15625 0.42957831325301205 0.024529678068410464
17 0.21036144578313254 0.20759054325955734 0.09447289156626505 0.021415995975855133
27 0.1932718373493976 0.10018360160965795 0.07278990963855422 0.022635814889336015
31 0.5252259036144579 0.10395623742454728 0.4982417168674699 0.028503521126760564