20 0.4728467465753424 0.5361739130434783 0.8016994863013699 0.19935597826086957
20 0.4745376712328767 0.34715760869565215 0.8032705479452055 0.17071195652173915
20 0.46799657534246575 0.19276630434782607 0.8221832191780821 0.14140489130434783
20 0.4617722602739726 0.6795489130434782 0.8043107876712329 0.08167934782608695
30 0.46636130136986303 0.0898070652173913 0.502859589041096 0.021869565217391307
28 0.8451498287671233 0.09386141304347827 0.04857020547945205 0.02376086956521739
25 0.4658946917808219 0.9003614130434783 0.8119306506849315 0.07789945652173913
25 0.4651840753424658 0.8460135869565217 0.8076498287671233 0.03985597826086956
25 0.4644691780821918 0.8147635869565217 0.8119306506849315 0.026269021739130434
25 0.4673244863013699 0.7848722826086957 0.8119306506849315 0.0389483695652174
25 0.47427654109589046 0.7546548913043478 0.8291481164383562 0.02690217391304348