19 0.6632676056338028 0.3817857142857143 0.37746478873239436 0.3382424812030075
19 0.25528169014084506 0.5736936090225564 0.37857746478873244 0.16774436090225564
19 0.25743661971830983 0.7344924812030075 0.3808732394366197 0.15432330827067667
19 0.26180281690140844 0.8530263157894737 0.3767464788732395 0.07843984962406014
20 0.6644647887323943 0.16479323308270677 0.38242253521126757 0.09330827067669173
13 0.25116901408450704 0.18099624060150377 0.37159154929577465 0.1455545112781955
19 0.25319718309859157 0.3962875939849624 0.3799295774647887 0.1806484962406015
19 0.6631408450704225 0.6040037593984963 0.3797042253521126 0.1069266917293233
21 0.771605633802817 0.6921992481203008 0.17916901408450703 0.03324248120300752
19 0.25539436619718314 0.2812218045112782 0.3644929577464789 0.045554511278195486
13 0.7759154929577464 0.0431390977443609 0.3964084507042253 0.05757518796992481
27 0.9502676056338029 0.6676221804511279 0.03947887323943662 0.024793233082706766
31 0.9389295774647887 0.5293045112781954 0.0751549295774648 0.27788533834586465
31 0.4587464788732394 0.9371616541353384 0.32595774647887327 0.024163533834586467