21 0.262 0.1637337057728119 0.25359154929577465 0.12262569832402234
21 0.26392957746478873 0.3734171322160149 0.2517887323943662 0.0820391061452514
21 0.26709859154929577 0.7498324022346369 0.2496760563380282 0.09184357541899442
21 0.26959154929577467 0.8661824953445065 0.24622535211267604 0.07313780260707635
13 0.5386901408450705 0.1651582867783985 0.24640845070422535 0.11988826815642457
21 0.5440845070422535 0.5592364990689013 0.24592957746478875 0.26185288640595905
21 0.5445915492957747 0.7966387337057729 0.24691549295774648 0.21338919925512104
13 0.8061267605633803 0.11742085661080075 0.246056338028169 0.02812849162011173
21 0.8057183098591548 0.2343016759776536 0.248056338028169 0.2041806331471136
21 0.8086478873239437 0.6786405959031657 0.24828169014084508 0.26043761638733703
21 0.8079718309859154 0.8556517690875233 0.25446478873239436 0.09689013035381751
19 0.20114084507042254 0.23247672253258847 0.1374788732394366 0.01802607076350093
19 0.22259154929577463 0.250316573556797 0.18602816901408453 0.016461824953445066
19 0.19288732394366195 0.26519553072625696 0.12970422535211268 0.013379888268156424
19 0.20928169014084508 0.28079143389199257 0.15045070422535212 0.015698324022346367
19 0.21109859154929578 0.2942178770949721 0.14398591549295775 0.013054003724394785
19 0.250887323943662 0.3113500931098696 0.239056338028169 0.012299813780260708
19 0.18792957746478875 0.3257635009310987 0.10866197183098593 0.011405959031657356
19 0.2635492957746479 0.488463687150838 0.2538450704225352 0.15197392923649908
19 0.2636478873239437 0.5978584729981378 0.253 0.05940409683426443
19 0.2682676056338028 0.6662383612662942 0.2634507042253521 0.07162011173184357
17 0.5367605633802818 0.3092178770949721 0.2425492957746479 0.1342737430167598
17 0.510056338028169 0.40418063314711355 0.18632394366197183 0.050446927374301676
17 0.8092957746478874 0.5248230912476722 0.24112676056338025 0.04963687150837989
21 0.8077464788732395 0.41479515828677843 0.24647887323943662 0.14430167597765362
32 0.031140845070422533 0.5221322160148976 0.0575774647887324 0.25594040968342646
28 0.029971830985915493 0.6677001862197393 0.04522535211267605 0.02276536312849162
32 0.5425774647887324 0.9408566108007449 0.5574647887323944 0.028212290502793298