20 0.5033943661971831 0.3827027027027027 0.7367605633802817 0.10613613613613614
20 0.5006619718309859 0.5102202202202202 0.7259436619718309 0.06476476476476477
20 0.4998028169014085 0.45633633633633636 0.7185633802816902 0.044954954954954954
16 0.49861971830985913 0.10897897897897899 0.24646478873239439 0.046056056056056054
20 0.5078591549295774 0.5688588588588588 0.7295211267605635 0.04690690690690691
18 0.5045915492957747 0.8141341341341342 0.7302112676056338 0.154004004004004
20 0.4984929577464789 0.22513513513513514 0.7225211267605633 0.04298298298298298
20 0.4986760563380282 0.6122122122122122 0.7220704225352113 0.04135135135135135
20 0.4999718309859155 0.2641341341341341 0.7285070422535211 0.042132132132132134
16 0.5035352112676056 0.18544544544544544 0.08404225352112676 0.02964964964964965
18 0.5026901408450705 0.6952652652652653 0.7290845070422535 0.08222222222222222
20 0.4986901408450704 0.3088488488488489 0.7263380281690142 0.0434034034034034
20 0.37490140845070424 0.6442842842842843 0.4744225352112676 0.021811811811811813
18 0.5054929577464788 0.9031431431431431 0.737225352112676 0.01992992992992993