13 0.4897118997912317 0.47754268943436495 0.8223799582463465 0.04139007470651014
21 0.4888851774530272 0.4284498399146211 0.8186889352818372 0.03631003201707578
21 0.4866304801670146 0.6246398078975454 0.8158121085594989 0.15034685165421557
21 0.48864718162839244 0.521974386339381 0.8182129436325678 0.03470651013874067
21 0.49156576200417534 0.3544530416221985 0.8149227557411274 0.10437833511205975
27 0.8808434237995825 0.07147278548559231 0.033194154488517744 0.020272145144076843
21 0.49177035490605425 0.7722145144076842 0.805749478079332 0.023615261472785486
21 0.48549060542797495 0.25994930629669155 0.8152693110647181 0.06909284951974386
21 0.4906054279749478 0.8287299893276414 0.8033695198329853 0.08841515474919957
21 0.4846221294363257 0.17181163287086448 0.8103048016701462 0.041270010672358595
21 0.4959457202505219 0.7255202774813234 0.8062713987473904 0.05358858057630736
31 0.22561169102296452 0.07635805763073639 0.28540709812108556 0.031075240128068303
21 0.48350730688935284 0.1360725720384205 0.8083507306889353 0.025613660618996798
21 0.4860125260960334 0.20944503735325506 0.8150313152400835 0.02294557097118463