21 0.4587542517006803 0.6376522435897436 0.81390731292517 0.07228365384615384
21 0.4562712585034014 0.41752403846153846 0.8128698979591836 0.1952457264957265
21 0.4609481292517007 0.7120005341880342 0.7880952380952381 0.07132745726495726
21 0.45358418367346937 0.7705181623931624 0.8065688775510204 0.04646634615384616
13 0.4525212585034013 0.20810363247863248 0.8114668367346939 0.2199732905982906
25 0.4574659863945578 0.8964236111111111 0.807844387755102 0.07632211538461539
28 0.8345408163265305 0.07547275641025641 0.046462585034013605 0.025707799145299144
21 0.4580569727891156 0.555846688034188 0.7431887755102041 0.07183493589743589
32 0.448562925170068 0.07546207264957264 0.1914923469387755 0.022513354700854703
25 0.45790816326530615 0.8472222222222222 0.8086734693877551 0.019230769230769232
25 0.4574829931972789 0.8282585470085471 0.8095238095238095 0.020833333333333332