21 0.45731557377049176 0.47481371490280777 0.7351598360655738 0.3172327213822894
21 0.45660655737704914 0.2653887688984881 0.7373647540983607 0.09090172786177106
21 0.4551311475409836 0.690348272138229 0.7369262295081966 0.11340172786177107
13 0.45112295081967213 0.162664686825054 0.7351967213114755 0.10939524838012958
27 0.8029180327868852 0.08338012958963283 0.03761475409836065 0.022367710583153348
27 0.10852049180327869 0.08113390928725701 0.04053688524590164 0.022089632829373648
31 0.455155737704918 0.08611231101511878 0.41791393442622954 0.021603671706263497
25 0.45286885245901637 0.839902807775378 0.7516393442622951 0.025377969762419007
25 0.46147540983606555 0.8215442764578834 0.7295081967213115 0.010259179265658747
25 0.4618852459016393 0.8088552915766739 0.7319672131147541 0.011879049676025918
25 0.46147540983606555 0.7958963282937365 0.7311475409836066 0.01511879049676026
25 0.45475819672131146 0.7810394168466522 0.7166106557377049 0.0172975161987041
25 0.45286885245901637 0.8984881209503239 0.7581967213114754 0.0183585313174946
25 0.4540983606557377 0.8844492440604752 0.7540983606557377 0.01079913606911447
25 0.45368852459016396 0.8720302375809935 0.7549180327868853 0.011879049676025918
25 0.4532786885245902 0.8601511879049676 0.7540983606557377 0.01079913606911447