15 0.4872950819672131 0.23386069114470842 0.7311311475409836 0.2014659827213823
15 0.491344262295082 0.5991495680345572 0.7292868852459017 0.19629049676025917
15 0.48975409836065575 0.8577240820734342 0.7327213114754098 0.09777267818574513
15 0.48759426229508196 0.3725728941684665 0.7312172131147542 0.0775377969762419
15 0.4889098360655738 0.7372597192224621 0.7292950819672132 0.06405777537796976
15 0.4850204918032787 0.43851781857451405 0.7305286885245902 0.05015928725701944
27 0.8317745901639344 0.07596382289416846 0.03593032786885246 0.024249460043196544
17 0.4142745901639344 0.796036717062635 0.5734016393442622 0.02384449244060475
31 0.4998401639344262 0.07615550755939525 0.24694262295081965 0.02497840172786177
17 0.31690573770491803 0.1213633909287257 0.3924139344262295 0.022869870410367168
17 0.2897213114754098 0.4892602591792657 0.32375000000000004 0.022805075593952482