21 0.2797924297924298 0.28031951640759933 0.39544871794871794 0.14401986183074267
21 0.7089835164835165 0.44106433506044906 0.3917979242979243 0.12134067357512952
21 0.2728815628815629 0.4948100172711572 0.3956868131868132 0.06924222797927461
21 0.27616300366300367 0.6043199481865285 0.39586080586080585 0.08222150259067358
21 0.27372100122100124 0.39125215889464593 0.39537240537240537 0.0695660621761658
21 0.2787026862026862 0.17268998272884284 0.39418803418803416 0.06966968911917099
21 0.7063339438339438 0.34933074265975816 0.39326617826617827 0.06622193436960276
21 0.2718406593406593 0.5467962003454232 0.3934126984126984 0.038816925734024184
25 0.7066483516483516 0.5835794473229706 0.393434065934066 0.0428454231433506
13 0.7115506715506715 0.2147646804835924 0.3919658119658119 0.13807210708117443
17 0.27726190476190476 0.4395660621761658 0.10497863247863248 0.021446459412780658
17 0.7088064713064713 0.2956196027633851 0.10997557997557997 0.022046632124352334
17 0.7088919413919413 0.5470682210708118 0.16524725274725274 0.021958117443868736
25 0.7091727716727717 0.6231152849740933 0.39512515262515263 0.04048575129533679
22 0.8395115995115995 0.512057426597582 0.1327106227106227 0.021828583765112264
31 0.4972008547008547 0.1072646804835924 0.15445665445665446 0.025237478411053543
27 0.8893528693528694 0.10859240069084629 0.034536019536019535 0.021955958549222797