35 0.2652930402930403 0.29560880829015546 0.4020054945054945 0.30489421416234885
21 0.2662454212454213 0.5404641623488773 0.39245726495726496 0.18842832469775475
21 0.7007356532356532 0.7355936960276338 0.39808913308913313 0.10539075993091537
21 0.26726190476190476 0.8712953367875648 0.39294566544566545 0.05498704663212435
21 0.7032967032967034 0.8272236614853195 0.4010592185592185 0.082426597582038
21 0.26591269841269843 0.7601986183074265 0.3930128205128205 0.15876295336787563
21 0.7041391941391942 0.5122344559585492 0.3937393162393163 0.3421157167530225
21 0.7041544566544566 0.29739205526770296 0.3971794871794872 0.09144645941278065
21 0.270491452991453 0.6603065630397237 0.39092796092796095 0.053033246977547494
36 0.26685286935286934 0.424229274611399 0.39361111111111113 0.031930051813471506
13 0.7022283272283272 0.19883419689119172 0.3962271062271062 0.10563903281519861
28 0.8901465201465201 0.10671200345423144 0.019563492063492064 0.0221286701208981
32 0.48045482295482295 0.10644645941278065 0.41123931623931625 0.027167530224525043