25 0.46852112676056334 0.16942598187311178 0.17202816901408452 0.024864048338368583
17 0.47740845070422533 0.2589627391742195 0.8054929577464789 0.06295065458207452
23 0.4816056338028169 0.3403826787512588 0.83 0.03878147029204431
17 0.48305633802816905 0.3881973816717019 0.20512676056338025 0.016424974823766363
17 0.2635492957746479 0.41696878147029204 0.12828169014084506 0.016435045317220544
23 0.2636338028169014 0.48877139979859013 0.3987183098591549 0.09316213494461228
23 0.262 0.6097180261832831 0.39480281690140845 0.15161127895266868
23 0.2575492957746479 0.7173011077542799 0.3925352112676056 0.06122860020140987
23 0.6991971830985916 0.6638167170191339 0.38852112676056344 0.15903323262839877
24 0.6968450704225352 0.49968781470292045 0.3932112676056338 0.16981873111782478
29 0.4796056338028169 0.8345317220543808 0.8319577464788733 0.14465256797583081