7 0.5176495726495727 0.4708203799654577 0.8660409035409036 0.7069278929188255
7 0.5096947496947497 0.27503454231433505 0.43866605616605614 0.24155008635578581
7 0.3369352869352869 0.5181455094991365 0.48209706959706955 0.23661917098445595
28 0.10899572649572649 0.08398316062176166 0.02895299145299145 0.020727547495682213
9 0.7188766788766788 0.3818782383419689 0.01783882783882784 0.015140328151986182
30 0.5125335775335775 0.08181131260794473 0.28309523809523807 0.023035405872193437
9 0.5657020757020758 0.6242249568221071 0.020415140415140413 0.01797279792746114
9 0.9265384615384615 0.811142055267703 0.018812576312576313 0.013894645941278065
9 0.3546184371184371 0.7949503454231434 0.5104609279609279 0.019095423143350606
9 0.2719871794871795 0.7798143350604491 0.34519841269841267 0.013879533678756478
9 0.23952686202686205 0.7651964594127806 0.28027472527472524 0.01595854922279793
7 0.7771581196581197 0.6872949050086357 0.33026556776556776 0.2648726252158895
10 0.12295787545787545 0.13246113989637304 0.053040293040293035 0.02202720207253886