21 0.5160752688172042 0.6648711819389109 0.7044913151364764 0.17648339973439575
21 0.5165219189412737 0.2530730411686587 0.7059760132340778 0.09029747675962817
21 0.5116956162117452 0.33547144754316066 0.7083291976840363 0.07793891102257636
21 0.5115136476426798 0.42049933598937583 0.7090860215053764 0.0692988047808765
21 0.5148924731182796 0.14124037184594954 0.7078742762613731 0.05345285524568393
21 0.5161455748552523 0.545667994687915 0.7034367245657569 0.06337317397078353
21 0.5139454094292804 0.7664674634794156 0.7025392886683209 0.030934926958831342
17 0.2700744416873449 0.19362549800796813 0.21937551695616214 0.02351128818061089
27 0.17853598014888336 0.10067994687915006 0.036898263027295285 0.023800796812749003
31 0.51308105872622 0.10175298804780877 0.29046732837055417 0.025585657370517927
19 0.5009346567411084 0.8175697211155378 0.7003887510339123 0.017707835325365205
19 0.5007775020678247 0.7986347941567066 0.680136476426799 0.020993359893758303
19 0.4678453267162945 0.5017583001328021 0.6452398676592225 0.018889774236387782
19 0.4742803970223325 0.4834581673306773 0.6544292803970224 0.015346613545816734
19 0.46416873449131507 0.4657503320053121 0.6195037220843672 0.017707835325365205
18 0.44106699751861045 0.8655617529880478 0.4068403639371381 0.07050464807436918