21 0.46986081822016024 0.6810201912858661 0.7180851961197806 0.11536663124335814
21 0.46461830451286373 0.485124867162593 0.7185196119780682 0.13026036131774707
21 0.4733319274567693 0.8535786397449522 0.7194854491775623 0.10521519659936238
21 0.4645972163644032 0.5913469713071201 0.7187220582032897 0.06772848034006376
21 0.4639392661324336 0.3547077577045696 0.7125938422606495 0.05179064824654623
21 0.46932939687895403 0.7673990435706695 0.7174483340362716 0.04964399574920298
13 0.4659173344580346 0.20145058448459086 0.7229312526360185 0.1341684378320935
17 0.23083087304934624 0.2874548352816153 0.2571699704765922 0.024040913921360253
21 0.463024040489245 0.39561105207226355 0.7188949810206664 0.03321466524973432
32 0.456938000843526 0.11280818278427206 0.25970898355124417 0.023448459086078642
21 0.4008266554196542 0.3167614240170032 0.5719274567692957 0.022058979808714133
28 0.8009320961619569 0.11313761955366632 0.03931674398987769 0.021835812964930923