35 0.46308963238331274 0.1032986111111111 0.4483890954151177 0.024893162393162395
27 0.7956464270962412 0.10323717948717948 0.0390086741016109 0.020721153846153844
15 0.26958694754233786 0.40811431623931627 0.35368855844692276 0.0498076923076923
15 0.2625154894671623 0.3705048076923077 0.33954151177199504 0.025411324786324786
15 0.26880214787277984 0.3384855769230769 0.35211482858323007 0.036591880341880344
15 0.27116067740603056 0.307991452991453 0.35368855844692276 0.02439636752136752
15 0.27116067740603056 0.2769898504273504 0.3568318876497315 0.03760950854700855
15 0.24915324246179266 0.24395299145299146 0.31596034696406444 0.02642895299145299
15 0.24757951259809996 0.21854166666666666 0.31596034696406444 0.02236111111111111
15 0.24679471292854194 0.19516292735042737 0.31753407682775714 0.02439636752136752
15 0.2452251135894259 0.1702590811965812 0.31439074762494834 0.023378739316239315
15 0.2405080545229244 0.13976495726495725 0.3018133002891367 0.03354433760683761
15 0.2522965716646014 0.4736778846153846 0.3191036761668732 0.02846153846153846
15 0.2538703015282941 0.44623130341880346 0.3191036761668732 0.02439636752136752
15 0.27037587773647254 0.5900641025641025 0.3678356051218505 0.039642094017094016
15 0.23736472532011565 0.5580448717948718 0.311243287897563 0.02439636752136752
15 0.22400247831474596 0.5316159188034187 0.2813795952085915 0.02642895299145299
15 0.27902106567534074 0.7618482905982906 0.3473977695167286 0.025411324786324786
15 0.24286658405617514 0.7374519230769231 0.26880214787277984 0.023378739316239315
15 0.24993804213135068 0.7130555555555556 0.28294919454770756 0.023378739316239315
15 0.20907063197026024 0.6866292735042735 0.19806691449814126 0.025411324786324786
15 0.22557207765386206 0.6602003205128205 0.23422139611730688 0.027443910256410256
15 0.275877736472532 0.8716266025641025 0.33796778190830234 0.04167467948717949
15 0.2067121024370095 0.8375747863247863 0.19963651383725733 0.02439636752136752
15 0.22478727798430403 0.8131784188034188 0.23893432465923173 0.02439636752136752
15 0.19177612556794713 0.7882745726495727 0.17291201982651797 0.025411324786324786
15 0.6633622470053697 0.3766025641025641 0.37412226352746797 0.03760950854700855
15 0.662573316811235 0.34560096153846154 0.36311854605534905 0.02439636752136752
15 0.661003717472119 0.32018963675213674 0.35997521685254025 0.02642895299145299
15 0.6641470466749277 0.29325320512820513 0.3725526641883519 0.025411324786324786
15 0.6649318463444858 0.2693643162393162 0.3646922759190417 0.02236111111111111
15 0.6633622470053697 0.24395299145299146 0.35525815778603886 0.02642895299145299
15 0.6633622470053697 0.21193376068376069 0.35211482858323007 0.03760950854700855
15 0.6586451879388682 0.1738167735042735 0.33954151177199504 0.036591880341880344
15 0.5603965303593557 0.13976495726495725 0.1367575382073523 0.031511752136752134
15 0.627207765386204 0.4431837606837607 0.3018133002891367 0.038627136752136755
15 0.6460677406030566 0.8754326923076923 0.3584014869888476 0.026925747863247865
15 0.6342792234613795 0.8443696581196581 0.3348244527054936 0.03798878205128205
15 0.6366377529946303 0.8060630341880343 0.31753407682775714 0.04065972222222222
15 0.640565881866997 0.7755689102564103 0.32853779429987606 0.02439636752136752
15 0.6484262701363073 0.7511752136752137 0.3442544403139199 0.02439636752136752
15 0.6531433292028087 0.7262713675213675 0.33796778190830234 0.023378739316239315
15 0.6562866584056175 0.7013675213675213 0.3442544403139199 0.02439636752136752
15 0.6547129285419248 0.6759561965811967 0.34111111111111114 0.02642895299145299
15 0.6562866584056175 0.6378365384615384 0.3442544403139199 0.0498076923076923
15 0.65 0.5997195512820512 0.32853779429987606 0.02439636752136752
15 0.6437133415943825 0.5732905982905984 0.3253944650970673 0.02846153846153846
15 0.6460677406030566 0.5422889957264957 0.3269640644361834 0.03760950854700855
15 0.6397810821974391 0.5077297008547008 0.31753407682775714 0.031511752136752134
7 0.2753696819496076 0.5021367521367521 0.030289136720363485 0.02314903846153846
7 0.2719248244527055 0.6281169871794872 0.03441966129698472 0.02938034188034188
7 0.6539983477901693 0.41354967948717947 0.027538207352333748 0.015136217948717948
7 0.6505576208178439 0.4798798076923077 0.03166873192895498 0.019586004273504272