35 0.4792285237698082 0.41941395844432605 0.7414595496246872 0.6191529035695259
28 0.8064470391993327 0.08279701651571657 0.04755212677231026 0.02311933937133724
32 0.47381567973311095 0.08204581779435269 0.3571059216013345 0.020785828449653702
25 0.42942869057547955 0.850799147575919 0.6527898248540451 0.01152903569525839
25 0.4681609674728941 0.8402317527970166 0.7227314428690575 0.01152903569525839
25 0.4677814845704754 0.8229355354288759 0.7159633027522936 0.022099094299413955
25 0.4666555462885738 0.8003569525839105 0.7152126772310258 0.022099094299413955
25 0.41084653878231864 0.7833377730420885 0.5997122602168473 0.01289824187533298
25 0.4270141784820684 0.7727330847096431 0.6335529608006673 0.01008790623335109
25 0.4634278565471226 0.761888652104422 0.7066180150125104 0.011603622802344166
25 0.42400750625521266 0.749914757591902 0.6245287739783152 0.013452317527970166
25 0.3576063386155129 0.8616089504528504 0.5061384487072561 0.012970165157165689