17 0.2968755186721992 0.31471593897948447 0.3140248962655601 0.02275118358758548
31 0.1627551867219917 0.0629458179905313 0.04485477178423236 0.022793266701735926
17 0.5244481327800831 0.06236717517096265 0.32278838174273855 0.028603366649132034
14 0.5260331950207469 0.37732772225144656 0.7741618257261411 0.09801946344029458
29 0.5221576763485477 0.7795844292477644 0.7780746887966805 0.11801946344029457
29 0.5098672199170124 0.8491530773277223 0.750863070539419 0.02201735928458706
29 0.5195352697095436 0.8898658600736454 0.7773692946058092 0.0329458179905313
14 0.5172904564315353 0.46094687006838503 0.7854190871369294 0.0755365597054182
14 0.52 0.5721067859021568 0.8125020746887968 0.06266175697001579
17 0.5132282157676349 0.520176223040505 0.8016680497925311 0.036052077853761175
14 0.5159377593360996 0.648074697527617 0.78 0.048069437138348235
17 0.3277095435684647 0.613308784850079 0.4089585062240664 0.016309836927932666
14 0.52 0.6879879011046818 0.7881244813278009 0.036909521304576545
14 0.5233858921161826 0.18669647553918992 0.7678132780082988 0.1467832719621252
17 0.2694813278008299 0.10086007364544977 0.27354356846473027 0.021459758022093635
14 0.5335435684647303 0.2794003156233561 0.7962489626556016 0.036909521304576545
29 0.40426141078838174 0.8665202524986849 0.5483526970954357 0.01289321409784324
29 0.2932655601659751 0.9129011046817465 0.3288879668049793 0.011120462914255655