20 0.5311991626794258 0.2497468065693431 0.7524192583732058 0.06251368613138686
20 0.5314742822966507 0.3901094890510949 0.7495574162679426 0.218617700729927
13 0.5318480861244019 0.1496646897810219 0.7478558612440191 0.035572536496350365
25 0.5272547846889952 0.5424110401459854 0.7429066985645933 0.014568886861313869
25 0.33443779904306215 0.5304014598540147 0.3524102870813397 0.01657390510948905
20 0.5292135167464115 0.1922171532846715 0.7449521531100478 0.04454835766423358
28 0.17650717703349283 0.11201642335766424 0.03522428229665072 0.0234375
25 0.5261752392344498 0.768786496350365 0.7375598086124402 0.01520757299270073
25 0.5291118421052632 0.7106569343065693 0.7504336124401914 0.09662864963503649
30 0.5313187799043062 0.1125 0.07070574162679426 0.021106295620437955
25 0.5234061004784689 0.8030565693430657 0.7346531100478468 0.046259124087591245
25 0.5278468899521531 0.6051300182481751 0.7441208133971292 0.11343521897810219
25 0.524392942583732 0.8519046532846716 0.7327272727272727 0.04200729927007299