6 0.2857233656174334 0.437353747714808 0.4436047215496368 0.469540676416819
21 0.28582627118644066 0.7658226691042047 0.43208535108958834 0.03838436928702011
9 0.2844824455205811 0.645036563071298 0.43260290556900727 0.040836380255941496
21 0.2897548426150121 0.708217550274223 0.4371004842615012 0.06644652650822669
31 0.8495520581113801 0.07097806215722122 0.20559927360774816 0.02020566727605119
6 0.7387832929782082 0.552262340036563 0.44568401937046004 0.5677582266910421
25 0.7402148910411622 0.8858112431444242 0.40416767554479416 0.02234232175502742
31 0.8482869249394672 0.9303199268738573 0.21144673123486682 0.02486745886654479
15 0.28775726392251816 0.15152422303473492 0.4477875302663438 0.1014945155393053
27 0.08694309927360774 0.07314213893967093 0.03403450363196126 0.020422760511883
13 0.7424878934624697 0.12177559414990859 0.43849273607748185 0.0386745886654479
31 0.24690375302663436 0.9323743144424133 0.3509503631961259 0.02699725776965265
25 0.2907838983050847 0.8718304387568556 0.4387076271186441 0.05901736745886654
25 0.2885139225181598 0.8330004570383912 0.43719733656174337 0.01563528336380256
15 0.740956416464891 0.21263254113345523 0.4401483050847458 0.10488345521023766
9 0.740202784503632 0.8044378427787934 0.4295550847457627 0.05448811700182815