21 0.29126202273389684 0.39991393347290066 0.4231361119207228 0.16928122819260294
21 0.719985426989216 0.18095836240986277 0.41662197610026236 0.16669690625726913
21 0.719475371611775 0.44600837404047455 0.41757505100553777 0.08904628983484532
13 0.7220198192946663 0.07182833217027217 0.42211308656368407 0.04236566643405443
21 0.7210667443893909 0.29035357059781347 0.4156659865928301 0.05728076296813212
6 0.5770708248324103 0.7215003489183531 0.7050801515593121 0.4034356827169109
21 0.7218478577674147 0.35572226099092813 0.4189478286213932 0.08190974645266341
17 0.1574030894782862 0.29961618981158405 0.14845234625473622 0.021549197487787858
21 0.2918099679393763 0.17144452198185622 0.4242145147187409 0.18357059781344498
21 0.2911891576799767 0.06366364270760642 0.41960652870883125 0.030369853454291697
27 0.9225298746721072 0.9458688066992323 0.023194403963858932 0.01736217725052338
9 0.34997376858058876 0.5328239125377995 0.21262897114543863 0.018427541288671783