21 0.27831375838926176 0.6135139534883721 0.4140128635346756 0.3450651162790698
21 0.27486577181208055 0.3586372093023256 0.4128187919463087 0.16392558139534882
6 0.7062052572706935 0.5716348837209303 0.4298154362416107 0.6088674418604652
6 0.7088366890380313 0.1281325581395349 0.4275335570469798 0.18011395348837209
25 0.28058724832214765 0.8576488372093023 0.40974552572706935 0.03865813953488372
25 0.2820581655480984 0.8145302325581395 0.4104418344519016 0.047741860465116276
28 0.0995665548098434 0.9144255813953489 0.02260626398210291 0.018490697674418605
13 0.27303691275167785 0.20124418604651162 0.40887304250559287 0.14959302325581394
9 0.21602908277404922 0.06320232558139534 0.30012863534675616 0.02777674418604651
32 0.8330536912751678 0.8988325581395349 0.15502796420581655 0.018209302325581395
9 0.6084312080536913 0.2989627906976744 0.2294463087248322 0.044