17 0.4606056338028169 0.14286624203821657 0.695 0.043821656050955414
17 0.4623098591549296 0.1792144373673036 0.683056338028169 0.02388535031847134
31 0.8199718309859154 0.09315286624203821 0.04114084507042254 0.027399150743099787
23 0.46338028169014084 0.2960191082802548 0.7594507042253522 0.14938428874734608
23 0.46380281690140845 0.4102229299363057 0.7602957746478872 0.08442675159235669
23 0.46401408450704223 0.4711889596602973 0.758169014084507 0.04230360934182591
20 0.384 0.5118895966029724 0.5904507042253522 0.02140127388535032
20 0.4620985915492957 0.5379511677282378 0.7517605633802817 0.0387791932059448
20 0.46380281690140845 0.5789702760084926 0.7551830985915492 0.041687898089171976
20 0.46550704225352113 0.62223991507431 0.7534647887323944 0.041380042462845004
20 0.46338028169014084 0.6614968152866242 0.7491971830985915 0.038811040339702764
20 0.4586760563380282 0.6922186836518047 0.750056338028169 0.021125265392781315
20 0.46123943661971833 0.7213375796178344 0.7602957746478872 0.04268577494692145
20 0.36735211267605633 0.7535138004246283 0.5827746478873239 0.02211252653927813
20 0.46529577464788735 0.7943736730360934 0.7504788732394366 0.05365180467091295
20 0.46466197183098595 0.8429511677282377 0.756887323943662 0.03886411889596603
20 0.4473802816901408 0.8728768577494692 0.7248732394366196 0.017632696390658172
20 0.46764788732394363 0.8941082802547771 0.7577323943661972 0.02150743099787686