16 0.43309859154929575 0.0785650723025584 0.5669014084507042 0.04310344827586207
21 0.4454225352112676 0.12444938820912124 0.19718309859154928 0.029199110122358176
20 0.5035211267605634 0.21482758620689654 0.8591549295774648 0.11262513904338153
20 0.5070422535211268 0.3024249165739711 0.8732394366197183 0.06256952169076752
20 0.5017605633802817 0.3768075639599555 0.8591549295774648 0.04171301446051168
20 0.5 0.43659621802002224 0.8591549295774648 0.06674082313681869
20 0.49471830985915494 0.5520022246941045 0.8556338028169014 0.08064516129032258
20 0.5 0.7174638487208009 0.8732394366197183 0.25027808676307006
20 0.4991267605633803 0.9086540600667408 0.8785211267605634 0.10984427141268076
23 0.44278873239436617 0.33509454949944384 0.10035211267605634 0.02224694104560623
23 0.39173239436619717 0.4838709677419355 0.2764084507042254 0.04449388209121246