21 0.5355211267605634 0.883896247240618 0.7298450704225353 0.09417218543046357
21 0.5476901408450704 0.6058719646799117 0.7561267605633804 0.15262693156732893
17 0.4807323943661972 0.08631346578366446 0.5892816901408451 0.028355408388520974
21 0.5478028169014084 0.4774944812362031 0.7573521126760564 0.09307947019867549
21 0.5447323943661971 0.19573951434878586 0.7466619718309859 0.08374172185430465
21 0.544056338028169 0.7282671081677704 0.7616056338028169 0.09328918322295805
21 0.5423380281690141 0.807075055187638 0.7422957746478873 0.05932671081677704
27 0.8736056338028169 0.05798013245033113 0.08777464788732395 0.029602649006622517
19 0.5564647887323944 0.3368763796909492 0.7693239436619719 0.05852097130242826
22 0.5029436619718309 0.12006622516556291 0.1859718309859155 0.024845474613686535
19 0.5441549295774648 0.2732560706401766 0.7501971830985915 0.06293598233995586
21 0.553661971830986 0.39994481236203094 0.7819014084507042 0.05795805739514349