28 0.5316197183098591 0.058454545454545453 0.03419718309859155 0.02203030303030303
16 0.4944788732394366 0.16160606060606061 0.38630985915492955 0.05651515151515152
21 0.5096619718309859 0.23402020202020202 0.7023943661971831 0.07681818181818181
20 0.3985492957746479 0.2843030303030303 0.49553521126760564 0.016606060606060607
20 0.4768028169014084 0.2996060606060606 0.652056338028169 0.015686868686868687
20 0.5182394366197183 0.31536363636363635 0.7327323943661972 0.015686868686868687
20 0.5018732394366197 0.414959595959596 0.8956056338028169 0.15181818181818182
20 0.4970281690140845 0.589010101010101 0.8859295774647887 0.11846464646464647
20 0.5025352112676057 0.7336060606060606 0.8925211267605635 0.15072727272727274
20 0.5060422535211268 0.861030303030303 0.8995633802816903 0.08874747474747474
16 0.17059154929577466 0.5146262626262627 0.2374507042253521 0.020141414141414144