21 0.26676433915211967 0.4689267241379311 0.41415523690773065 0.3984762931034483
25 0.26873129675810475 0.8963706896551724 0.413968204488778 0.12280603448275863
21 0.70785536159601 0.5757025862068966 0.4282044887780549 0.3322715517241379
21 0.7082076059850374 0.7997004310344827 0.4192113466334164 0.11975646551724137
21 0.2670511221945137 0.6895129310344827 0.41356920199501246 0.03541594827586207
13 0.7078273067331671 0.23616379310344826 0.42282418952618456 0.3419698275862069
17 0.25024002493765585 0.2549288793103448 0.3791490024937656 0.021905172413793104
25 0.26803927680798006 0.7937327586206897 0.4146165835411471 0.07843965517241379
13 0.26665523690773063 0.1301810344827586 0.4158104738154614 0.1261616379310345
28 0.90410536159601 0.03575431034482759 0.025570448877805487 0.01984698275862069
32 0.6725374064837906 0.03609913793103448 0.43173316708229426 0.02693965517241379
25 0.26911783042394016 0.7399418103448275 0.41562655860349124 0.02586206896551724
25 0.7169576059850374 0.9529461206896552 0.4280953865336658 0.02226939655172414
25 0.7138403990024937 0.9252866379310345 0.4218609725685785 0.034482758620689655
25 0.712281795511222 0.8918814655172413 0.4187437655860349 0.023706896551724137