20 0.30923938679245283 0.6885747232472325 0.39578125000000003 0.46262915129151294
20 0.7158844339622642 0.4539667896678967 0.39875 0.5012407749077491
20 0.30354068396226414 0.30178274907749075 0.3886497641509434 0.3092412361623616
13 0.7123260613207547 0.13832795202952028 0.3891332547169811 0.1345018450184502
20 0.7197140330188679 0.740915590405904 0.3887470518867925 0.0775230627306273
16 0.2393130896226415 0.13331872693726937 0.26735259433962266 0.024135147601476017
25 0.7176975235849056 0.8337730627306272 0.3900943396226415 0.038701568265682655
30 0.29966686320754715 0.9393311808118081 0.31305719339622645 0.024626383763837637
30 0.2503537735849057 0.06169280442804428 0.28558372641509433 0.02135839483394834
13 0.301594929245283 0.09490544280442804 0.3913354952830189 0.03734547970479705
28 0.1278744103773585 0.9395179889298892 0.03021816037735849 0.022486162361623617
25 0.7186025943396226 0.8688883763837638 0.3920990566037736 0.033440959409594094
25 0.7233932783018868 0.898005073800738 0.3972582547169811 0.025945571955719556