31 0.4685915492957746 0.09125274725274726 0.5043943661971831 0.028659340659340657
13 0.4659154929577465 0.148021978021978 0.7218591549295774 0.0442967032967033
19 0.4807183098591549 0.2622637362637363 0.7104647887323944 0.16089010989010988
19 0.4785633802816901 0.3830769230769231 0.706169014084507 0.06086813186813187
19 0.47692957746478876 0.444010989010989 0.713225352112676 0.04105494505494505
19 0.47250704225352114 0.499054945054945 0.699169014084507 0.047054945054945056
19 0.4787605633802817 0.5497362637362637 0.7070000000000001 0.0313956043956044
19 0.47852112676056335 0.6166263736263736 0.7060704225352112 0.0863956043956044
19 0.47746478873239434 0.7013186813186814 0.7095915492957746 0.053912087912087917
19 0.4767323943661972 0.7799780219780219 0.7076197183098591 0.06945054945054946
19 0.47638028169014085 0.8438681318681318 0.7040985915492958 0.030560439560439558