21 0.6679014084507042 0.4167429193899782 0.3574788732394366 0.16450980392156864
21 0.6662535211267606 0.6327342047930283 0.35952112676056336 0.26351851851851854
21 0.29401408450704225 0.33633986928104576 0.35552112676056336 0.31422657952069716
21 0.28335211267605637 0.8097712418300653 0.35574647887323946 0.18643790849673203
13 0.6741126760563381 0.149400871459695 0.36050704225352115 0.11238562091503268
15 0.6600140845070422 0.8117538126361656 0.35783098591549295 0.05107843137254902
15 0.6739154929577466 0.2878867102396514 0.35892957746478876 0.10215686274509804
15 0.2976619718309859 0.1369607843137255 0.3600281690140845 0.08745098039215686
21 0.2889295774647887 0.6018191721132898 0.35561971830985917 0.03312636165577342
22 0.4039577464788732 0.5024618736383443 0.06650704225352112 0.02053376906318083
22 0.7852957746478872 0.7689869281045751 0.04040845070422536 0.021100217864923748
22 0.7823521126760564 0.2149128540305011 0.04170422535211268 0.020642701525054465
15 0.2845492957746479 0.5584204793028322 0.35697183098591545 0.05096949891067538
17 0.4997323943661972 0.7915250544662309 0.036408450704225354 0.017167755991285404
15 0.28412676056338027 0.6940087145969499 0.3562112676056338 0.04131808278867102
17 0.5120140845070422 0.24045751633986928 0.03577464788732394 0.018540305010893245
17 0.13240845070422536 0.5318082788671024 0.037211267605633806 0.016808278867102396
22 0.7773098591549296 0.8992374727668845 0.06122535211267605 0.022233115468409587
31 0.7476478873239437 0.07929193899782136 0.213 0.020642701525054465
27 0.13933802816901408 0.10128540305010894 0.035788732394366196 0.016546840958605664
22 0.8180422535211267 0.9308714596949891 0.03730985915492958 0.022930283224400872
15 0.2816619718309859 0.6531045751633986 0.36514084507042255 0.033387799564270154
21 0.6572816901408451 0.8648039215686274 0.359943661971831 0.054466230936819175