21 0.3097863924050633 0.8006941489361702 0.41241297468354426 0.1943404255319149
21 0.735059335443038 0.6158351063829787 0.4007080696202532 0.23127659574468085
21 0.312820411392405 0.6310824468085106 0.4114873417721519 0.14222074468085105
13 0.7335126582278481 0.2989202127659575 0.4032357594936709 0.39713563829787235
21 0.7348061708860759 0.8638031914893617 0.40361155063291143 0.0683563829787234
13 0.3106487341772152 0.2675558510638298 0.41467563291139237 0.3319494680851064
27 0.12257911392405063 0.9205026595744681 0.04112737341772152 0.022005319148936168
22 0.8346518987341772 0.7757101063829788 0.189873417721519 0.019502659574468086
22 0.8602215189873417 0.7423005319148936 0.11372231012658228 0.021718085106382977
27 0.5609533227848101 0.7775212765957447 0.056772151898734184 0.018154255319148938
22 0.4377650316455696 0.48404255319148937 0.1635007911392405 0.019502659574468086
22 0.4396756329113924 0.4460186170212766 0.11725870253164557 0.021909574468085107
15 0.7329746835443038 0.8080478723404256 0.40218750000000003 0.04317021276595744
15 0.31332674050632914 0.5268537234042553 0.4100514240506329 0.06621808510638298
27 0.13683939873417722 0.48267021276595745 0.059770569620253164 0.01679255319148936
31 0.3326107594936709 0.07865691489361702 0.45854034810126587 0.024090425531914893