13 0.5453380281690141 0.17852211434735707 0.0475774647887324 0.03080906148867314
13 0.5384929577464789 0.26238403451995684 0.5153239436619719 0.03181229773462783
10 0.5402535211267605 0.3540560949298813 0.7640985915492957 0.03459546925566343
10 0.5363661971830986 0.46492988133764834 0.7624225352112677 0.034401294498381876
10 0.5375492957746479 0.5704746494066882 0.7668028169014084 0.04680690399137001
10 0.5414366197183099 0.7108414239482201 0.7603943661971831 0.043915857605177994
25 0.547 0.8490399137001078 0.7452112676056338 0.07772384034519957
27 0.1886619718309859 0.9061380798274002 0.03056338028169014 0.021413160733549083
10 0.5409577464788732 0.39412081984897523 0.7652535211267606 0.04716289104638619
10 0.5409577464788732 0.4972707659115426 0.7586619718309859 0.03621359223300971
10 0.5426056338028169 0.6067529665587919 0.7597605633802816 0.03621359223300971
10 0.5409577464788732 0.6391693635382956 0.7454647887323943 0.035372168284789646
10 0.5393098591549296 0.7482308522114347 0.7575633802816901 0.03789644012944984
10 0.542056338028169 0.7806472491909385 0.7476619718309859 0.028629989212513484
13 0.18856338028169015 0.3263214670981661 0.06707042253521127 0.01936353829557713
13 0.1907605633802817 0.4391693635382956 0.06047887323943662 0.021057173678532902
13 0.19240845070422538 0.5326429341963322 0.052774647887323944 0.024422869471413162
13 0.19571830985915495 0.6783387270765913 0.05057746478873239 0.017680690399137