21 0.4549718309859155 0.6960524017467249 0.7644788732394365 0.1316593886462882
21 0.4548028169014085 0.8770917030567685 0.7801549295774648 0.08703930131004367
21 0.45278873239436623 0.5228908296943232 0.7637605633802816 0.07554585152838428
17 0.4532816901408451 0.24290829694323143 0.7633380281690141 0.07853275109170306
17 0.3150281690140845 0.4457816593886463 0.4820845070422535 0.028620087336244545
21 0.4495915492957746 0.5985152838427947 0.7719718309859155 0.06100436681222707
21 0.46184507042253525 0.7970393013100436 0.7782394366197183 0.059135371179039296
21 0.4669014084507042 0.3791528384279476 0.7915070422535212 0.04910043668122271
32 0.47802816901408446 0.12191266375545852 0.2125774647887324 0.03785152838427948
22 0.6642394366197183 0.32957205240174675 0.19988732394366196 0.035825327510917035
17 0.34838028169014085 0.47206113537117905 0.5385492957746479 0.026506550218340613
28 0.8298169014084507 0.9534235807860263 0.058690140845070425 0.029109170305676856