21 0.49381690140845075 0.5231224655312247 0.7168732394366197 0.1546634225466342
21 0.491774647887324 0.25957015409570156 0.7076197183098591 0.11256285482562854
28 0.48952112676056336 0.1435523114355231 0.1033661971830986 0.021670721816707216
21 0.49359154929577465 0.38060827250608276 0.7143661971830986 0.12737226277372263
21 0.48301408450704225 0.7887672343876723 0.7071267605633803 0.040656934306569345
21 0.4942535211267606 0.6222384428223845 0.7225352112676057 0.04248175182481752
21 0.48925352112676057 0.7197404703974047 0.7201830985915493 0.0970478507704785
17 0.4933521126760563 0.1727331711273317 0.3546056338028169 0.02097323600973236
17 0.48959154929577464 0.19031630170316302 0.6085211267605634 0.019124087591240874
21 0.4906760563380282 0.6557745336577454 0.7199295774647887 0.027145174371451742
21 0.4879859154929578 0.8211030008110299 0.7145774647887324 0.02343876723438767