21 0.4373239436619718 0.7695482728077946 0.6864225352112676 0.09814880425155005
21 0.4352394366197183 0.6561558901682905 0.6877605633802817 0.05777679362267494
17 0.4322394366197183 0.16225863596102746 0.5821971830985916 0.03976085031000886
21 0.3984225352112676 0.2903188662533215 0.6145492957746479 0.031434898139946855
21 0.4329718309859155 0.38231178033658103 0.6865774647887324 0.11557130203720105
21 0.43370422535211267 0.49696191319752 0.6792394366197183 0.08228520814880426
21 0.36901408450704226 0.8723383525243579 0.5498591549295775 0.021266607617360496
17 0.4351830985915493 0.5787865367581931 0.2616901408450704 0.025890168290522587
17 0.16687323943661972 0.6125332152347209 0.08674647887323944 0.02866253321523472
17 0.17863380281690142 0.7054472984942427 0.10438028169014084 0.02033658104517272
17 0.3263802816901408 0.8459875996457041 0.3763661971830986 0.022187776793622674
28 0.4329718309859155 0.9055004428697963 0.05145070422535211 0.033976970770593445