28 0.2208732394366197 0.1001633393829401 0.05677464788732395 0.0208529945553539
32 0.5467183098591549 0.1017513611615245 0.15446478873239436 0.01798548094373866
21 0.5449014084507042 0.14097096188747732 0.7048169014084508 0.048030852994555354
21 0.5433098591549296 0.18135208711433756 0.7110422535211267 0.031987295825771325
22 0.7768732394366198 0.2061978221415608 0.14577464788732394 0.019137931034482757
15 0.5442112676056338 0.2558076225045372 0.7065774647887324 0.03571687840290381
15 0.5399154929577464 0.542404718693285 0.7011267605633803 0.056388384754990924
21 0.5427464788732395 0.38013611615245013 0.7067887323943662 0.19362068965517243
21 0.5429859154929577 0.667994555353902 0.7009859154929577 0.18455535390199637
21 0.5417042253521127 0.8046370235934664 0.7006197183098591 0.09066243194192378
22 0.8243802816901408 0.4874500907441016 0.08695774647887325 0.019065335753176045