20 0.5347605633802817 0.5896007259528131 0.6997464788732394 0.17767695099818512
20 0.5296478873239436 0.4410798548094374 0.6987605633802817 0.11761343012704176
13 0.523056338028169 0.21825771324863885 0.7152535211267605 0.20344827586206896
15 0.5307042253521127 0.726923774954628 0.7003521126760563 0.07192377495462796
21 0.7773943661971832 0.30819419237749546 0.10680281690140844 0.023593466424682397
26 0.5353521126760564 0.8329582577132486 0.7045915492957746 0.08294010889292197
15 0.5227605633802818 0.35817604355716876 0.7049718309859154 0.043039927404718695
21 0.7543098591549295 0.6612431941923775 0.16053521126760564 0.0238475499092559
30 0.520830985915493 0.1039655172413793 0.14483098591549295 0.020952813067150636
28 0.19728169014084507 0.10600725952813067 0.054028169014084505 0.020045372050816697
20 0.5419014084507042 0.7736932849364792 0.681056338028169 0.020045372050816697