27 0.4199859154929577 0.11199078341013825 0.09067605633802817 0.01752073732718894
13 0.42114084507042254 0.15792626728110598 0.673281690140845 0.057788018433179725
21 0.4211267605633803 0.2631889400921659 0.6760704225352112 0.1503410138248848
21 0.4225633802816901 0.3507281105990784 0.6761126760563381 0.02310599078341014
15 0.4189577464788732 0.3882764976958525 0.6829718309859155 0.03738248847926268
15 0.4030985915492958 0.4212073732718894 0.6360563380281691 0.01471889400921659
15 0.33411267605633804 0.44167741935483873 0.47825352112676056 0.016193548387096773
21 0.42243661971830987 0.5748387096774193 0.673056338028169 0.23540092165898618
15 0.3825070422535211 0.7383686635944701 0.5706338028169013 0.020506912442396313
15 0.4223098591549295 0.7677880184331797 0.6784084507042254 0.03880184331797235
21 0.4229859154929577 0.8135760368663595 0.6769577464788732 0.05294930875576037