30 0.2370886075949367 0.11249015748031496 0.2250351617440225 0.05062007874015748
16 0.4972855133614627 0.21161417322834647 0.6088045007032349 0.04359251968503937
21 0.4862306610407876 0.2474704724409449 0.15270042194092825 0.03093503937007874
16 0.16877637130801687 0.29176181102362203 0.09644163150492263 0.02390748031496063
20 0.500295358649789 0.3564370078740157 0.7313642756680732 0.08858267716535433
20 0.49929676511954996 0.43025590551181103 0.7414064697609001 0.05905511811023622
20 0.4952742616033755 0.4893110236220472 0.729353023909986 0.06187007874015748
20 0.4972855133614627 0.553996062992126 0.729353023909986 0.0759251968503937
20 0.4972855133614627 0.6706988188976377 0.7333755274261603 0.0759251968503937
20 0.4932630098452883 0.7374901574803149 0.7333755274261603 0.05764763779527559
20 0.49628691983122364 0.7888090551181102 0.7353867791842476 0.044990157480314964
20 0.4932630098452883 0.8267716535433071 0.749451476793249 0.03093503937007874
16 0.16877637130801687 0.6109350393700788 0.08438818565400844 0.01827755905511811
25 0.46815752461322085 0.8766830708661417 0.7273417721518988 0.046397637795275594