21 0.47575246132208154 0.7333064516129032 0.6872151898734178 0.08951612903225807
21 0.47239099859353023 0.651989247311828 0.6836005625879044 0.0850089605734767
21 0.4713080168776372 0.5626254480286739 0.6820956399437412 0.08731182795698925
21 0.48012658227848104 0.8153494623655914 0.6964275668073137 0.07364695340501792
21 0.4712095639943741 0.48960573476702507 0.6815189873417722 0.057670250896057346
17 0.46978902953586493 0.3864784946236559 0.5081153305203938 0.03329749103942652
21 0.46623066104078764 0.306326164874552 0.6953164556962025 0.05548387096774194
21 0.46787623066104084 0.19086917562724012 0.6885372714486638 0.176084229390681
22 0.46766526019690574 0.4325 0.25194092827004216 0.051460573476702506
31 0.4688466947960619 0.08982078853046595 0.3319831223628692 0.02417562724014337
27 0.7874261603375527 0.08806451612903225 0.04409282700421941 0.02349462365591398
7 0.46178621659634317 0.3531989247311828 0.27661040787623065 0.022401433691756272
21 0.47468354430379744 0.858073476702509 0.6962025316455697 0.016621863799283154
27 0.7559774964838256 0.8766397849462366 0.03984528832630098 0.023897849462365593
25 0.29142053445850913 0.8791039426523298 0.2232348804500703 0.01922043010752688