27 0.5227042253521127 0.05507692307692308 0.05429577464788732 0.029625
31 0.8124084507042253 0.05216346153846154 0.1407605633802817 0.023788461538461536
10 0.5562253521126761 0.10972115384615384 0.6659295774647888 0.04275
10 0.557281690140845 0.156125 0.6680704225352112 0.04902884615384616
10 0.5646197183098591 0.20245192307692308 0.6740704225352112 0.03779807692307693
10 0.5656901408450704 0.24216346153846152 0.6719295774647888 0.03851923076923077
21 0.6827464788732395 0.2898846153846154 0.28287323943661974 0.023201923076923075
13 0.32540845070422536 0.36194230769230773 0.3592394366197183 0.06001923076923077
13 0.5165211267605634 0.4305673076923077 0.19898591549295774 0.027692307692307693
19 0.5120422535211268 0.4976634615384616 0.7372112676056337 0.06545192307692307
19 0.4277464788732394 0.5593365384615385 0.5686056338028169 0.02210576923076923
13 0.22467605633802817 0.5959038461538462 0.17656338028169014 0.024740384615384615
13 0.23663380281690138 0.6697788461538462 0.19107042253521125 0.03147115384615384
19 0.3652112676056338 0.6362692307692308 0.4589154929577465 0.025625
19 0.5151408450704226 0.7215096153846154 0.7480985915492957 0.07082692307692308
19 0.5178028169014084 0.8365480769230769 0.7299577464788732 0.07974038461538462
13 0.23822535211267604 0.7776057692307693 0.21774647887323942 0.022759615384615385