20 0.6838450704225352 0.3521252796420582 0.379112676056338 0.19934004474272932
20 0.6869718309859155 0.7763422818791946 0.38181690140845065 0.20026845637583893
20 0.27988732394366195 0.204082774049217 0.37422535211267605 0.21578299776286353
20 0.27976056338028166 0.45876957494407156 0.37397183098591547 0.09845637583892616
20 0.2822676056338028 0.5643736017897092 0.37397183098591547 0.11204697986577182
20 0.2805774647887324 0.3598881431767338 0.37453521126760564 0.09646532438478747
20 0.6817887323943662 0.4931767337807606 0.37843661971830983 0.08633109619686802
15 0.2825352112676056 0.711923937360179 0.3697887323943662 0.07812080536912752
15 0.6851549295774647 0.6218008948545861 0.3813380281690141 0.08684563758389262
20 0.28401408450704224 0.8237360178970917 0.37767605633802814 0.10034675615212527
20 0.6904507042253522 0.8916666666666666 0.3835633802816901 0.028758389261744968
28 0.853225352112676 0.07936241610738255 0.032816901408450706 0.020794183445190156
20 0.28387323943661974 0.8911521252796422 0.3786338028169014 0.03263982102908277
13 0.682830985915493 0.17539149888143177 0.38143661971830983 0.15759507829977626
30 0.47523943661971835 0.07743847874720358 0.09635211267605634 0.01925055928411633
21 0.8311126760563381 0.5563758389261745 0.08435211267605634 0.017863534675615213
21 0.4306197183098592 0.6421923937360179 0.09159154929577465 0.018501118568232663