19 0.27104225352112676 0.6255604982206405 0.4387887323943662 0.10451067615658363
13 0.4981267605633803 0.21997330960854092 0.8963239436619718 0.2571085409252669
19 0.27059154929577467 0.441432384341637 0.43908450704225355 0.14277580071174376
19 0.7227323943661972 0.8708718861209964 0.44109859154929576 0.10411032028469751
19 0.26580281690140845 0.8116014234875445 0.43736619718309855 0.06674377224199288
19 0.7258732394366197 0.4998932384341637 0.44081690140845076 0.0883185053380783
19 0.2682676056338028 0.7269750889679716 0.43853521126760564 0.06902135231316726
19 0.2640704225352113 0.9074199288256228 0.43846478873239436 0.025693950177935944
19 0.26959154929577467 0.5273398576512456 0.43929577464788727 0.03362099644128114
13 0.7253239436619718 0.784661921708185 0.43849295774647884 0.028327402135231317
19 0.7272535211267606 0.5646708185053382 0.43946478873239436 0.03718861209964412
19 0.7252112676056338 0.6078202846975089 0.44043661971830983 0.0455338078291815
19 0.729281690140845 0.4040836298932384 0.4387746478873239 0.0477491103202847
20 0.7261267605633802 0.3663967971530249 0.4362112676056338 0.024217081850533808
19 0.7278309859154929 0.44180604982206406 0.4375352112676056 0.03157473309608541
27 0.9203802816901409 0.06323843416370106 0.04416901408450704 0.025391459074733096
13 0.21119718309859153 0.5522864768683274 0.3344788732394366 0.016725978647686834
19 0.7264225352112675 0.6560320284697508 0.4397464788732395 0.0473932384341637
31 0.2635774647887324 0.06927046263345196 0.4225352112676056 0.024145907473309608
13 0.1637887323943662 0.3636298932384342 0.22971830985915492 0.018033807829181493
13 0.15156338028169014 0.5684074733096085 0.16447887323943663 0.017170818505338078
13 0.6076056338028168 0.8083896797153025 0.18214084507042252 0.019750889679715302
19 0.16719718309859155 0.6851779359430605 0.2310845070422535 0.01545373665480427
19 0.7258591549295775 0.7006316725978647 0.43497183098591546 0.042927046263345196
19 0.7265352112676057 0.7470017793594306 0.4390422535211268 0.051521352313167255
19 0.2637042253521127 0.8770818505338078 0.4376901408450704 0.028336298932384343
19 0.1413661971830986 0.8538967971530249 0.1875774647887324 0.018033807829181493
19 0.1413661971830986 0.7697508896797154 0.1794225352112676 0.016316725978647688