16 0.49052112676056336 0.1668743509865005 0.5071549295774648 0.041308411214953274
21 0.7514366197183099 0.2054517133956386 0.19180281690140846 0.02407061266874351
28 0.4948591549295775 0.0263343717549325 0.03832394366197183 0.02391484942886812
20 0.5000704225352113 0.26312564901349944 0.7416760563380282 0.05850467289719626
20 0.49835211267605634 0.348276220145379 0.7402535211267606 0.10147455867082035
20 0.502507042253521 0.46048805815160954 0.7302957746478873 0.11615784008307373
18 0.502112676056338 0.5413499480789201 0.7294788732394365 0.03965732087227414
18 0.49814084507042256 0.5875597092419523 0.7357746478873239 0.04068535825545171
18 0.502507042253521 0.6322741433021807 0.7302957746478873 0.038722741433021804
16 0.5009859154929577 0.7068743509865005 0.7414647887323944 0.04410176531671859
20 0.5027183098591549 0.7884319833852544 0.7347605633802816 0.11582554517133957