13 0.411112676056338 0.2226638023630505 0.4156056338028169 0.0858216970998926
23 0.4137042253521127 0.6612352309344791 0.5609577464788732 0.18167561761546722
23 0.412 0.5491836734693878 0.5598873239436619 0.04386680988184748
13 0.40909859154929573 0.3399677765843179 0.2988732394366197 0.025950590762620837
13 0.411 0.5079591836734694 0.20084507042253522 0.01958109559613319
13 0.3950985915492958 0.4780773361976369 0.5175211267605634 0.010032223415682062
13 0.40843661971830986 0.4021911922663802 0.09280281690140846 0.024919441460794844
13 0.3443943661971831 0.43009667024704623 0.40647887323943666 0.012953813104189044
13 0.3452112676056338 0.4428249194414608 0.4083239436619719 0.013748657357679914
13 0.3985070422535211 0.45515574650913 0.5159718309859155 0.012534908700322233
13 0.37597183098591547 0.46789473684210525 0.46983098591549294 0.011321160042964554