8 0.20932394366197185 0.12135458167330677 0.12395774647887324 0.06647410358565736
21 0.7149295774647888 0.1268426294820717 0.42388732394366196 0.05097609561752988
16 0.8142676056338028 0.31030876494023907 0.22947887323943664 0.06050796812749004
2 0.18138028169014084 0.39926294820717134 0.049366197183098585 0.03985059760956175
20 0.5380422535211268 0.48812749003984063 0.7840704225352113 0.22136454183266932
20 0.5333661971830986 0.6206175298804781 0.7720422535211268 0.04196215139442231
20 0.534169014084507 0.6693027888446216 0.7682957746478873 0.05800796812749004
20 0.5324225352112676 0.7488844621513944 0.7781971830985915 0.09993027888446215
20 0.5353661971830986 0.8419920318725099 0.7787323943661971 0.08758964143426294
30 0.8702957746478873 0.9514442231075697 0.06609859154929577 0.023217131474103585
28 0.9079999999999999 0.9491434262948207 0.01359154929577465 0.021474103585657368