21 0.49995774647887326 0.5046432062561095 0.7559014084507043 0.10650048875855328
17 0.36739436619718313 0.3103030303030303 0.484 0.0664516129032258
22 0.22204225352112678 0.17488758553274683 0.1956056338028169 0.03227761485826002
28 0.8892253521126761 0.08358748778103617 0.07595774647887324 0.034281524926686215
32 0.4100281690140845 0.9349853372434017 0.5765915492957746 0.029139784946236556
19 0.317056338028169 0.7803519061583577 0.39052112676056333 0.019139784946236558
19 0.4200281690140845 0.6654154447702835 0.5963098591549296 0.011964809384164223
19 0.4115492957746479 0.5704203323558162 0.5753943661971831 0.018103616813294234
19 0.3313661971830986 0.6283773216031281 0.37445070422535215 0.013147605083088954
19 0.46856338028169014 0.805327468230694 0.7052676056338029 0.033010752688172045
19 0.3732676056338028 0.7506842619745846 0.5016197183098591 0.04456500488758554
19 0.4724084507042254 0.6920723362658847 0.7002535211267605 0.04282502443792766
19 0.33963380281690136 0.5995601173020528 0.4353661971830986 0.04000977517106549
25 0.4880704225352112 0.8798729227761486 0.7206478873239437 0.03513196480938416
19 0.3386338028169014 0.6423460410557185 0.39769014084507043 0.015053763440860216
19 0.3745774647887324 0.7204203323558163 0.5096056338028169 0.015210166177908114
19 0.27750704225352113 0.8320625610948192 0.3217323943661972 0.01901270772238514