19 0.594225352112676 0.4319248395967003 0.7349577464788734 0.19537121906507793
13 0.44998591549295774 0.0680659945004583 0.48643661971830987 0.08783684692942255
19 0.5897042253521126 0.8833547204399633 0.7380422535211267 0.08681943171402383
19 0.5869295774647888 0.7842071494042163 0.7354647887323943 0.10893675527039413
16 0.5942816901408451 0.6860219981668195 0.737774647887324 0.017341888175985337
31 0.8369718309859155 0.964243813015582 0.13001408450704224 0.028854262144821265
16 0.5907323943661972 0.5476718606782768 0.733507042253521 0.0153070577451879
27 0.9376197183098592 0.9643813015582036 0.04023943661971831 0.030119156736938588
21 0.34407042253521125 0.13225481209899173 0.2615633802816901 0.031429880843263064
16 0.5505070422535211 0.5626397800183318 0.6584084507042254 0.016131989000916593
16 0.5110281690140844 0.5778826764436297 0.5794366197183098 0.016736938588450965
16 0.49404225352112674 0.5943171402383135 0.5454647887323943 0.013748854262144821
16 0.5877042253521126 0.6262878093492209 0.7438028169014085 0.04302474793767186
16 0.5927464788732395 0.6627406049495875 0.7447323943661972 0.028689275893675526