21 0.45940845070422537 0.7662701252236136 0.6681267605633803 0.2128443649373882
7 0.4577605633802817 0.37109123434704827 0.04663380281690141 0.02288014311270125
21 0.45667605633802816 0.627432915921288 0.664 0.06866726296958854
21 0.45877464788732397 0.317737030411449 0.6651267605633803 0.08167262969588551
21 0.45921126760563385 0.22604651162790698 0.664943661971831 0.09906976744186047
21 0.4610704225352113 0.4153398926654741 0.6649014084507042 0.05255813953488372
13 0.46008450704225357 0.14605545617173524 0.6673661971830985 0.050366726296958854
17 0.4589014084507042 0.5152862254025045 0.20919718309859156 0.026100178890876565
17 0.45667605633802816 0.5592397137745975 0.48394366197183103 0.0401520572450805
27 0.7746478873239436 0.10501788908765652 0.031605633802816904 0.02300536672629696
21 0.4603943661971831 0.46106440071556354 0.6653239436619718 0.04167262969588551
31 0.4577887323943662 0.10478533094812165 0.4808591549295775 0.022495527728085867