17 0.48197183098591545 0.2418843930635838 0.8548732394366197 0.030832369942196534
22 0.4770281690140845 0.2825780346820809 0.2172112676056338 0.03954913294797688
17 0.09645070422535212 0.3402312138728324 0.10394366197183098 0.029352601156069365
17 0.08373239436619719 0.5425780346820809 0.07449295774647888 0.02115606936416185
21 0.48587323943661975 0.4055491329479769 0.8797887323943662 0.10426589595375722
21 0.4856901408450704 0.490092485549133 0.8720985915492958 0.05409248554913295
21 0.4874225352112676 0.612242774566474 0.8646056338028169 0.09714450867052023
21 0.4857746478873239 0.688300578034682 0.8759436619718309 0.05403468208092486
21 0.26335211267605635 0.7959653179190751 0.4274366197183099 0.0831329479768786
13 0.7081549295774648 0.8161040462427746 0.4098450704225352 0.12890173410404623
25 0.17785915492957746 0.8744277456647399 0.2265070422535211 0.024254335260115608
28 0.8982957746478872 0.9056416184971098 0.036873239436619715 0.028127167630057803