21 0.49195774647887325 0.741041257367387 0.7936056338028169 0.07000982318271119
21 0.48488732394366196 0.661483300589391 0.7921549295774647 0.07095284872298625
21 0.49078873239436616 0.5625442043222003 0.7913380281690141 0.05786836935166994
21 0.25698591549295774 0.6097249508840865 0.3265633802816902 0.014341846758349704
21 0.4871830985915493 0.38253438113948923 0.7825492957746479 0.03510805500982318
21 0.49292957746478877 0.3275049115913556 0.7905774647887324 0.05093320235756385
28 0.8585774647887324 0.0718664047151277 0.03780281690140845 0.03284872298624754
22 0.735718309859155 0.2267681728880157 0.11409859154929579 0.0231335952848723
21 0.489 0.8466699410609037 0.7890140845070424 0.04120825147347741
19 0.3341830985915493 0.21345776031434185 0.4998169014084507 0.06760314341846757
32 0.22887323943661972 0.07040275049115914 0.2699577464788732 0.022917485265225933
21 0.49295774647887325 0.504253438113949 0.7887323943661971 0.045844793713163065
21 0.4875070422535211 0.8011984282907663 0.7844084507042253 0.027612966601178783
25 0.4889718309859155 0.9060117878192535 0.7961408450704225 0.04294695481335953