27 0.4322957746478873 0.11071302816901409 0.12373239436619718 0.027455985915492958
19 0.4388028169014085 0.19876760563380283 0.6558591549295775 0.15324823943661972
13 0.43760563380281686 0.3248767605633803 0.5448169014084507 0.06341549295774648
19 0.4342253521126761 0.393987676056338 0.6467042253521127 0.053265845070422535
19 0.43312676056338023 0.448362676056338 0.6525633802816901 0.03372359154929578
19 0.43715492957746477 0.5211619718309859 0.6445070422535212 0.07369718309859155
19 0.43761971830985913 0.6094894366197183 0.6655492957746479 0.086875
19 0.3474225352112676 0.6757482394366197 0.4690845070422535 0.02069542253521127
19 0.1521549295774648 0.6996390845070423 0.0583943661971831 0.023213028169014084
16 0.14090140845070423 0.7247975352112677 0.0882112676056338 0.02322183098591549
16 0.14729577464788732 0.7422887323943662 0.10102816901408451 0.01796654929577465
16 0.16385915492957748 0.7578961267605634 0.13011267605633803 0.016487676056338028
16 0.1627605633802817 0.7734507042253521 0.13595774647887324 0.017403169014084507
16 0.151056338028169 0.7896214788732394 0.10449295774647888 0.017068661971830986
16 0.14108450704225353 0.8070598591549296 0.08053521126760563 0.014216549295774646
16 0.15022535211267604 0.8219806338028169 0.09883098591549296 0.016390845070422537
16 0.37302816901408453 0.7273679577464789 0.07761971830985916 0.015792253521126762
16 0.363056338028169 0.7436619718309859 0.06707042253521127 0.014507042253521127
16 0.37787323943661977 0.7610915492957747 0.08571830985915493 0.017359154929577465
16 0.4130845070422535 0.774762323943662 0.15614084507042253 0.012667253521126761
16 0.37978873239436617 0.7909947183098592 0.08590140845070422 0.015404929577464789
16 0.43823943661971826 0.808318661971831 0.20645070422535214 0.013459507042253521
16 0.37795774647887326 0.8209507042253521 0.08956338028169014 0.01585387323943662
16 0.5972957746478873 0.7286795774647887 0.08552112676056338 0.014278169014084506
16 0.6003098591549296 0.7430897887323944 0.09156338028169014 0.015651408450704226
16 0.61 0.7610387323943661 0.09630985915492957 0.014955985915492956
16 0.6123802816901409 0.7760211267605633 0.11570422535211268 0.015184859154929578
16 0.6051549295774649 0.7915669014084508 0.09392957746478874 0.01426056338028169
16 0.6028732394366197 0.8077992957746478 0.0783943661971831 0.016998239436619718
16 0.6152112676056338 0.8203257042253521 0.11405633802816902 0.01459507042253521
16 0.16028169014084506 0.8347271126760564 0.12250704225352113 0.01596830985915493