17 0.4969859154929578 0.14319829424307035 0.38316901408450704 0.07982942430703624
22 0.4034084507042254 0.2137953091684435 0.18190140845070424 0.02912579957356077
20 0.7951971830985916 0.32257995735607675 0.13154929577464788 0.017057569296375266
20 0.7306197183098592 0.382409381663113 0.27780281690140846 0.08697228144989338
21 0.583225352112676 0.5954157782515992 0.5526619718309859 0.3329317697228145
21 0.5831549295774648 0.825319829424307 0.5556478873239437 0.12949893390191897
25 0.171887323943662 0.4845842217484009 0.20114084507042254 0.13264392324093816
25 0.1652112676056338 0.6272068230277186 0.2049014084507042 0.1336460554371002
25 0.19522535211267608 0.7114712153518123 0.1482112676056338 0.0176545842217484
25 0.1668450704225352 0.8104051172707889 0.20811267605633801 0.15631130063965884
31 0.14885915492957746 0.9568976545842218 0.1721830985915493 0.018208955223880594
27 0.8594366197183099 0.9438699360341152 0.09412676056338028 0.04426439232409382