35 0.20647887323943662 0.08575401069518718 0.27125352112676054 0.023058823529411764
17 0.3554225352112676 0.15819251336898396 0.307943661971831 0.029893048128342245
17 0.35561971830985917 0.23761497326203207 0.5106478873239436 0.05649197860962567
17 0.7885915492957746 0.23372192513368983 0.283112676056338 0.02536898395721925
25 0.35670422535211266 0.32124064171122996 0.18246478873239438 0.029283422459893047
23 0.20797183098591548 0.6365026737967915 0.2819295774647887 0.541187165775401
23 0.7894507042253521 0.30875935828877005 0.28483098591549294 0.09573262032085562
24 0.7853943661971831 0.17084491978609626 0.2895211267605634 0.07851336898395722
31 0.08698591549295774 0.9411550802139038 0.03740845070422535 0.030427807486631014
6 0.6434788732394366 0.6368235294117647 0.5767605633802817 0.5379465240641711
9 0.6439295774647887 0.3825026737967914 0.15767605633802817 0.01958288770053476
8 0.4974366197183099 0.9009411764705882 0.2810281690140845 0.01972192513368984