24 0.24040845070422534 0.12029157667386609 0.316056338028169 0.03376889848812095
23 0.24169014084507043 0.36055075593952485 0.31861971830985913 0.4553887688984881
23 0.2425352112676056 0.7158207343412527 0.32032394366197187 0.2528941684665227
23 0.5878028169014085 0.1941036717062635 0.3194225352112676 0.11266738660907127
24 0.5888591549295774 0.12143628509719223 0.319 0.030172786177105834
25 0.5922816901408451 0.27755939524838014 0.26947887323943664 0.0557451403887689
17 0.591 0.36052915766738663 0.32326760563380286 0.0665658747300216
17 0.5871549295774647 0.42549676025917926 0.325830985915493 0.04923326133909288
23 0.46639436619718305 0.4683693304535637 0.06892957746478873 0.01717062634989201
23 0.5878028169014085 0.5976565874730021 0.3194225352112676 0.17758099352051834
23 0.5901408450704225 0.729060475161987 0.3215633802816901 0.08892008639308856
29 0.5878028169014085 0.8159503239740822 0.3194225352112676 0.05654427645788337
17 0.5927042253521126 0.4953671706263499 0.3215633802816901 0.02994600431965443
35 0.4134647887323944 0.08526997840172786 0.09112676056338029 0.02263498920086393
35 0.7297042253521128 0.08314254859611231 0.042422535211267605 0.024265658747300214