17 0.5210281690140846 0.48698046181172294 0.2797323943661972 0.022859680284191827
21 0.521661971830986 0.5721580817051509 0.7003098591549296 0.13158081705150976
21 0.5199436619718311 0.7195293072824157 0.7020281690140845 0.16352575488454707
21 0.5238028169014084 0.44102131438721137 0.6943098591549296 0.06394316163410302
21 0.516943661971831 0.11519538188277088 0.6960281690140845 0.041687388987566604
15 0.5182253521126761 0.0713943161634103 0.7037464788732395 0.05141207815275311
15 0.5197323943661972 0.16562166962699823 0.704169014084507 0.05981349911190053
15 0.5158732394366197 0.2414742451154529 0.7067464788732395 0.0930905861456483
15 0.5160845070422535 0.32028419182948487 0.689169014084507 0.06742451154529308
15 0.5192957746478873 0.3895026642984014 0.6930281690140845 0.03391651865008881
17 0.5259577464788733 0.3661190053285968 0.45680281690140845 0.021207815275310835