31 0.7372394366197184 0.0960295566502463 0.2748450704225352 0.042512315270935956
13 0.3194366197183099 0.29432512315270937 0.5579718309859155 0.21672906403940886
21 0.7443661971830986 0.3847192118226601 0.17643661971830985 0.023142857142857142
13 0.23849295774647888 0.4771822660098522 0.09426760563380282 0.025083743842364534
13 0.2383943661971831 0.6383251231527093 0.09809859154929579 0.018019704433497537
19 0.24087323943661973 0.5493201970443349 0.3968169014084507 0.0961871921182266
19 0.23529577464788734 0.704295566502463 0.3896760563380282 0.09085714285714286
19 0.23319718309859153 0.8258620689655173 0.39754929577464787 0.08065024630541871
20 0.6741267605633803 0.495064039408867 0.3900845070422535 0.03832512315270936
19 0.6754084507042254 0.6380788177339901 0.40215492957746474 0.24376354679802956
19 0.6710140845070423 0.8376256157635469 0.3999577464788733 0.1520295566502463
31 0.5609718309859155 0.9340985221674877 0.612887323943662 0.015330049261083745
25 0.2147887323943662 0.8987783251231527 0.3193239436619718 0.02403940886699507