17 0.32726760563380286 0.2646351084812623 0.5560704225352112 0.16184418145956608
23 0.6830985915492958 0.6917061143984221 0.3948732394366197 0.15758382642998026
23 0.6829014084507042 0.4871992110453649 0.39742253521126764 0.09055226824457593
23 0.249 0.5367948717948717 0.3966338028169014 0.111301775147929
23 0.25009859154929576 0.6437968441814595 0.3944788732394366 0.0992603550295858
23 0.24828169014084508 0.8032445759368836 0.39667605633802816 0.09532544378698224
17 0.679281690140845 0.5803648915187377 0.36300000000000004 0.02559171597633136
38 0.6295915492957747 0.8649013806706114 0.4992957746478873 0.1685404339250493
17 0.2471267605633803 0.4526232741617357 0.0805774647887324 0.02301775147928994
17 0.24835211267605636 0.7291814595660749 0.09549295774647887 0.021942800788954636
25 0.7241549295774647 0.33763313609467455 0.1346338028169014 0.028007889546351084
40 0.6312957746478873 0.9305522682445759 0.4909577464788732 0.020315581854043394
35 0.7458028169014084 0.08615384615384615 0.2802676056338028 0.04212031558185404
29 0.22832394366197184 0.8749704142011835 0.35819718309859155 0.02106508875739645
29 0.2522394366197183 0.898905325443787 0.40605633802816904 0.028717948717948718