16 0.5149577464788733 0.0838177874186551 0.37108450704225354 0.05070498915401302
30 0.05622535211267606 0.2159761388286334 0.059253521126760564 0.304175704989154
20 0.23308450704225353 0.3689587852494577 0.2721408450704225 0.33355748373101957
2 0.12504225352112677 0.2361062906724512 0.0495774647887324 0.05415401301518438
13 0.5180704225352113 0.2360520607375271 0.2752112676056338 0.05690889370932755
20 0.522394366197183 0.3979175704989154 0.2697605633802817 0.2559110629067245
20 0.8114507042253521 0.3686767895878525 0.2880422535211267 0.33029284164859
16 0.7311971830985915 0.5490563991323211 0.41976056338028167 0.021312364425162687
14 0.8157042253521126 0.5806182212581346 0.28595774647887323 0.02477223427331887
25 0.22621126760563381 0.5947939262472884 0.29007042253521126 0.05313449023861171
25 0.21956338028169012 0.7665943600867678 0.28735211267605637 0.046941431670281995
20 0.46252112676056334 0.6121366594360087 0.15356338028169014 0.025455531453362254
20 0.6705352112676056 0.6773535791757049 0.5730845070422536 0.10707158351409979
20 0.669225352112676 0.7702169197396963 0.5703661971830986 0.07866594360086768
20 0.6673239436619719 0.8799457700650759 0.5666901408450704 0.14078091106290674
28 0.10999999999999999 0.9737418655097614 0.02947887323943662 0.02469631236442516