23 0.759112676056338 0.6248862405200433 0.27925352112676055 0.6344962080173348
23 0.17740845070422534 0.8056771397616468 0.2750704225352113 0.27942578548212355
23 0.47149295774647887 0.7756446370530877 0.2700140845070423 0.32871072589382444
23 0.18552112676056337 0.27787648970747564 0.2724507042253521 0.1291332611050921
24 0.7649014084507043 0.18158179848320694 0.27429577464788735 0.24331527627302277
23 0.1812112676056338 0.6340086673889491 0.27646478873239433 0.05709642470205851
14 0.47591549295774643 0.33567713976164676 0.27440845070422537 0.2410400866738895
14 0.4763521126760563 0.19748645720476707 0.2742816901408451 0.0376056338028169
14 0.17947887323943662 0.5305742145178766 0.27830985915492956 0.040227518959913326
14 0.17964788732394366 0.44469122426868907 0.27869014084507043 0.052730227518959914
17 0.09816901408450705 0.40015167930660883 0.09761971830985916 0.021289274106175513
14 0.1849014084507042 0.4864030335861322 0.2774225352112676 0.038515709642470204
14 0.47607042253521126 0.4892199349945829 0.27174647887323944 0.06177681473456122
17 0.32373239436619716 0.5763271939328278 0.08491549295774647 0.022448537378114843
24 0.18569014084507043 0.13706392199349945 0.27440845070422537 0.1510617551462622
35 0.939549295774648 0.14744312026002168 0.04292957746478873 0.1703358613217768
14 0.4750985915492958 0.1473347778981582 0.27485915492957746 0.06105092091007584
31 0.8907464788732393 0.9751679306608885 0.02232394366197183 0.02287107258938245
35 0.1307887323943662 0.9773564463705309 0.17494366197183098 0.018353196099674975
14 0.473169014084507 0.07750812567713977 0.27084507042253525 0.02852654387865655
14 0.47438028169014085 0.10355362946912243 0.2716478873239437 0.023564463705308777
14 0.4755915492957747 0.5338678223185266 0.26761971830985914 0.026045503791982665
25 0.2651971830985915 0.3484723726977248 0.1047887323943662 0.013640303358613218