21 0.2665774647887324 0.1663576881134133 0.4441971830985915 0.12980370774263905
21 0.26271830985915495 0.25104689203925845 0.44078873239436617 0.031079607415485277
13 0.7115352112676057 0.17372955288985822 0.42869014084507046 0.13207197382769903
21 0.26804225352112676 0.46613958560523444 0.4229718309859155 0.22461286804798256
21 0.26409859154929577 0.6123773173391494 0.4271830985915493 0.06529989094874591
21 0.2642676056338028 0.6935114503816794 0.4256056338028169 0.0995856052344602
21 0.2644507042253521 0.7850163576881134 0.43328169014084505 0.07859323882224645
21 0.26436619718309856 0.8534242093784079 0.42945070422535214 0.053936750272628134
21 0.7161971830985916 0.4403271537622682 0.43398591549295773 0.06393675027262814
21 0.7138028169014085 0.4871319520174482 0.43197183098591546 0.032508178844056705
21 0.7128873239436619 0.5914503816793893 0.43380281690140843 0.1759651035986914
21 0.7167323943661972 0.7789094874591058 0.43416901408450703 0.19672846237731734
28 0.9196901408450705 0.902442748091603 0.024211267605633805 0.02446019629225736
22 0.8749718309859155 0.2504689203925845 0.08352112676056338 0.026957470010905125
13 0.7134507042253522 0.38113413304252997 0.42850704225352115 0.05461286804798255
17 0.3522816901408451 0.32809160305343515 0.5874366197183098 0.03887677208287895