17 0.5068591549295774 0.24041315345699832 0.44802816901408454 0.040092748735244516
20 0.26659154929577467 0.8023608768971332 0.31059154929577465 0.018524451939291735
20 0.2623661971830986 0.6947554806070827 0.3023661971830986 0.018642495784148398
20 0.23901408450704223 0.5117284991568296 0.24930985915492956 0.018102866779089375
20 0.20685915492957746 0.5326812816188871 0.18083098591549293 0.0177318718381113
20 0.2107323943661972 0.8744940978077572 0.2034507042253521 0.01731028667790894
20 0.23730985915492958 0.6730775716694772 0.24530985915492956 0.018465430016863404
20 0.2020985915492958 0.49494097807757165 0.16990140845070423 0.01678752107925801
20 0.18680281690140843 0.5501264755480607 0.14440845070422537 0.017698145025295108
23 0.2947042253521127 0.31184654300168635 0.3858169014084507 0.01881112984822934
23 0.5001830985915493 0.3310286677908938 0.7942535211267605 0.016551433389544686
20 0.2965915492957747 0.3855733558178752 0.372 0.020311973018549746
20 0.32360563380281687 0.4040134907251265 0.42854929577464784 0.016551433389544686
20 0.24569014084507043 0.42093591905564925 0.2777323943661972 0.021821247892074198
20 0.4982957746478874 0.4401180438448567 0.782943661971831 0.019561551433389543
20 0.23187323943661972 0.4600590219224283 0.2475774647887324 0.01881112984822934
20 0.4078169014084507 0.47698988195615516 0.5869014084507042 0.019561551433389543
20 0.2192957746478873 0.5665177065767285 0.2123943661971831 0.018052276559865094
20 0.5102394366197183 0.593220910623946 0.7892253521126761 0.03837268128161889
20 0.24066197183098592 0.6199325463743677 0.2727183098591549 0.016551433389544686
20 0.35 0.6379848229342326 0.4788169014084507 0.016551433389544686
20 0.1922816901408451 0.6545362563237774 0.16588732394366199 0.019561551433389543
20 0.45681690140845066 0.709460370994941 0.689943661971831 0.018052276559865094
20 0.3424647887323944 0.7275210792580101 0.4637323943661972 0.012040472175379426
20 0.35250704225352114 0.7444435075885328 0.49138028169014086 0.01730185497470489
20 0.37701408450704227 0.7640050590219224 0.5353661971830986 0.014291736930860032
20 0.24066197183098592 0.7824367622259697 0.2601408450704225 0.019561551433389543
20 0.2060985915492958 0.8170489038785834 0.19353521126760562 0.018052276559865094
20 0.45681690140845066 0.8347301854974705 0.7025211267605634 0.01881112984822934
20 0.21112676056338028 0.8527824620573355 0.2060985915492958 0.015801011804384483
20 0.17216901408450702 0.8896458684654299 0.1281830985915493 0.021821247892074198