16 0.501 0.13875123885034688 0.7122676056338028 0.09061446977205154
21 0.7545211267605634 0.22653121902874132 0.24949295774647887 0.028315163528245788
16 0.4969859154929578 0.3072348860257681 0.7323943661971831 0.0821209117938553
20 0.49798591549295773 0.4205054509415263 0.7384366197183098 0.053805748265609514
20 0.5 0.48704658077304264 0.7424507042253521 0.08494549058473735
20 0.4949718309859155 0.5578394449950446 0.7525211267605634 0.05097125867195243
20 0.5050281690140845 0.6357086223984142 0.7525211267605634 0.10194251734390486
20 0.5030140845070422 0.7263230921704659 0.7404366197183099 0.045302279484638254
20 0.5070422535211268 0.8020713577799802 0.7323943661971831 0.07503468780971258
25 0.4738450704225352 0.8884340931615461 0.694169014084507 0.026897918731417246
28 0.5020140845070422 0.919583746283449 0.06238028169014084 0.024073339940535184