15 0.46804225352112677 0.25646507666098806 0.7224647887323944 0.11469335604770017
15 0.46719718309859154 0.40632027257240205 0.7256197183098593 0.03137137989778535
15 0.4654084507042254 0.4959028960817718 0.7262957746478873 0.06742759795570698
28 0.8127464788732394 0.11220613287904599 0.043267605633802816 0.025698466780238502
15 0.47005633802816904 0.3677597955706985 0.7272112676056339 0.03561328790459966
15 0.4714084507042253 0.3318483816013628 0.7245915492957747 0.035894378194207835
30 0.47587323943661974 0.11423339011925043 0.4980422535211268 0.02040885860306644
16 0.46076056338028165 0.611465076660988 0.5311830985915493 0.09126064735945486
16 0.4657887323943662 0.6771720613287905 0.24747887323943663 0.01825383304940375
16 0.46780281690140846 0.7343611584327087 0.23943661971830985 0.020689948892674614
16 0.46680281690140846 0.775732538330494 0.21730985915492956 0.01825383304940375
13 0.4719295774647887 0.1618228279386712 0.7233380281690142 0.07291311754684837
15 0.46532394366197183 0.44145655877342416 0.7248028169014085 0.040008517887563884
15 0.3741690140845071 0.6953066439522998 0.4866338028169014 0.021337308347529813
15 0.4403239436619718 0.713526405451448 0.627774647887324 0.018671209540034074
15 0.29550704225352115 0.7548722316865417 0.3352112676056338 0.019557069846678026
15 0.4263521126760563 0.7939948892674616 0.6145492957746479 0.01778534923339012
15 0.47414084507042253 0.810442930153322 0.7189295774647887 0.01689097103918228
15 0.4726760563380282 0.8353407155025554 0.7277464788732395 0.031115843270868825
15 0.46900000000000003 0.8731260647359455 0.7203943661971831 0.03912265758091993