17 0.5024225352112677 0.0971086739780658 0.9422676056338029 0.1942273180458624
14 0.14694366197183098 0.21141575274177468 0.12925352112676056 0.01625124626121635
31 0.8579859154929577 0.20870388833499504 0.09284507042253522 0.018195413758723827
17 0.8285352112676057 0.2900997008973081 0.14661971830985915 0.02946161515453639
17 0.45733802816901403 0.38084745762711864 0.35632394366197184 0.047437686939182454
21 0.5712957746478873 0.4820139581256231 0.5842676056338028 0.066321036889332
21 0.5737042253521126 0.5586041874376869 0.5883802816901409 0.0796011964107677
21 0.539774647887324 0.6093718843469592 0.5154084507042254 0.01794616151545364
21 0.5792112676056338 0.6394616151545364 0.5942816901408451 0.04549351944167498
21 0.4804929577464788 0.6730109670987039 0.39171830985915496 0.018285144566301096
21 0.5875352112676056 0.755852442671984 0.6058028169014085 0.14771684945164507
21 0.5861267605633802 0.8611964107676969 0.6029859154929578 0.06464606181455633
30 0.175112676056338 0.9263110667996012 0.20880281690140845 0.03757726819541376
27 0.9005352112676056 0.9409272183449651 0.04401408450704225 0.024925224327018942