2 0.5298169014084507 0.27894052044609663 0.8055211267605633 0.4124349442379182
2 0.5349014084507042 0.74182156133829 0.8180985915492958 0.40887546468401487
5 0.5227605633802818 0.9342565055762082 0.3125492957746479 0.02433085501858736
5 0.5333943661971831 0.47305762081784386 0.5422535211267606 0.023856877323420077
8 0.1792394366197183 0.13356877323420074 0.08859154929577465 0.018355018587360595
8 0.2740140845070423 0.127453531598513 0.08035211267605634 0.016988847583643125
8 0.305943661971831 0.1862453531598513 0.09064788732394366 0.016310408921933087
8 0.47746478873239434 0.2453810408921933 0.11433802816901409 0.013596654275092938
8 0.6108591549295774 0.245724907063197 0.06798591549295775 0.016988847583643125
8 0.6221971830985915 0.2783457249070632 0.08859154929577465 0.021068773234200745
8 0.5032112676056337 0.34734200743494426 0.23384507042253522 0.017676579925650557
8 0.3826901408450704 0.27427509293680297 0.08550704225352113 0.018355018587360595
8 0.24980281690140846 0.27903345724907064 0.06490140845070422 0.016988847583643125
8 0.2966760563380281 0.30927509293680294 0.11949295774647888 0.023113382899628252
8 0.8488169014084507 0.3779275092936803 0.10301408450704226 0.013596654275092938
8 0.8611830985915494 0.3942472118959108 0.10507042253521126 0.013596654275092938
8 0.8287323943661972 0.41123605947955394 0.07932394366197183 0.019033457249070632
8 0.7071830985915494 0.5614591078066914 0.07314084507042254 0.012239776951672863
8 0.7468450704225352 0.6069981412639405 0.11538028169014085 0.013596654275092938
8 0.47952112676056335 0.6848234200743495 0.1782112676056338 0.021068773234200745
8 0.22198591549295776 0.686868029739777 0.07725352112676057 0.01971189591078067
8 0.33118309859154926 0.8255297397769517 0.13288732394366196 0.030585501858736056
8 0.44449295774647885 0.8986059479553903 0.08343661971830986 0.016310408921933087
8 0.24259154929577467 0.9016635687732343 0.07725352112676057 0.01971189591078067