30 0.09812676056338028 0.07326150832517139 0.04550704225352113 0.015514201762977473
30 0.4645492957746479 0.0762977473065622 0.10230985915492957 0.018334965719882468
28 0.8197746478873239 0.08112634671890304 0.06626760563380281 0.011665034280117533
21 0.16192957746478873 0.2449853085210578 0.1825211267605634 0.019431929480901076
16 0.18508450704225352 0.33666013712047016 0.1490281690140845 0.026493633692458374
20 0.2905211267605634 0.3840842311459353 0.36926760563380284 0.026650342801175318
20 0.4550704225352113 0.42118511263467184 0.7828732394366198 0.03557296767874633
20 0.4578028169014085 0.4660822722820764 0.789112676056338 0.054211557296767875
7 0.4645633802816901 0.6090989226248775 0.7126619718309859 0.20898139079333986
10 0.4623098591549296 0.7028893241919686 0.4311830985915493 0.02436826640548482
20 0.4614647887323943 0.7659255631733595 0.7956760563380281 0.05903036238981391
20 0.45335211267605635 0.8933496571988246 0.8076338028169013 0.09514201762977473
16 0.2497605633802817 0.8258080313418217 0.29714084507042254 0.02535749265426053