32 0.47980281690140847 0.06244642857142857 0.1665774647887324 0.02575
28 0.8323521126760564 0.06135714285714285 0.05540845070422536 0.02525
13 0.477056338028169 0.13175892857142857 0.7660140845070422 0.09069642857142857
21 0.48154929577464783 0.21120535714285715 0.7697183098591549 0.07375892857142857
21 0.47983098591549295 0.2820357142857143 0.7689154929577464 0.07139285714285713
21 0.4815352112676056 0.35411607142857143 0.7591408450704226 0.07321428571428572
21 0.48233802816901405 0.44461607142857146 0.7660140845070422 0.10516964285714286
21 0.4827323943661972 0.6945803571428572 0.7588873239436619 0.037392857142857144
21 0.4841830985915493 0.7704196428571428 0.7644366197183099 0.11205357142857143
25 0.48022535211267603 0.881125 0.7617887323943662 0.06550892857142858
17 0.4800845070422535 0.6249464285714286 0.6479295774647887 0.04214285714285715
14 0.4864084507042254 0.5774732142857143 0.17449295774647888 0.019214285714285715
7 0.4778169014084507 0.5425625 0.03315492957746479 0.01805357142857143
22 0.8013098591549295 0.5051696428571428 0.11749295774647887 0.023651785714285712