21 0.7409718309859156 0.4624802705749718 0.3925774647887324 0.17365276211950395
21 0.33280281690140845 0.5604509582863585 0.3891549295774648 0.24316798196166856
21 0.333830985915493 0.8621871476888388 0.38842253521126757 0.1382412626832018
21 0.7413521126760564 0.6097519729425028 0.3914788732394366 0.12187147688838781
21 0.7391267605633802 0.7460766629086809 0.3847323943661972 0.10633596392333708
21 0.3335211267605634 0.7401916572717023 0.3884084507042253 0.08952649379932356
21 0.733549295774648 0.9038444193912063 0.39022535211267606 0.05737316798196167
21 0.33305633802816903 0.4033934611048478 0.38714084507042257 0.05740698985343856
22 0.867718309859155 0.28649379932356256 0.1265774647887324 0.03024802705749718
17 0.7796197183098591 0.242130777903044 0.31146478873239436 0.04346110484780157
32 0.8372535211267607 0.0744532130777903 0.19445070422535213 0.028692220969560315
21 0.7389154929577465 0.825783540022548 0.38938028169014083 0.05346110484780158
2 0.16871830985915492 0.40082299887260425 0.047873239436619724 0.05297632468996618
28 0.9092394366197182 0.9507666290868095 0.028169014084507043 0.02254791431792559
32 0.18388732394366197 0.9488951521984216 0.12050704225352113 0.023799323562570463