35 0.4846338028169014 0.0868698347107438 0.5288028169014084 0.01784090909090909
31 0.8687605633802817 0.08452479338842975 0.03712676056338028 0.013150826446280992
17 0.4807887323943662 0.22586776859504132 0.5697887323943662 0.1361776859504132
17 0.49295774647887325 0.33104338842975206 0.6427605633802818 0.06104338842975207
25 0.47630985915492957 0.3826962809917355 0.3687605633802817 0.01784090909090909
23 0.4795070422535211 0.40289256198347106 0.5313661971830985 0.01878099173553719
23 0.5531408450704226 0.46347107438016527 0.6939859154929577 0.03475206611570248
20 0.3553098591549296 0.48647727272727276 0.30601408450704226 0.013150826446280992
20 0.42509859154929575 0.4977479338842975 0.4558309859154929 0.009390495867768595
20 0.3879577464788732 0.5094834710743802 0.36619718309859156 0.010330578512396695
23 0.5473802816901409 0.5611363636363635 0.6875774647887324 0.09485537190082644
23 0.5448169014084507 0.6329855371900827 0.6850140845070423 0.03193181818181818
20 0.30090140845070423 0.6541115702479339 0.20485915492957746 0.012210743801652893
20 0.4065352112676056 0.6667871900826446 0.4212535211267605 0.009390495867768595
20 0.42829577464788726 0.6761880165289256 0.45711267605633804 0.009390495867768595
23 0.5448169014084507 0.7132747933884298 0.6952676056338027 0.06668388429752066
23 0.27016901408450705 0.8668285123966942 0.3841267605633803 0.05447314049586777
23 0.6959014084507041 0.8790392561983471 0.3930845070422535 0.026291322314049587
24 0.6901408450704225 0.8546177685950413 0.4046056338028169 0.028171487603305786
17 0.48976056338028173 0.8118904958677685 0.2087042253521127 0.01972107438016529