13 0.3567605633802817 0.14252693437806074 0.4796901408450704 0.05448579823702253
13 0.2918169014084507 0.2612242899118511 0.3095633802816901 0.015592556317335944
23 0.286774647887324 0.3075220372184133 0.445 0.054113614103819783
23 0.2907183098591549 0.35899118511263467 0.4361549295774648 0.051616062683643486
23 0.23418309859154932 0.3931439764936337 0.3288450704225352 0.01159647404505387
13 0.2860281690140845 0.41167482859941235 0.43716901408450703 0.021782566111655237
13 0.27764788732394363 0.43437806072477964 0.41807042253521126 0.021860920666013712
13 0.2933098591549296 0.4614985308521058 0.43542253521126756 0.021038197845249757
13 0.20635211267605633 0.48295788442703236 0.26616901408450705 0.01375122428991185
13 0.29145070422535213 0.5014103819784524 0.43402816901408453 0.023134182174338883
13 0.27101408450704223 0.521332027424094 0.3954929577464789 0.011145935357492654
23 0.28795774647887323 0.5470127326150832 0.44101408450704227 0.022752203721841332
23 0.2703380281690141 0.5660333006856023 0.40211267605633805 0.015298726738491674
13 0.284169014084507 0.5847404505386875 0.4357746478873239 0.022095984329089127
13 0.28615492957746475 0.6076493633692458 0.442056338028169 0.02257590597453477
20 0.44342253521126757 0.6367091087169442 0.1326338028169014 0.014309500489715965
13 0.2839577464788733 0.6883839373163565 0.44471830985915495 0.049853085210577866
23 0.2845915492957746 0.7492556317335946 0.44343661971830983 0.05763956904995103
23 0.2859295774647887 0.792047012732615 0.4384366197183099 0.023898139079333986
23 0.2873661971830986 0.8721645445641528 0.44216901408450704 0.13463271302644467
23 0.7403661971830986 0.2903232125367287 0.4382112676056338 0.06755142017629774
23 0.7437183098591549 0.3667286973555338 0.44623943661971827 0.07879529872673849
20 0.8976197183098591 0.42559255631733595 0.14870422535211267 0.021625857002938294
23 0.7439718309859156 0.5459647404505387 0.44029577464788733 0.1407737512242899
13 0.741 0.6873751224289911 0.4369295774647888 0.04605288932419197
23 0.742225352112676 0.8033300685602351 0.4368169014084507 0.17111655239960824
23 0.7427464788732395 0.9018021547502448 0.44042253521126756 0.02437806072477963
20 0.8981971830985915 0.9327619980411361 0.12192957746478872 0.011645445641527915
25 0.5049859154929578 0.9556709108716944 0.07353521126760564 0.012125367286973556