32 0.17781690140845072 0.04430392156862745 0.26549295774647885 0.013774509803921569
15 0.26625352112676054 0.08800980392156862 0.4452676056338028 0.05188235294117647
17 0.26614084507042257 0.3901862745098039 0.43780281690140843 0.028098039215686276
21 0.265056338028169 0.21538235294117647 0.43997183098591547 0.18985294117647059
21 0.26759154929577467 0.44941176470588234 0.4406901408450704 0.08816666666666667
21 0.2677042253521127 0.6204901960784314 0.4423802816901408 0.25012745098039213
21 0.26722535211267606 0.9191078431372549 0.43852112676056343 0.027990196078431374
21 0.722718309859155 0.8365686274509804 0.4442394366197183 0.19105882352941175
21 0.7203098591549296 0.7003137254901961 0.4451971830985915 0.08161764705882353
21 0.722 0.5887450980392157 0.44278873239436617 0.1041078431372549
21 0.7187464788732394 0.4378333333333333 0.44929577464788734 0.19386274509803922
21 0.7215070422535211 0.27887254901960784 0.44471830985915495 0.09638235294117647
21 0.7205492957746479 0.14355882352941177 0.4485774647887324 0.16699019607843138
22 0.4369014084507042 0.3256862745098039 0.09819718309859155 0.018872549019607842
21 0.26722535211267606 0.7699509803921569 0.4414084507042253 0.04776470588235294
19 0.2195070422535211 0.7971274509803922 0.3488732394366197 0.01353921568627451
19 0.2296338028169014 0.8306862745098039 0.3633380281690141 0.05046078431372549
19 0.178056338028169 0.8796862745098039 0.27176056338028165 0.03570588235294118
28 0.4946197183098592 0.948813725490196 0.07626760563380282 0.016931372549019608