17 0.27818309859154927 0.06812425328554361 0.36788732394366197 0.032855436081242535
21 0.39281690140845066 0.13841099163679807 0.16292957746478876 0.01994026284348865
21 0.274774647887324 0.2314336917562724 0.4117605633802817 0.05986857825567503
21 0.20659154929577467 0.26918757467144566 0.26090140845070425 0.013823178016726403
21 0.2770281690140845 0.3114695340501792 0.406112676056338 0.07261648745519714
21 0.275 0.39016726403823176 0.41363380281690143 0.07529271206690562
21 0.27442253521126764 0.4946594982078853 0.41247887323943666 0.1270967741935484
21 0.27550704225352113 0.593763440860215 0.41030985915492957 0.06254480286738351
21 0.27594366197183096 0.7223058542413382 0.4082816901408451 0.18702508960573475
21 0.27456338028169014 0.8548626045400238 0.4098732394366197 0.0727120669056153
21 0.27073239436619717 0.9226403823178017 0.40943661971830986 0.053572281959378736
21 0.709338028169014 0.08408602150537633 0.4094647887323944 0.06970131421744326
21 0.7099154929577465 0.16505376344086023 0.41061971830985916 0.09043010752688171
21 0.7105633802816902 0.2514336917562724 0.4046901408450704 0.07041816009557945
21 0.7101971830985916 0.3097491039426523 0.4054084507042253 0.042162485065710874
21 0.7126619718309859 0.3495937873357228 0.4074366197183098 0.037120669056152925
21 0.711943661971831 0.3982198327359618 0.4030985915492958 0.04842293906810036
21 0.7116478873239437 0.4998924731182796 0.40830985915492957 0.13880525686977302
21 0.7110704225352112 0.5920430107526882 0.40715492957746474 0.037001194743130225
22 0.8416338028169014 0.6356272401433691 0.07190140845070422 0.01857825567502987
6 0.7163802816901408 0.803189964157706 0.432943661971831 0.28540023894862604
28 0.9353661971830987 0.028100358422939068 0.020549295774647886 0.02126642771804062