28 0.48719718309859156 0.07597667638483965 0.08066197183098592 0.017667638483965013
21 0.4884788732394366 0.16034985422740525 0.7848873239436619 0.1422351797862002
21 0.49552112676056337 0.4655879494655005 0.7503239436619719 0.08304178814382897
21 0.5236901408450704 0.6846938775510204 0.8040985915492957 0.06891156462585034
21 0.5179295774647887 0.7809912536443149 0.8104929577464789 0.12191448007774539
22 0.7381549295774649 0.250466472303207 0.06018309859154929 0.018551992225461614
7 0.4993661971830986 0.2955199222546161 0.105 0.05212827988338192
21 0.49295774647887325 0.3935860058309038 0.7426338028169014 0.05035957240038873
19 0.4993661971830986 0.5287560738581147 0.7579999999999999 0.04329446064139941
19 0.5 0.5623323615160349 0.5595352112676056 0.02032069970845481
17 0.202943661971831 0.6352186588921283 0.16516901408450704 0.024732750242954325
21 0.5224084507042254 0.86977648202138 0.809225352112676 0.04682215743440233