16 0.3310704225352113 0.16927331887201735 0.507225352112676 0.06956616052060738
21 0.2752394366197183 0.2343058568329718 0.40399999999999997 0.030433839479392624
21 0.8673521126760564 0.09337310195227766 0.1121830985915493 0.07828633405639913
20 0.20807042253521124 0.3667245119305857 0.2640281690140845 0.12824295010845987
20 0.49964788732394366 0.3661822125813449 0.2697183098591549 0.12933839479392625
20 0.793169014084507 0.36550976138828634 0.2651971830985915 0.13232104121475055
20 0.2054507042253521 0.481117136659436 0.2615915492957746 0.0511822125813449
20 0.49516901408450703 0.4751301518438178 0.26356338028169013 0.06088937093275488
20 0.7924507042253521 0.47635574837310196 0.2637887323943662 0.05899132321041215
20 0.28061971830985916 0.6470173535791757 0.4091267605633803 0.1747288503253796
16 0.2624366197183099 0.7651626898047722 0.36430985915492964 0.01838394793926247
20 0.28232394366197183 0.8334164859002169 0.40970422535211265 0.08765726681127982
20 0.7203239436619718 0.6090238611713665 0.4124647887323944 0.10741865509761389
20 0.7206197183098592 0.7767895878524946 0.4074225352112676 0.19350325379609545
25 0.35594366197183097 0.9049240780911063 0.5626056338028169 0.03761388286334057
30 0.8361408450704225 0.9542407809110629 0.17930985915492959 0.019099783080260304
30 0.16959154929577464 0.954175704989154 0.187056338028169 0.021149674620390455
28 0.49390140845070424 0.9530260303687637 0.027253521126760567 0.018850325379609543