13 0.2372112676056338 0.07981561822125814 0.30901408450704226 0.03529284164859002
2 0.8688450704225352 0.09524945770065076 0.09943661971830985 0.06925162689804773
19 0.3120281690140845 0.10757049891540131 0.4667042253521127 0.016420824295010846
19 0.2786056338028169 0.1268112798264642 0.4047887323943662 0.016919739696312365
2 0.49897183098591547 0.20211496746203905 0.8399154929577465 0.10894793926247288
19 0.415169014084507 0.2741648590021692 0.6694788732394366 0.014436008676789588
13 0.27994366197183096 0.3061713665943601 0.4046619718309859 0.0372234273318872
19 0.28449295774647887 0.40040130151843817 0.41094366197183096 0.1150650759219089
19 0.2840422535211267 0.6188394793926247 0.4015915492957746 0.29164859002169197
2 0.16526760563380283 0.8617136659436009 0.17814084507042255 0.11363340563991323
19 0.28123401163301925 0.8268829156336654 0.40976566204331355 0.09271097242278015
19 0.3644507042253521 0.9029284164859002 0.20747887323943662 0.03334056399132321
31 0.14381690140845071 0.9547939262472885 0.13238028169014085 0.01911062906724512
31 0.8364929577464788 0.9523752711496747 0.15719718309859154 0.01727765726681128
27 0.49883098591549296 0.9529175704989155 0.028352112676056338 0.016193058568329716
20 0.7200985915492958 0.3077440347071584 0.3976619718309859 0.03170281995661605
19 0.7176760563380282 0.4491648590021692 0.41532394366197184 0.08026030368763558
19 0.7172253521126761 0.677537960954447 0.40598591549295776 0.21162689804772233
34 0.7165774647887324 0.36510845986984813 0.40470422535211265 0.07267895878524946
34 0.7167042253521126 0.5285140997830803 0.3993239436619718 0.06977223427331887
34 0.7174084507042253 0.852592190889371 0.3979154929577465 0.13006507592190888