18 0.22367605633802817 0.15340996168582374 0.3384225352112676 0.04837164750957854
17 0.10780281690140846 0.02296934865900383 0.09502816901408451 0.025555555555555554
6 0.5120281690140845 0.8750574712643677 0.8076197183098591 0.23244252873563218
18 0.22730985915492954 0.2500670498084291 0.3558169014084507 0.032528735632183906
18 0.23022535211267606 0.059415708812260534 0.3537183098591549 0.03456896551724138
28 0.48156338028169016 0.9858812260536398 0.07209859154929577 0.027921455938697316
18 0.2383380281690141 0.10636973180076628 0.35576056338028167 0.032729885057471264
18 0.22473239436619719 0.20884099616858237 0.3500845070422535 0.03272030651340996
18 0.2517887323943662 0.29800766283524904 0.4046478873239437 0.03245210727969349
18 0.2140845070422535 0.3309386973180077 0.3267605633802817 0.023946360153256706
18 0.13943661971830987 0.36063218390804597 0.17746478873239438 0.023946360153256706
18 0.25422535211267605 0.3960727969348659 0.4126760563380282 0.03735632183908046
18 0.2563380281690141 0.44061302681992337 0.4112676056338028 0.03639846743295019
18 0.6950704225352112 0.10201149425287356 0.4042253521126761 0.04310344827586207
18 0.6992957746478873 0.14990421455938696 0.4098591549295775 0.035440613026819924
18 0.6795774647887324 0.19444444444444445 0.3732394366197183 0.038314176245210725
18 0.6830985915492958 0.24377394636015326 0.38873239436619716 0.04310344827586207
18 0.6746478873239437 0.29262452107279696 0.36056338028169016 0.033524904214559385
18 0.678169014084507 0.3400383141762452 0.3647887323943662 0.034482758620689655
18 0.6859154929577465 0.3807471264367816 0.38309859154929576 0.035440613026819924
18 0.6943661971830986 0.42624521072796934 0.4028169014084507 0.034482758620689655
13 0.6922535211267605 0.0603448275862069 0.3929577464788732 0.03639846743295019
22 0.7943661971830986 0.4621647509578544 0.09859154929577464 0.022030651340996167
30 0.4852112676056338 0.5967432950191571 0.8943661971830986 0.22988505747126436
12 0.4866197183098591 0.7806513409961686 0.7084507042253521 0.04022988505747127