23 0.8156760563380282 0.48957600827300934 0.24207042253521127 0.38905894519131334
24 0.5589577464788733 0.783857290589452 0.24532394366197183 0.3518717683557394
23 0.303056338028169 0.6666494312306102 0.2417042253521127 0.10955532574974147
23 0.30592957746478877 0.8749327817993795 0.24269014084507043 0.1787693898655636
24 0.8135492957746479 0.2645398138572906 0.2412394366197183 0.05953464322647363
6 0.8321267605633802 0.8298552223371252 0.26442253521126763 0.2716442605997932
6 0.42438028169014086 0.4194519131334023 0.5191267605633803 0.3595553257497415
17 0.533112676056338 0.1126266804550155 0.7036478873239437 0.105770423991727
17 0.2844507042253521 0.7655532574974147 0.20277464788732394 0.029482936918304035
9 0.7896338028169014 0.9504756980351603 0.18292957746478872 0.016918304033092038
9 0.27988732394366195 0.5843329886246121 0.18388732394366197 0.01343329886246122
31 0.19718309859154928 0.031023784901758014 0.037563380281690144 0.024126163391933814