13 0.46308450704225357 0.09337301587301587 0.662774647887324 0.034265873015873013
21 0.46683098591549294 0.1317063492063492 0.30738028169014087 0.031617063492063495
1 0.0962394366197183 0.32771825396825394 0.03187323943661972 0.05648809523809523
19 0.4622676056338028 0.35200396825396824 0.7834647887323943 0.09267857142857143
19 0.4615915492957747 0.453640873015873 0.7801408450704225 0.11014880952380952
19 0.46080281690140845 0.5244444444444444 0.7785774647887324 0.03017857142857143
19 0.46187323943661973 0.5859523809523809 0.7826901408450705 0.08988095238095238
19 0.4636338028169014 0.6617162698412699 0.7822957746478872 0.061130952380952376
19 0.46705633802816904 0.7228968253968253 0.783281690140845 0.06375992063492063
19 0.47067605633802817 0.7780753968253967 0.7729154929577464 0.044751984126984126
21 0.7372816901408451 0.8206051587301587 0.14746478873239438 0.016944444444444443
25 0.27007042253521124 0.8742956349206349 0.3736760563380282 0.05276785714285714
26 0.6708450704225353 0.8753273809523809 0.3741267605633803 0.0451984126984127