35 0.19788732394366196 0.06881388621022179 0.23035211267605635 0.018804243008678882
31 0.8864084507042254 0.056345226615236256 0.046028169014084505 0.018669238187078108
17 0.43871830985915494 0.148351012536162 0.699943661971831 0.06767598842815815
17 0.4796901408450704 0.22600771456123434 0.7496901408450704 0.05767598842815815
25 0.8066478873239437 0.2955159112825458 0.18592957746478872 0.02372227579556413
23 0.28569014084507044 0.4753423336547734 0.4059718309859155 0.22296046287367408
23 0.702943661971831 0.4740212150433944 0.3873380281690141 0.22308582449373193
23 0.2937323943661972 0.7152169720347155 0.3898732394366197 0.09932497589199614
23 0.2902394366197183 0.8238572806171649 0.3897464788732395 0.11044358727097396
24 0.7035774647887324 0.6800192864030857 0.40069014084507043 0.034435872709739634
23 0.7074225352112676 0.7898746383799422 0.4003380281690141 0.1880327868852459
17 0.49852112676056337 0.6314754098360656 0.15959154929577465 0.03379942140790742
29 0.49898591549295773 0.9211571841851495 0.8245070422535211 0.023539054966248793