7 0.10580281690140846 0.08645956607495069 0.19233802816901407 0.1725049309664694
17 0.5961267605633803 0.07606508875739644 0.7739295774647887 0.08268244575936884
22 0.3251971830985915 0.19382642998027613 0.3212535211267606 0.06837278106508876
23 0.7967323943661971 0.1806706114398422 0.377 0.02891518737672584
17 0.566774647887324 0.25038461538461537 0.08140845070422535 0.026992110453648917
6 0.2658732394366197 0.5173767258382643 0.5124647887323944 0.5576923076923077
33 0.24463380281690142 0.891568047337278 0.46530985915492956 0.1291715976331361
23 0.22339436619718311 0.9899211045364891 0.41814084507042254 0.020157790927021697
23 0.753830985915493 0.33585798816568047 0.4414507042253521 0.09269230769230768
23 0.7578732394366198 0.4114595660749507 0.433112676056338 0.0585207100591716
23 0.7601126760563379 0.5671696252465483 0.43332394366197186 0.25335305719921103
23 0.7588309859154929 0.75801775147929 0.4264929577464789 0.11491124260355029
23 0.7577605633802816 0.8287869822485207 0.4286338028169014 0.0292603550295858
20 0.7027042253521127 0.8527021696252466 0.32278873239436623 0.01430966469428008
20 0.7565915492957745 0.8734023668639053 0.4262816901408451 0.028796844181459565
20 0.7599014084507042 0.9 0.4243661971830986 0.028195266272189348
20 0.7411126760563381 0.9238362919132149 0.38680281690140844 0.010098619329388561
20 0.761718309859155 0.9454339250493097 0.43652112676056337 0.029368836291913215