28 0.5126197183098591 0.04671052631578947 0.0812112676056338 0.019736842105263157
21 0.2807042253521127 0.2524595141700405 0.4201971830985915 0.18578947368421053
21 0.28150704225352113 0.46461538461538465 0.4218028169014085 0.21281376518218623
21 0.28229577464788735 0.6917914979757085 0.4217042253521127 0.21592105263157896
21 0.2850140845070423 0.8610222672064778 0.43035211267605633 0.05965587044534413
17 0.7345492957746479 0.1838259109311741 0.44408450704225355 0.05862348178137652
21 0.7339154929577465 0.33964574898785427 0.4357605633802817 0.22098178137651822
21 0.7337464788732395 0.5480870445344129 0.4424929577464789 0.17733805668016195
21 0.7252676056338029 0.681923076923077 0.41143661971830986 0.047732793522267204
17 0.628112676056338 0.7211437246963562 0.23119718309859155 0.019908906882591094
15 0.7306338028169014 0.7681376518218623 0.43271830985915494 0.04557692307692308
15 0.7257464788732394 0.8166801619433198 0.4264788732394366 0.03132591093117409
15 0.7382957746478874 0.8598684210526315 0.45335211267605635 0.036649797570850205