21 0.5583098591549296 0.35557073170731707 0.7979154929577464 0.0844
19 0.5494929577464789 0.890770731707317 0.8032676056338028 0.06558048780487805
19 0.570661971830986 0.6201073170731708 0.8301830985915493 0.06986341463414635
19 0.5709859154929577 0.7372195121951219 0.8105915492957746 0.06575609756097561
19 0.5764788732394366 0.5460682926829269 0.8283521126760564 0.058829268292682924
32 0.651169014084507 0.0499609756097561 0.2498732394366197 0.027824390243902437
17 0.4889859154929578 0.30029268292682926 0.661943661971831 0.026078048780487806
21 0.548830985915493 0.799590243902439 0.7995492957746478 0.0476780487804878
21 0.5585211267605634 0.4295024390243902 0.797887323943662 0.06128780487804878
19 0.5752676056338029 0.679990243902439 0.8201830985915494 0.046760975609756096
28 0.8755492957746479 0.05941463414634146 0.0511830985915493 0.026878048780487804
19 0.5479999999999999 0.9473951219512196 0.7759154929577464 0.04955121951219512
17 0.5046901408450704 0.21305365853658537 0.6954929577464789 0.07489756097560975
21 0.5490845070422535 0.4854634146341464 0.7902816901408451 0.040624390243902436
21 0.5571549295774648 0.1284780487804878 0.8151971830985915 0.04773658536585366
19 0.5036338028169014 0.840409756097561 0.6993661971830986 0.025385365853658536