31 0.8199859154929579 0.06874876847290641 0.19816901408450702 0.02541871921182266
13 0.5133239436619718 0.12137931034482759 0.7303802816901409 0.05454187192118227
21 0.5158873239436619 0.1854975369458128 0.5289295774647887 0.0487487684729064
19 0.513112676056338 0.2630541871921182 0.8332394366197183 0.07579310344827588
19 0.507887323943662 0.33987192118226606 0.8180985915492958 0.06849261083743842
19 0.2866760563380282 0.5318423645320197 0.3897605633802817 0.2553891625615764
19 0.2883661971830986 0.7483645320197044 0.3861971830985915 0.16870935960591135
20 0.6369859154929577 0.41536945812807885 0.23122535211267603 0.022443349753694584
13 0.7159577464788732 0.4541871921182266 0.3891549295774648 0.034403940886699506
19 0.7192535211267606 0.620975369458128 0.3910704225352113 0.2891527093596059
19 0.7224647887323944 0.798472906403941 0.3974788732394366 0.06854187192118226
25 0.23290140845070426 0.883871921182266 0.3009718309859155 0.053044334975369464
27 0.5073380281690141 0.94007881773399 0.04235211267605634 0.02424630541871921