31 0.8169014084507042 0.06095283926852743 0.20030985915492958 0.019249278152069296
17 0.49295774647887325 0.1486429258902791 0.8231549295774648 0.11549566891241578
22 0.49764788732394366 0.2341963426371511 0.4162816901408451 0.03422521655437921
21 0.49764788732394366 0.30478344562078924 0.7417887323943662 0.04063522617901828
21 0.49764788732394366 0.3470259865255053 0.7417887323943662 0.04170356111645813
21 0.4945211267605634 0.3946102021174206 0.7449154929577465 0.03422521655437921
21 0.4945211267605634 0.43738209817131857 0.7417887323943662 0.047054860442733396
17 0.27543661971830985 0.4940615976900867 0.1752676056338028 0.023522617901828684
21 0.28012676056338026 0.6587487969201156 0.40061971830985915 0.28231953801732435
21 0.2793380281690141 0.8127430221366699 0.399056338028169 0.0278055822906641
21 0.7159577464788732 0.5320307988450433 0.4053239436619718 0.08875842155919153
21 0.7167464788732394 0.6993936477382098 0.4100140845070423 0.22457170356111647
21 0.7190985915492958 0.8159576515880654 0.4115774647887324 0.012829643888354187
25 0.4240985915492958 0.8806544754571703 0.6604084507042254 0.033147256977863325
27 0.4953098591549296 0.9266410009624639 0.036 0.013897978825794032