20 0.6900845070422535 0.6059686888454011 0.3963943661971831 0.13134050880626222
20 0.24077464788732392 0.8662915851272016 0.39498591549295775 0.1680234833659491
20 0.6881549295774647 0.8484344422700587 0.39685915492957746 0.20123287671232876
20 0.23832394366197185 0.7092759295499022 0.3957605633802817 0.1442954990215264
20 0.6852676056338028 0.4214774951076321 0.3959014084507042 0.10931506849315069
20 0.24159154929577464 0.37427592954990213 0.395281690140845 0.09736790606653621
20 0.6859718309859155 0.32671232876712325 0.3968169014084507 0.07179060665362036
20 0.24007042253521124 0.5411643835616439 0.3955352112676056 0.08332681017612524
20 0.24264788732394366 0.46180039138943246 0.39653521126760566 0.07208414872798434
20 0.687943661971831 0.7095596868884539 0.3964225352112676 0.0713894324853229
20 0.6874225352112676 0.5070645792563601 0.3953380281690141 0.061086105675146773
20 0.23595774647887324 0.6097162426614481 0.396830985915493 0.050215264187866926
15 0.24636619718309857 0.2911643835616438 0.40190140845070427 0.054755381604696673
16 0.28316901408450706 0.19773972602739726 0.4789014084507042 0.04392367906066536
28 0.4617183098591549 0.9770058708414873 0.029492957746478875 0.02264187866927593
13 0.6869154929577465 0.27490215264187867 0.39521126760563385 0.02683953033268102