17 0.48290140845070423 0.09876338851022395 0.9014084507042254 0.07511197663096397
17 0.285718309859155 0.16761441090555013 0.5110704225352113 0.06259980525803312
25 0.40040845070422537 0.22603700097370982 0.24949295774647887 0.04590068159688413
17 0.09657746478873239 0.28237585199610515 0.08853521126760563 0.016689386562804286
17 0.08953521126760564 0.3637487828627069 0.08249295774647887 0.015296981499513146
23 0.45774647887323944 0.3053261927945472 0.8028169014084507 0.026426484907497567
23 0.4547323943661972 0.33037000973709835 0.8008028169014085 0.023651411879259978
23 0.45774647887323944 0.3997078870496592 0.8028169014084507 0.04965920155793573
23 0.22887323943661972 0.5657254138266796 0.3929577464788732 0.17721518987341772
23 0.23309859154929577 0.7999026290165531 0.39859154929577467 0.2872444011684518
23 0.680281690140845 0.6299902629016553 0.3971830985915493 0.30963972736124634
29 0.6845070422535211 0.9065238558909445 0.39436619718309857 0.0934761441090555
35 0.46338028169014084 0.9707887049659202 0.030985915492957747 0.023369036027263874