17 0.272887323943662 0.048840579710144924 0.3673802816901408 0.033275362318840575
17 0.19449295774647887 0.1745893719806763 0.20121126760563382 0.022830917874396135
17 0.5444366197183099 0.08834782608695652 0.29388732394366196 0.03284057971014493
17 0.7878309859154929 0.276280193236715 0.1891267605633803 0.02008695652173913
17 0.4773661971830986 0.6900869565217391 0.166 0.02321739130434783
21 0.24484507042253523 0.2763188405797102 0.30190140845070423 0.18978743961352657
21 0.24491549295774645 0.4280966183574879 0.29891549295774644 0.11759420289855071
21 0.247056338028169 0.5981256038647342 0.29774647887323946 0.21866666666666665
21 0.2437323943661972 0.7581932367149758 0.2981267605633803 0.09820289855072464
21 0.5454084507042254 0.19654106280193234 0.298943661971831 0.06493719806763285
21 0.5432957746478874 0.25370048309178744 0.29995774647887324 0.04868599033816425
21 0.5450140845070423 0.3642512077294686 0.29964788732394365 0.16683091787439613
21 0.5450281690140846 0.49598067632850246 0.2933521126760563 0.09445410628019324
21 0.5476619718309859 0.5985314009661836 0.29433802816901405 0.10621256038647343
21 0.5430845070422535 0.8011594202898551 0.3003661971830986 0.08528502415458937
21 0.5461971830985916 0.8861932367149759 0.29726760563380283 0.08483091787439613
21 0.8453802816901409 0.19103381642512077 0.29795774647887324 0.1201352657004831
21 0.8450140845070423 0.4267536231884058 0.3034929577464789 0.17073429951690822
21 0.8449577464788732 0.5751690821256038 0.29757746478873237 0.12932367149758453
21 0.8444366197183097 0.6814299516908212 0.2986056338028169 0.0821256038647343
21 0.8434788732394366 0.743304347826087 0.29740845070422534 0.044260869565217395
21 0.8494507042253522 0.7819420289855072 0.3010985915492958 0.03388405797101449
25 0.8450845070422535 0.866 0.2973802816901408 0.052985507246376816
22 0.3658732394366197 0.8286086956521739 0.04315492957746479 0.021140096618357487
22 0.6730704225352112 0.6634202898550724 0.040957746478873236 0.01926570048309179
22 0.9710422535211268 0.8120772946859903 0.03284507042253521 0.018144927536231883
20 0.4911408450704225 0.12536231884057972 0.19456338028169012 0.03912077294685991
20 0.47415492957746475 0.7205603864734299 0.16594366197183097 0.04036714975845411
20 0.7856478873239436 0.3033429951690821 0.18143661971830985 0.041729468599033814
28 0.02015492957746479 0.9398840579710145 0.021535211267605634 0.024695652173913042