6 0.8495633802816902 0.4722095238095238 0.28832394366197184 0.2493047619047619
15 0.24635211267605633 0.6079714285714286 0.2951830985915493 0.24836190476190473
15 0.24577464788732395 0.8332952380952381 0.2936478873239437 0.16755238095238095
6 0.5451971830985916 0.2800952380952381 0.28550704225352114 0.2457333333333333
15 0.5494647887323943 0.8382571428571428 0.2947887323943662 0.1573047619047619
6 0.24476056338028168 0.25194285714285714 0.2483098591549296 0.24517142857142857
21 0.544830985915493 0.5878285714285715 0.2914788732394366 0.32799999999999996
32 0.05274647887323944 0.7649904761904762 0.05045070422535211 0.31993333333333335
15 0.24698591549295776 0.44106666666666666 0.2935070422535211 0.07370476190476191
13 0.24283098591549296 0.09893333333333333 0.2964225352112676 0.04447619047619048
13 0.5497323943661971 0.11194285714285715 0.2933380281690141 0.07467619047619048
17 0.9127464788732393 0.057257142857142854 0.15171830985915494 0.029085714285714284
13 0.8495633802816902 0.21226666666666666 0.2878591549295775 0.2699904761904762
9 0.5557042253521127 0.3917714285714286 0.16133802816901407 0.016447619047619048
28 0.035211267605633804 0.930304761904762 0.021760563380281688 0.014714285714285714