13 0.44690140845070425 0.11317939609236234 0.7174788732394367 0.054014209591474245
19 0.44353521126760564 0.19045293072824154 0.708225352112676 0.055985790408525755
19 0.4444507042253521 0.333303730017762 0.7078591549295774 0.23076376554174066
19 0.44408450704225355 0.5354262877442273 0.7071267605633803 0.17326820603907636
19 0.4422535211267606 0.7401776198934281 0.703450704225352 0.06141207815275311
19 0.32280281690140844 0.6821669626998224 0.21385915492957747 0.02302841918294849
3 0.4459154929577465 0.7025044404973357 0.7019859154929577 0.013792184724689165
3 0.4474084507042254 0.1494404973357016 0.1156338028169014 0.014165186500888098
9 0.5954647887323943 0.6619538188277088 0.25340845070422535 0.028365896980461814
21 0.6922112676056339 0.6332948490230906 0.1566338028169014 0.020959147424511545
25 0.441887323943662 0.8255861456483127 0.7159154929577465 0.0727619893428064