35 0.22340845070422535 0.07061143984220906 0.2371267605633803 0.027258382642998027
31 0.8363943661971831 0.07054240631163708 0.03271830985915493 0.020552268244575938
17 0.5159295774647887 0.13683431952662722 0.6562676056338028 0.08738658777120316
25 0.3129577464788732 0.22442800788954634 0.21904225352112677 0.0258974358974359
17 0.1420845070422535 0.2642603550295858 0.09636619718309859 0.020078895463510847
23 0.5364788732394365 0.30877712031558185 0.6691971830985916 0.10693293885601579
23 0.5275211267605634 0.43212031558185404 0.6638169014084507 0.11035502958579882
17 0.14711267605633804 0.38886587771203157 0.0813943661971831 0.015069033530571992
25 0.8336056338028169 0.3707593688362919 0.03543661971830986 0.016745562130177517
23 0.47992957746478876 0.7073175542406311 0.7501690140845071 0.14477317554240632
23 0.46098591549295775 0.8081262327416174 0.7216478873239437 0.020808678500986194
20 0.47743661971830986 0.838767258382643 0.754056338028169 0.03405325443786982
20 0.4834929577464788 0.8923570019723867 0.7544507042253521 0.07589743589743589