27 0.49035211267605633 0.04731141199226306 0.08392957746478874 0.019371373307543523
13 0.19709859154929577 0.14072533849129593 0.29387323943661975 0.026557059961315282
19 0.474887323943662 0.2220889748549323 0.858718309859155 0.10343326885880078
16 0.5599859154929577 0.3001257253384913 0.6607605633802817 0.03534816247582205
16 0.5775352112676057 0.37565764023210835 0.6935633802816902 0.11327852998065764
16 0.5682816901408451 0.4563442940038685 0.6935633802816902 0.04731141199226306
19 0.48781690140845074 0.5493713733075435 0.8822535211267605 0.11888781431334623
19 0.490718309859155 0.6581431334622824 0.8903521126760563 0.09319148936170213
19 0.4887887323943662 0.7335009671179884 0.8818732394366197 0.05471953578336557
16 0.5846760563380282 0.7911315280464216 0.6592112676056339 0.044400386847195356
16 0.5839014084507043 0.8454642166344294 0.6576760563380282 0.06402321083172147
25 0.39580281690140845 0.9052127659574468 0.6959014084507041 0.01978723404255319