28 0.4798732394366197 0.04258653846153846 0.07042253521126761 0.019230769230769232
17 0.518112676056338 0.120875 0.7344084507042253 0.02198076923076923
17 0.4346056338028169 0.15316346153846153 0.5593521126760563 0.02060576923076923
17 0.3390281690140845 0.5673076923076923 0.5895352112676057 0.030221153846153846
17 0.470830985915493 0.5968365384615385 0.8651971830985915 0.026096153846153845
21 0.4758591549295775 0.1840673076923077 0.8712253521126762 0.032971153846153844
19 0.5140845070422535 0.23351923076923078 0.7585492957746479 0.052201923076923076
19 0.5211267605633803 0.2754134615384615 0.7806901408450704 0.03983653846153846
19 0.5261549295774648 0.3145576923076923 0.7826901408450705 0.032971153846153844
19 0.5160985915492958 0.373625 0.7706197183098591 0.07417307692307692
19 0.5 0.43337499999999995 0.7505070422535212 0.015105769230769232
19 0.4798732394366197 0.45329807692307694 0.5653943661971831 0.019230769230769232
19 0.5492957746478874 0.47801923076923075 0.7001971830985916 0.032971153846153844
21 0.490943661971831 0.5260961538461538 0.8933661971830985 0.052201923076923076
21 0.5301830985915493 0.6243173076923076 0.7505070422535212 0.028846153846153848
19 0.46780281690140846 0.6510961538461538 0.6418450704225351 0.019230769230769232
19 0.5160985915492958 0.6799423076923077 0.7022112676056338 0.03571153846153846
19 0.5382253521126761 0.7218365384615385 0.7464788732394366 0.056317307692307694
21 0.48792957746478877 0.7788461538461539 0.8953661971830986 0.049451923076923074