30 0.5414366197183099 0.3951257253384913 0.6943380281690141 0.18363636363636363
25 0.4875492957746479 0.04756286266924565 0.0733661971830986 0.027021276595744683
13 0.34683098591549294 0.12209864603481625 0.5915492957746479 0.029013539651837523
13 0.4058169014084507 0.15836557059961315 0.7165492957746479 0.0362669245647969
13 0.18309859154929578 0.18979690522243714 0.3028169014084507 0.021760154738878143
13 0.35563380281690143 0.5325241779497099 0.2887323943661972 0.022969052224371372
13 0.4128591549295775 0.5554932301740813 0.1637323943661972 0.020551257253384914
13 0.5184929577464789 0.5760444874274662 0.3855633802816901 0.015715667311411993
13 0.4630281690140845 0.5978046421663443 0.2640845070422535 0.01813346228239845
13 0.4762394366197183 0.620164410058027 0.2975352112676056 0.021760154738878143
13 0.3926056338028169 0.6419245647969052 0.11971830985915492 0.021760154738878143
23 0.48504225352112673 0.22788201160541585 0.8714788732394366 0.03505802707930367
23 0.5105633802816901 0.2744197292069632 0.8098591549295775 0.05077369439071567
23 0.4225352112676056 0.5083462282398452 0.6443661971830986 0.025386847195357835
13 0.404056338028169 0.8885396518375241 0.6954225352112676 0.03868471953578337