17 0.4776760563380281 0.13964833183047792 0.7665070422535212 0.17843101893597835
17 0.48290140845070423 0.2668981064021641 0.4076338028169014 0.024147880973850316
21 0.32954929577464787 0.31231740306582506 0.44522535211267605 0.022831379621280432
21 0.4755915492957747 0.33887285843101894 0.7435633802816901 0.03251577998196574
17 0.47352112676056335 0.3963210099188458 0.3387887323943662 0.024517583408476106
17 0.47663380281690143 0.4215419296663661 0.45771830985915496 0.02486023444544635
17 0.48369014084507045 0.4547790802524797 0.08684507042253521 0.02520288548241659
22 0.48343661971830987 0.4776555455365194 0.21464788732394366 0.02086564472497746
19 0.47115492957746474 0.5020378719567178 0.7378169014084507 0.03357078449053201
21 0.4742816901408451 0.5307664562669071 0.7378169014084507 0.02689810640216411
21 0.4755915492957747 0.5628313796212804 0.7435633802816901 0.03492335437330928
21 0.46984507042253515 0.5980703336339044 0.7383380281690142 0.03526600541027953
21 0.46854929577464793 0.6282957619477006 0.7451267605633802 0.025590622182146076
21 0.4729859154929577 0.6937691614066727 0.7383380281690142 0.10442741208295762
21 0.4740281690140845 0.7978178539224526 0.7341690140845071 0.106131650135257
28 0.7844084507042253 0.8600991884580703 0.05290140845070423 0.02030658250676285
33 0.8170000000000001 0.47866546438232643 0.12749295774647887 0.15113615870153294