19 0.5120422535211268 0.3497636363636364 0.7209014084507042 0.1435
19 0.5126478873239437 0.7612272727272728 0.7231549295774649 0.14603636363636363
19 0.511112676056338 0.4932090909090909 0.7214366197183099 0.06357272727272728
19 0.5045070422535212 0.4420636363636363 0.7088591549295775 0.037927272727272726
27 0.511 0.07108181818181818 0.10849295774647888 0.022645454545454545
19 0.5131549295774648 0.24519090909090907 0.7202112676056338 0.06120909090909091
20 0.5065211267605634 0.10643636363636363 0.7186760563380281 0.025654545454545454
19 0.5059718309859155 0.13382727272727274 0.7219014084507042 0.02773636363636364
19 0.3598732394366197 0.17923636363636364 0.4382957746478873 0.015945454545454544
19 0.5054366197183099 0.2003909090909091 0.7165352112676057 0.02773636363636364
19 0.5129577464788733 0.8497454545454546 0.7272816901408451 0.032590909090909094
19 0.5113521126760563 0.5765545454545455 0.7197605633802816 0.1047
19 0.5102676056338028 0.6500545454545454 0.717605633802817 0.04090909090909091
13 0.5145774647887325 0.6791727272727273 0.5994366197183099 0.017336363636363636
13 0.5075915492957747 0.16260000000000002 0.450112676056338 0.018718181818181818