20 0.45949295774647886 0.426911231884058 0.703943661971831 0.1092481884057971
13 0.4697042253521127 0.2038677536231884 0.7083239436619718 0.1817572463768116
30 0.4591408450704225 0.09643115942028985 0.11084507042253522 0.020579710144927536
28 0.7990985915492957 0.09320652173913044 0.0419718309859155 0.02242753623188406
20 0.4646056338028169 0.5129981884057971 0.7105492957746479 0.06278079710144928
20 0.4656197183098591 0.5848007246376812 0.7137605633802817 0.07701086956521738
25 0.46085915492957746 0.8422644927536233 0.7169014084507043 0.050471014492753624
18 0.4656619718309859 0.6872463768115942 0.7127887323943661 0.06153985507246377
18 0.46247887323943665 0.7337409420289854 0.7145915492957746 0.03192028985507247
16 0.4605211267605634 0.3345561594202899 0.6235211267605634 0.02421195652173913
20 0.4628169014084507 0.6398731884057971 0.7144225352112676 0.033659420289855066
18 0.4632676056338028 0.765661231884058 0.7208591549295774 0.03248188405797101