21 0.4604084507042253 0.678967684021544 0.6936056338028169 0.22330341113105923
21 0.45843661971830985 0.24316876122082584 0.6883521126760563 0.19178635547576303
21 0.45811267605633804 0.5527648114901257 0.691112676056338 0.03118491921005386
25 0.46222535211267607 0.8049461400359067 0.677830985915493 0.01731597845601436
17 0.456830985915493 0.40798922800718135 0.27498591549295776 0.03427289048473968
21 0.4556901408450704 0.4635188509874327 0.6879014084507042 0.04101436265709156
22 0.6698450704225352 0.351983842010772 0.17069014084507042 0.02862657091561939
28 0.7819859154929578 0.09374326750448833 0.0394225352112676 0.024299820466786356
32 0.4599014084507042 0.09474865350089766 0.09833802816901407 0.020727109515260324
13 0.4568732394366197 0.1245511669658887 0.6919014084507042 0.0381508078994614
21 0.45598591549295775 0.5116696588868941 0.6936619718309859 0.051615798922800715
25 0.4612676056338028 0.818375224416517 0.6784084507042254 0.01196588868940754
25 0.42722535211267604 0.8288420107719928 0.6079859154929578 0.01196588868940754
25 0.2306338028169014 0.8396947935368043 0.2147887323943662 0.012719928186714542
25 0.4553943661971831 0.8576481149012567 0.6901408450704225 0.024685816876122084