23 0.48688732394366196 0.32578856152512997 0.7515633802816901 0.19519930675909877
17 0.48436619718309853 0.17682842287694975 0.6964084507042253 0.06383882149046793
23 0.4841971830985915 0.5603379549393415 0.7489718309859155 0.17435008665511265
23 0.48436619718309853 0.7389081455805893 0.7476760563380282 0.03963604852686309
23 0.4852957746478873 0.4475563258232236 0.7481408450704224 0.04714904679376083
31 0.8331830985915493 0.09581455805892547 0.04673239436619718 0.03103986135181976
23 0.488943661971831 0.6845060658578855 0.7493661971830985 0.0703899480069324
23 0.48500000000000004 0.7837261698440208 0.7471267605633803 0.047764298093587516
35 0.49597183098591546 0.0947053726169844 0.4647887323943662 0.030944540727902946
23 0.4871830985915493 0.8152686308492202 0.740169014084507 0.015199306759098787
29 0.4818028169014084 0.8615337954939342 0.7573521126760564 0.042963604852686306