20 0.4685774647887324 0.47161888701517707 0.763 0.12538785834738617
16 0.47243661971830986 0.3288954468802698 0.7602957746478872 0.09440134907251264
20 0.4739014084507043 0.20801854974704892 0.7612394366197184 0.10618043844856662
20 0.46660563380281694 0.5808516020236087 0.7632676056338028 0.0854131534569983
20 0.4653943661971831 0.7661804384485666 0.7590704225352114 0.14198988195615514
20 0.4690704225352113 0.6595362563237774 0.761943661971831 0.07203204047217539
28 0.8342535211267607 0.09671163575042159 0.03998591549295775 0.029763912310286675
29 0.7873521126760563 0.8892495784148399 0.02088732394366197 0.01869308600337268
20 0.4761971830985916 0.13607925801011803 0.7614788732394366 0.0327487352445194
30 0.47174647887323945 0.09743676222596964 0.2788169014084507 0.024502529510961213
20 0.4667183098591549 0.8608263069139966 0.765225352112676 0.04177065767284992