31 0.46143661971830985 0.0539492119089317 0.289225352112676 0.019089316987740808
27 0.8161267605633803 0.05252189141856392 0.066 0.018520140105078808
17 0.4633661971830986 0.08690017513134851 0.7229859154929578 0.035183887915936955
17 0.26123943661971827 0.12044658493870404 0.1687887323943662 0.020998248686514887
17 0.2610704225352113 0.8240542907180386 0.17043661971830987 0.013914185639229422
17 0.26222535211267606 0.8578721541155867 0.16283098591549297 0.016190893169877405
17 0.6583521126760563 0.4803327495621716 0.21532394366197183 0.01820490367775832
15 0.25792957746478873 0.13671628721541154 0.34369014084507044 0.011663747810858143
15 0.262056338028169 0.14864273204903677 0.3530422535211268 0.011558669001751313
15 0.20553521126760566 0.158861646234676 0.24219718309859156 0.010761821366024518
15 0.24754929577464788 0.17027145359019263 0.3284507042253521 0.010306479859894921
15 0.21838028169014087 0.18140105078809107 0.26790140845070426 0.011795096322241681
15 0.2277323943661972 0.19183887915936954 0.28661971830985916 0.010998248686514887
15 0.2303098591549296 0.20291593695271454 0.2917464788732394 0.011225919439579684
15 0.2205774647887324 0.21352889667250438 0.26790140845070426 0.010542907180385289
15 0.23049295774647888 0.2241943957968476 0.29212676056338027 0.010665499124343256
15 0.1975492957746479 0.23407180385288967 0.23394366197183097 0.01191768826619965
15 0.1946056338028169 0.24536777583187389 0.2280704225352113 0.009868651488616462
15 0.22929577464788733 0.26112084063047286 0.3018450704225352 0.023572679509632224
15 0.18488732394366197 0.2777758318739055 0.21743661971830985 0.01033274956217163
15 0.23884507042253522 0.28873905429071806 0.32314084507042257 0.010341506129597198
15 0.22970422535211268 0.2992907180385289 0.30533802816901406 0.01159369527145359
15 0.2518732394366197 0.3104115586690018 0.34698591549295776 0.011234676007005255
15 0.25159154929577465 0.32147985989492117 0.35194366197183097 0.01009632224168126
15 0.26085915492957745 0.33181260945709284 0.3693802816901408 0.010901926444833624
15 0.2205774647887324 0.34310858143607703 0.2877183098591549 0.01159369527145359
15 0.22140845070422532 0.35914185639229423 0.2882676056338028 0.021068301225919437
15 0.23269014084507042 0.3748949211908932 0.31854929577464786 0.0101138353765324
15 0.23746478873239435 0.38544658493870404 0.3236901408450704 0.01
15 0.24169014084507043 0.39760070052539404 0.3321267605633803 0.010350262697022767
15 0.22140845070422532 0.4078196147110333 0.29046478873239434 0.012294220665499124
15 0.20856338028169016 0.41883537653239933 0.26477464788732397 0.011725043782837128
15 0.20919718309859156 0.4299036777583187 0.27156338028169014 0.011952714535901927
15 0.23140845070422536 0.44091068301225916 0.3115774647887324 0.011392294220665499
15 0.26095774647887326 0.45549036777583185 0.3684647887323944 0.02098073555166375
15 0.19240845070422538 0.47325744308231177 0.23028169014084507 0.011024518388791593
15 0.19919718309859155 0.4842119089316988 0.24385915492957744 0.013765323992994747
15 0.1816760563380282 0.4965936952714536 0.21430985915492956 0.011830122591943958
15 0.22777464788732393 0.5066987740805604 0.3069859154929578 0.010805604203152365
15 0.21626760563380285 0.5272329246935201 0.2845915492957746 0.032714535901926446
15 0.22901408450704225 0.5497197898423818 0.3156056338028169 0.010577933450087566
15 0.25691549295774646 0.5666112084063047 0.36919718309859156 0.02382661996497373
15 0.154056338028169 0.5816637478108582 0.1579718309859155 0.01148861646234676
15 0.18204225352112677 0.5930735551663747 0.21504225352112677 0.011033274956217162
15 0.26040845070422536 0.6041418563922942 0.3695633802816901 0.011260945709281961
15 0.23140845070422536 0.6152189141856392 0.3159718309859155 0.01149737302977233
15 0.24214084507042252 0.6265148861646235 0.331943661971831 0.010814360770577933
15 0.2618732394366197 0.6423204903677758 0.37250704225352116 0.019833625218914186
15 0.2587464788732394 0.6589141856392294 0.3684647887323944 0.012618213660245185
15 0.2011267605633803 0.6696409807355517 0.2488169014084507 0.009422066549912435
15 0.22185915492957747 0.6804816112084063 0.29028169014084504 0.010569176882661997
15 0.20387323943661972 0.6910420315236427 0.2543098591549296 0.010455341506129597
15 0.26104225352112675 0.7026269702276707 0.36533802816901406 0.012399299474605954
15 0.22480281690140846 0.7124343257443082 0.2961549295774648 0.01148861646234676
15 0.2264507042253521 0.7232837127845885 0.29505633802816905 0.00989492119089317
15 0.24498591549295776 0.7342907180385289 0.3365352112676056 0.010700525394045535
15 0.2556338028169014 0.7456479859894921 0.3600281690140845 0.012189141856392294
15 0.21856338028169014 0.7569439579684764 0.2814788732394366 0.011506129597197899
15 0.2198450704225352 0.7667600700525394 0.28625352112676056 0.010595446584938703
15 0.2134225352112676 0.7785201401050789 0.27340845070422537 0.010823117338003502
15 0.22846478873239437 0.7889579684763572 0.2990985915492958 0.010481611208406306
15 0.22067605633802817 0.7991155866900176 0.2845915492957746 0.011628721541155866
15 0.1644225352112676 0.8113835376532399 0.16659154929577466 0.01083187390542907
15 0.1847887323943662 0.8387653239929947 0.21835211267605634 0.010823117338003502
15 0.18974647887323942 0.8773380035026269 0.21063380281690142 0.01402802101576182
15 0.19801408450704225 0.8888091068301226 0.22274647887323945 0.013003502626970228
15 0.660112676056338 0.11850262697022768 0.35219718309859155 0.011926444833625219
15 0.6536901408450704 0.12976357267950964 0.3393661971830986 0.011357267950963222
15 0.6144929577464789 0.14056042031523644 0.2595774647887324 0.011147110332749562
15 0.6144366197183099 0.15157618213660246 0.2629014084507042 0.011366024518388793
15 0.6232535211267606 0.1624168126094571 0.28056338028169014 0.010796847635726796
15 0.6022816901408451 0.1734938704028021 0.23998591549295772 0.010297723292469353
15 0.6340281690140845 0.18390542907180385 0.3034788732394366 0.009728546409807356
15 0.615112676056338 0.19438704028021017 0.2835352112676056 0.011015761821366024
15 0.5940845070422536 0.2054290718038529 0.24491549295774645 0.010026269702276706
15 0.6320845070422535 0.2157705779334501 0.31333802816901407 0.010166374781085815
15 0.6300140845070422 0.2271015761821366 0.31333802816901407 0.011453590192644483
15 0.6444647887323943 0.23725919439579685 0.342225352112676 0.010814360770577933
15 0.6590704225352113 0.2539404553415061 0.36664788732394366 0.021943957968476355
15 0.6513380281690141 0.2703677758318739 0.3518591549295775 0.01159369527145359
15 0.615112676056338 0.2815586690017513 0.28216901408450706 0.010884413309982487
15 0.6587323943661971 0.2980998248686515 0.37145070422535215 0.021725043782837128
15 0.613 0.3140893169877408 0.28136619718309863 0.011374781085814361
15 0.5874929577464789 0.3249124343257443 0.2296619718309859 0.010788091068301225
15 0.6598169014084507 0.34105954465849386 0.37156338028169017 0.0212784588441331
15 0.6272112676056338 0.3568826619964974 0.30704225352112674 0.011015761821366024
15 0.6575352112676056 0.373353765323993 0.3683661971830986 0.022565674255691767
15 0.6134507042253521 0.3902014010507881 0.2795211267605634 0.012224168126094571
15 0.6403380281690141 0.4017863397548161 0.3325915492957746 0.011873905429071805
15 0.6269859154929578 0.412661996497373 0.3065774647887324 0.011803852889667251
15 0.6058309859154929 0.42359894921190894 0.26635211267605635 0.011024518388791593
15 0.6362676056338028 0.4339404553415061 0.3306478873239436 0.0111646234676007
15 0.6295633802816901 0.4449124343257443 0.31104225352112674 0.010884413309982487
15 0.6162676056338028 0.45613835376532397 0.28583098591549294 0.010674255691768827
15 0.6457183098591549 0.46737302977232925 0.34474647887323945 0.011322241681260945
15 0.6341408450704226 0.4987127845884413 0.3078450704225352 0.010718038528896672
15 0.6512253521126761 0.509938704028021 0.33923943661971834 0.011357267950963222
15 0.6545492957746479 0.5208493870402802 0.3445211267605634 0.011795096322241681
15 0.6304225352112677 0.5314010507880911 0.2955774647887324 0.009798598949211909
15 0.6629154929577465 0.5428021015761821 0.36263380281690144 0.012084063047285465
15 0.6638309859154929 0.5534588441330998 0.36308450704225353 0.010726795096322241
15 0.5919014084507043 0.5633712784588442 0.22680281690140847 0.010875656742556918
15 0.6036619718309859 0.5749912434325745 0.24411267605633802 0.011873905429071805
15 0.6284225352112676 0.5858581436077057 0.295 0.01095446584938704
15 0.653169014084507 0.5963922942206655 0.3623943661971831 0.011506129597197899
15 0.641943661971831 0.6072679509632224 0.33580281690140845 0.011436077057793346
15 0.6585633802816901 0.6181348511383538 0.3676760563380282 0.011366024518388793
15 0.5816478873239437 0.6284413309982486 0.21522535211267607 0.011015761821366024
15 0.6583943661971831 0.6401313485113835 0.36388732394366197 0.013012259194395796
15 0.5763239436619718 0.6511033274956217 0.20250704225352112 0.010166374781085815
15 0.6247464788732394 0.6609719789842382 0.2959154929577465 0.009807355516637478
15 0.6591971830985915 0.6714886164623468 0.3696197183098592 0.011584938704028021
15 0.5914507042253522 0.6832486865148861 0.23138028169014085 0.0111646234676007
15 0.5771830985915493 0.6933625218914186 0.20215492957746478 0.01086690017513135
15 0.6159718309859155 0.7046322241681261 0.28319718309859154 0.010297723292469353
15 0.6575915492957747 0.7151751313485114 0.3691690140845071 0.010017513134851138
15 0.6162112676056338 0.7259019264448336 0.28364788732394364 0.011374781085814361
15 0.6158028169014085 0.7371015761821366 0.2849154929577465 0.011514886164623468
15 0.6508169014084507 0.7476094570928196 0.35701408450704225 0.010735551663747811
15 0.6215915492957746 0.7583712784588441 0.2971830985915493 0.010026269702276706
15 0.6293380281690141 0.7689579684763572 0.31059154929577465 0.011085814360770578
15 0.6494507042253521 0.7803239929947461 0.352887323943662 0.0111646234676007
15 0.6397042253521127 0.7905166374781085 0.3279014084507042 0.009308231173380036
15 0.6592535211267605 0.8017425569176883 0.3676760563380282 0.012521891418563923
15 0.6231408450704226 0.8228021015761822 0.29821126760563377 0.009728546409807356
15 0.625887323943662 0.8349211908931699 0.30095774647887324 0.012583187390542906
15 0.6004507042253521 0.8447898423817863 0.2541971830985915 0.011374781085814361
15 0.6323098591549295 0.8556654991243432 0.3124225352112676 0.011304728546409808
15 0.6035492957746479 0.8665674255691769 0.2507605633802817 0.010026269702276706
15 0.6426338028169014 0.8772591943957969 0.3303098591549296 0.010884413309982487
15 0.6480140845070422 0.8885639229422067 0.3424507042253521 0.011672504378283714
17 0.5817042253521126 0.8116112084063047 0.12798591549295776 0.012154115586690018