31 0.1752676056338028 0.1208144416456759 0.05008450704225353 0.017724601175482788
35 0.5430422535211268 0.11941225860621327 0.48826760563380284 0.016792611251049538
14 0.5539859154929577 0.2225020990764064 0.8075070422535212 0.17445843828715366
14 0.5516478873239437 0.34005037783375314 0.8122112676056338 0.05691015952980689
14 0.5532112676056338 0.40581863979848865 0.8090704225352113 0.07463476070528967
14 0.5516478873239437 0.4725272879932829 0.815338028169014 0.06063811922753988
14 0.5532112676056338 0.5317632241813602 0.8215915492957747 0.057842149454240134
14 0.5516478873239437 0.5900755667506297 0.8278591549295774 0.05691015952980689
14 0.5547746478873239 0.6385894206549118 0.8215915492957747 0.03825356842989085
14 0.5532112676056338 0.6950293870696893 0.824732394366197 0.07649874055415617
14 0.5532112676056338 0.7911167086481948 0.8184647887323944 0.11382031905961378