21 0.45785915492957746 0.38541862652869235 0.8495492957746478 0.17400752587017873
21 0.4513661971830986 0.5529539040451552 0.8467605633802817 0.09526810912511759
21 0.45622535211267606 0.2627187206020696 0.8473521126760564 0.07001881467544685
21 0.4535774647887324 0.4873283160865475 0.852943661971831 0.030714957666980243
21 0.45185915492957746 0.6224647224835371 0.8455774647887324 0.04426152398871119
17 0.6272535211267606 0.13854186265286925 0.507169014084507 0.03786453433678269
19 0.34494366197183096 0.6634054562558797 0.46118309859154927 0.013857008466603952
17 0.698549295774648 0.18424270931326434 0.36971830985915494 0.029379115710254
19 0.49577464788732395 0.691439322671684 0.7605633802816901 0.03762935089369708
25 0.4528591549295774 0.7391909689557855 0.8585633802816902 0.030780809031044215
25 0.3135211267605634 0.7585230479774223 0.511281690140845 0.010743179680150518
25 0.2770845070422535 0.7671119473189087 0.43195774647887325 0.012173095014111006
25 0.45339436619718315 0.8000470366886172 0.8660704225352113 0.056556914393226715
25 0.4523239436619718 0.8390592662276576 0.8639295774647887 0.02433678269049859