21 0.7252535211267604 0.6906737247353224 0.4269154929577465 0.43682386910490856
21 0.2534507042253521 0.2409720885466795 0.4246197183098592 0.30225216554379214
21 0.25640845070422535 0.5215591915303176 0.42484507042253516 0.24312800769971127
21 0.25685915492957745 0.7123580365736285 0.42521126760563377 0.13231953801732435
21 0.2569295774647887 0.8256015399422522 0.4293239436619718 0.08333012512030799
21 0.7318169014084508 0.31837343599615014 0.42767605633802813 0.07179018286814245
13 0.7302112676056338 0.1588546679499519 0.42283098591549295 0.2264196342637151
15 0.6974929577464789 0.44107795957651585 0.3623521126760563 0.04115495668912415
21 0.25016901408450704 0.8941963426371512 0.42939436619718313 0.03807507218479307
28 0.48391549295774644 0.953888354186718 0.1033661971830986 0.02589990375360924
13 0.25722535211267605 0.06282001924927814 0.4188732394366197 0.03773820981713186