14 0.25916901408450704 0.07367661212704524 0.4334084507042254 0.05626564003849856
23 0.26804225352112676 0.21997112608277192 0.4229718309859155 0.20861405197305102
23 0.26712676056338025 0.38942252165543795 0.42114084507042254 0.1322810394610202
23 0.7348591549295774 0.17303176130895093 0.4149718309859155 0.1724735322425409
23 0.7374929577464788 0.35640038498556303 0.4208028169014084 0.18676612127045236
23 0.5047464788732394 0.4848315688161694 0.7032394366197183 0.03435033686236766
23 0.1823380281690141 0.6942540904716074 0.23949295774647886 0.015957651588065447
23 0.271774647887324 0.7189412897016362 0.4186478873239437 0.03091434071222329
23 0.2737887323943662 0.7510009624639076 0.4226760563380282 0.030028873917228104
23 0.2747887323943662 0.7805101058710299 0.4246901408450704 0.03152069297401348
23 0.2757887323943662 0.835264677574591 0.42670422535211266 0.07600577478344563
23 0.2767042253521127 0.8906448508180943 0.42487323943661975 0.036737247353224256
24 0.7395211267605633 0.694128970163619 0.4202676056338028 0.04871992300288739
23 0.7229718309859154 0.7263137632338788 0.3911830985915493 0.016843118383060636
23 0.744 0.7653224254090472 0.43326760563380284 0.056361886429258906
23 0.7429014084507043 0.8110202117420596 0.439112676056338 0.03499518768046198
23 0.7426197183098592 0.8502598652550529 0.43470422535211267 0.045996150144369585
23 0.7435352112676056 0.8913282001924928 0.43288732394366203 0.03811357074109721
14 0.44529577464788733 0.5252358036573629 0.5843239436619718 0.04641963426371511
14 0.48370422535211266 0.5716169393647738 0.6611549295774648 0.05118383060635226
17 0.5132394366197183 0.6415014436958614 0.2655070422535211 0.0314436958614052
25 0.1666056338028169 0.6758710298363811 0.21608450704225352 0.017709335899903752
24 0.7270845070422536 0.06832531280076996 0.4195352112676056 0.03179980750721848