35 0.8063380281690141 0.07666098807495741 0.19483098591549297 0.02555366269165247
24 0.27699999999999997 0.21224020442930153 0.399056338028169 0.2342419080068143
24 0.704225352112676 0.18455706984667802 0.39436619718309857 0.17319420783645656
23 0.2734788732394366 0.6807240204429301 0.4201830985915493 0.4329897785349233
23 0.7053943661971831 0.489778534923339 0.40609859154929573 0.13344974446337307
23 0.7018732394366197 0.7183390119250426 0.4084507042253521 0.3265161839863714
25 0.3591549295774648 0.3499403747870528 0.19249295774647884 0.026976149914821126
25 0.7558732394366197 0.28251277683134585 0.25821126760563384 0.022717206132879048
14 0.2676056338028169 0.436541737649063 0.42722535211267604 0.05536626916524702
14 0.7159577464788732 0.38685689948892676 0.42722535211267604 0.06104770017035775
31 0.8779295774647888 0.9043185689948894 0.056338028169014086 0.028390119250425894