9 0.25922535211267606 0.22839762611275963 0.017690140845070423 0.016241345202769538
9 0.26160563380281693 0.4675469831849654 0.015647887323943663 0.014817012858555885
12 0.7874580147660096 0.030544270636928265 0.8858902666117608 0.013664542127046861 0.8996249994274471 0.03938603318972328 0.801192747581696 0.05706955829531337
12 0.4892957746478873 0.2998615232443126 0.175112676056338 0.10288822947576656
9 0.2592394366197183 0.6956874381800198 0.019450704225352115 0.02009891196834817
12 0.4463802816901409 0.5409594460929772 0.1693943661971831 0.10449060336300692
12 0.5099014084507042 0.7567754698318496 0.10185915492957745 0.028130563798219585
9 0.26209859154929577 0.9179327398615232 0.022887323943661973 0.019287833827893175
12 0.8235070422535212 0.7439169139465875 0.14307042253521127 0.015272007912957467
12 0.7348028169014085 0.26083086053412463 0.1442112676056338 0.032957467853610284
12 0.8217887323943662 0.2970029673590504 0.12819718309859154 0.024915924826904058
12 0.6117746478873239 0.37577645895153317 0.0698169014084507 0.024915924826904058
12 0.9145070422535211 0.34081107814045497 0.11445070422535213 0.04018793273986153
12 0.6552676056338028 0.4979525222551929 0.06753521126760564 0.015272007912957467
12 0.8813120223398654 0.5007652791264823 0.9408291978745059 0.4822779574251836 0.9499856864182965 0.4991576859350651 0.8870348276797347 0.5168412110406552
12 0.5413773851516317 0.548189278273292 0.592882633210455 0.5176450076363637 0.6066173660261411 0.5361323293376624 0.5528229958313702 0.5586386340175044
12 0.9660095413699304 0.5996322603986449 0.9099260490392117 0.6124930059299832 0.9248053429228718 0.6358031072055338 0.9751660299137214 0.6269613446527387
12 0.44908450704225356 0.058585558852621164 0.1787605633802817 0.053264094955489616
12 0.6787605633802817 0.11374876360039565 0.11592957746478874 0.031196834817012856
6 0.6002112676056338 0.12287833827893176 0.7692253521126761 0.2366271018793274
9 0.5996760563380281 0.361028684470821 0.7659859154929578 0.23358061325420376
9 0.6023802816901408 0.5965182987141444 0.7692253521126761 0.23434223541048466
9 0.6002112676056338 0.8300989119683482 0.7627323943661971 0.23281899109792284