20 0.37277464788732395 0.4616919959473151 0.3611267605633802 0.28098277608915906
20 0.37021126760563383 0.7179128672745695 0.35846478873239435 0.23468085106382977
20 0.7487323943661972 0.8153799392097264 0.3598732394366197 0.23498480243161096
20 0.3684647887323944 0.8843667679837892 0.35750704225352115 0.09434650455927052
13 0.7514084507042254 0.5098986828774063 0.3624788732394366 0.3800709219858156
16 0.5272112676056337 0.15016210739614996 0.7657605633802818 0.18162107396149949
30 0.5896760563380282 0.9522188449848025 0.10302816901408451 0.02243161094224924
28 0.5232535211267606 0.9512462006079028 0.021690140845070423 0.020476190476190478
30 0.2250281690140845 0.03803444782168186 0.18707042253521125 0.02534954407294833
8 0.12116901408450705 0.03141843971631206 0.06343661971830986 0.052279635258358666
21 0.33704225352112677 0.2695440729483283 0.3871971830985916 0.04896656534954407