35 0.3121267605633803 0.10895999999999999 0.30188732394366197 0.02899
17 0.4893802816901408 0.21650999999999998 0.3827464788732394 0.026949999999999998
17 0.3052535211267606 0.26619 0.30828169014084505 0.02631
17 0.30388732394366197 0.40628 0.2854225352112676 0.02934
14 0.4677887323943662 0.29555000000000003 0.6454225352112676 0.02216
14 0.4913943661971831 0.32380000000000003 0.6604366197183099 0.03581
14 0.49108450704225354 0.36218 0.6560704225352113 0.03315
14 0.4923098591549296 0.45271 0.6622535211267605 0.05079
14 0.49035211267605633 0.5017900000000001 0.6655774647887324 0.03678
14 0.4932816901408451 0.5251699999999999 0.667774647887324 0.01859
14 0.46319718309859154 0.55037 0.6112535211267606 0.019620000000000002
14 0.49063380281690144 0.57232 0.6771126760563381 0.027149999999999997
14 0.4899859154929577 0.60336 0.6502112676056337 0.016489999999999998
14 0.4894507042253521 0.63882 0.6674084507042254 0.04843
14 0.4911830985915493 0.69299 0.6599154929577465 0.06583
14 0.4944788732394366 0.75507 0.6774647887323944 0.0445
14 0.4080422535211267 0.78653 0.5082676056338028 0.01872
14 0.4360281690140845 0.80959 0.5569295774647888 0.015470000000000001
14 0.431 0.8334900000000001 0.5468732394366197 0.019100000000000002
14 0.4902957746478873 0.85817 0.666281690140845 0.03027