20 0.721830985915493 0.5065065065065065 0.4267605633802817 0.3763763763763764
20 0.28169014084507044 0.6631631631631631 0.4225352112676056 0.3213213213213213
20 0.28098591549295776 0.37737737737737737 0.423943661971831 0.2042042042042042
20 0.7225352112676057 0.7747747747747747 0.4253521126760563 0.16416416416416416
20 0.28098591549295776 0.8793793793793794 0.4211267605633803 0.1111111111111111
16 0.4992957746478873 0.16666666666666666 0.6549295774647887 0.07707707707707707
16 0.721830985915493 0.2952952952952953 0.4295774647887324 0.03803803803803804
21 0.5007042253521127 0.22622622622622623 0.20985915492957746 0.03403403403403404
28 0.49859154929577465 0.960960960960961 0.02535211267605634 0.022022022022022022
2 0.1147887323943662 0.5320320320320321 0.08591549295774648 0.057057057057057055
25 0.7222394366197182 0.9243743743743744 0.4251549295774648 0.033913913913913914
25 0.7232394366197183 0.8867267267267268 0.4267605633802817 0.037717717717717716
30 0.49859154929577465 0.04954954954954955 0.2084507042253521 0.035035035035035036