21 0.4096238425925926 0.6403911290322581 0.660769675925926 0.03608064516129032
17 0.23244791666666667 0.046370967741935484 0.3337210648148148 0.028225806451612902
17 0.22762152777777778 0.1021491935483871 0.2854918981481481 0.026883064516129034
17 0.1890451388888889 0.20228629032258066 0.22762152777777778 0.017471774193548388
17 0.13696180555555554 0.4879032258064516 0.1350289351851852 0.021504032258064517
17 0.1379224537037037 0.5329314516129032 0.1099537037037037 0.017471774193548388
17 0.16589699074074074 0.569891129032258 0.18132523148148147 0.024193548387096774
17 0.22955439814814815 0.6733870967741935 0.29321180555555554 0.026883064516129034
35 0.4050925925925926 0.07392338709677419 0.6635821759259259 0.021504032258064517
21 0.48129050925925926 0.13440725806451612 0.8236863425925925 0.04838709677419355
21 0.45235532407407403 0.17002822580645163 0.7658159722222222 0.033600806451612904
21 0.3173206018518519 0.5900524193548387 0.51890625 0.024193548387096774
21 0.4243807870370371 0.7069879032258064 0.7098784722222222 0.056451612903225805
35 0.5179398148148148 0.34206854838709677 0.8892766203703704 0.25672177419354836
21 0.2382349537037037 0.5067217741935485 0.31057291666666664 0.021504032258064517
21 0.25848958333333333 0.5463709677419355 0.36265624999999996 0.017471774193548388