36 0.8152313167259787 0.06213203463203463 0.20946619217081852 0.043322510822510825
17 0.44237247924080664 0.19417748917748917 0.31622775800711744 0.04523809523809524
20 0.6634638196915776 0.2812878787878788 0.4230249110320285 0.04519480519480519
20 0.3575682087781732 0.3223593073593074 0.4134875444839858 0.032467532467532464
20 0.35671411625148275 0.35404761904761906 0.42874258600237247 0.03091991341991342
20 0.5956583629893238 0.3818831168831169 0.27622775800711746 0.027824675324675325
20 0.6244721233689204 0.41743506493506494 0.32705812574139975 0.03711038961038961
20 0.45586002372479245 0.46150432900432903 0.6032858837485172 0.029372294372294373
20 0.3177461447212337 0.4947402597402597 0.32367734282325034 0.03091991341991342
20 0.37790035587188614 0.5442207792207793 0.44737841043890864 0.058755411255411255
20 0.5499051008303677 0.7560281385281385 0.8083392645314353 0.3401406926406927
28 0.8583274021352314 0.9492857142857143 0.032194543297746146 0.03401515151515151
28 0.1237129300118624 0.9539285714285713 0.09829181494661922 0.04946969696969697