21 0.23032101756511206 0.7884797451069641 0.2486856450635978 0.13939007737824305
21 0.4892549969715324 0.7810696404187528 0.24933979406420353 0.15432862994993174
21 0.4871229557843731 0.6548520710059171 0.2502967898243489 0.09466090122894856
21 0.4859660811629316 0.29145653163404645 0.24954572986069049 0.07766044606281293
21 0.4903755299818292 0.5636003641329085 0.2509327680193822 0.08578971324533455
21 0.23161114476075106 0.5233545744196632 0.24996971532404602 0.12727355484751934
21 0.2315929739551787 0.626531634046427 0.2486977589339794 0.08678197542102867
21 0.7408843125378559 0.7286162949476559 0.2555481526347668 0.061324533454710964
21 0.7452210781344639 0.4452344105598543 0.2528770442156269 0.1299817933545744
21 0.7427135069654754 0.7990623577605825 0.25393095093882495 0.07987255348202094
21 0.7476983646274985 0.5968502503413746 0.2557056329497274 0.12280837505689576
21 0.74076317383404 0.8696813837050523 0.25366444579043007 0.05704142011834319
21 0.7433373712901272 0.21350933090578061 0.25403997577225923 0.1680609922621757
21 0.22975772259236826 0.3709512972234866 0.2518655360387644 0.05299499317250797
21 0.48864930345245305 0.49556213017751477 0.2512235009085403 0.04888029130632681
21 0.22919442761962447 0.32049157942649065 0.2514233797698365 0.05320436959490214
21 0.2303755299818292 0.429458352298589 0.25023622047244093 0.06042330450614474
21 0.7450635978195033 0.3401547564861175 0.25227740763173834 0.08079654073736914
21 0.22798909751665658 0.22020027309968138 0.24998788612961842 0.04534820209376422
21 0.23170805572380376 0.6942239417387347 0.24701393095093882 0.04465634956759217
21 0.23163537250151423 0.8786208466090123 0.2458267716535433 0.03889849795175239
21 0.4903634161114476 0.4404961310878471 0.2503694730466384 0.05719617660446063
21 0.22895215021199272 0.177592171142467 0.24762568140520896 0.04328629949931725
21 0.4865717746820109 0.8763086026399636 0.24808600847970924 0.03784251251706873
21 0.48674742580254393 0.349827036868457 0.24907328891580863 0.034014565316340464
21 0.7444397334948516 0.680496131087847 0.2554633555420957 0.030182066454255804
21 0.23149606299212597 0.28089667728720985 0.2499030890369473 0.02730541647701411
21 0.22760145366444579 0.2524578971324533 0.2496426408237432 0.02284023668639053
21 0.7472198667474258 0.5282339553937186 0.2574318594791036 0.020819299044151116
21 0.48370078740157485 0.19856167501137917 0.251671714112659 0.09938552571688666
32 0.48429436705027257 0.11791533909877105 0.23526953361599032 0.015234410559854345
13 0.22982434887946698 0.14015930814747382 0.24463961235614778 0.022653618570778335
13 0.48498485766202304 0.13882567137005006 0.25006662628709875 0.02275830678197542
21 0.4862870987280436 0.3761629494765589 0.2509327680193822 0.021456531634046427
21 0.4862870987280436 0.3982703686845699 0.2509327680193822 0.02015930814747383
28 0.8384554815263476 0.11509330905780611 0.05191399152029073 0.01430587164314975