20 0.5067339218158889 0.3695365418894831 0.9736948297604036 0.08139928698752227
20 0.51156368221942 0.25828877005347595 0.9684615384615385 0.06778966131907309
20 0.5080075662042876 0.703885918003565 0.9839722572509457 0.10423351158645276
20 0.49950819672131147 0.5065597147950089 0.9650441361916772 0.13904634581105169
20 0.4980327868852459 0.5977718360071301 0.9713366960907944 0.04555258467023173
20 0.49658259773013874 0.9383868092691621 0.9796090794451451 0.046024955436720145
20 0.5048045397225726 0.09104278074866311 0.9721941992433796 0.05853832442067737
20 0.5058638083228247 0.8887611408199644 0.9882849936948298 0.0692156862745098
20 0.5018158890290038 0.838885918003565 0.9813366960907945 0.036060606060606064
20 0.5015636822194199 0.7889839572192513 0.9819293820933165 0.06033868092691622
28 0.40044136191677177 0.0192602495543672 0.0837452711223203 0.030757575757575754
16 0.05755359394703657 0.046319073083778965 0.08187894073139976 0.030962566844919787
20 0.5002143757881463 0.6350267379679144 0.9709962168978562 0.025249554367201426
20 0.49810844892812106 0.4240909090909091 0.9625851197982346 0.02822638146167558
20 0.5012610340479193 0.3082263814616756 0.9688902900378311 0.03416221033868092
20 0.5012610340479193 0.1433422459893048 0.9731021437578814 0.040106951871657755
20 0.5073518284993694 0.1923618538324421 0.9852837326607818 0.05496434937611409