20 0.16028225806451613 0.13330481893356144 0.12701612903225806 0.035642999714856
20 0.21673387096774194 0.18890789848873682 0.2399193548387097 0.01853435985172512
20 0.19959677419354838 0.24451097804391217 0.2056451612903226 0.02423723980610208
20 0.2923387096774194 0.33290561733675506 0.3790322580645161 0.0213857998289136
20 0.17943548387096775 0.3999144568006843 0.16129032258064516 0.027088679783290562
33 0.4536290322580645 0.38565725691474195 0.14112903225806453 0.0926717992586256
28 0.48689516129032256 0.08696891930424865 0.034274193548387094 0.028514399771884802
24 0.37399193548387094 0.12617621899059026 0.2762096774193548 0.0499001996007984
24 0.23084677419354838 0.21742229826062162 0.2439516129032258 0.03849443969204448
24 0.28931451612903225 0.2808668377530653 0.38911290322580644 0.057028799543769604
24 0.35786290322580644 0.4134587966923296 0.2600806451612903 0.01996007984031936
24 0.5463709677419355 0.43199315654405473 0.24193548387096775 0.06558311947533504
33 0.2933467741935484 0.36854861705161107 0.1350806451612903 0.04134587966923296