21 0.6146138535031848 0.7471134020618557 0.7658041401273885 0.45498568155784647
21 0.613546974522293 0.5071248568155785 0.7630254777070063 0.02244845360824742
33 0.5341042993630574 0.03006872852233677 0.3489928343949044 0.052500000000000005
33 0.6953304140127389 0.19711626575028637 0.34235668789808915 0.07540950744558991
24 0.71390525477707 0.062047537227949597 0.08227308917197451 0.02672680412371134
17 0.5599800955414013 0.23482245131729668 0.2733558917197452 0.022909507445589918
32 0.4166679936305733 0.12313860252004583 0.3821656050955414 0.03054696449026346
32 0.8615963375796178 0.1250486827033219 0.2768033439490446 0.03627434135166094
21 0.6057603503184714 0.30307273768613974 0.7523885350318471 0.08495704467353953
20 0.37353901273885354 0.40902920962199313 0.3038734076433121 0.11741122565864834
20 0.7945859872611465 0.4176202749140893 0.410828025477707 0.14032073310423826
24 0.18113057324840764 0.6581701030927835 0.041134554140127386 0.02768327605956472