20 0.6187358642972537 0.7810526315789473 0.7455250403877222 0.3414788329519451
20 0.6113610662358643 0.5037299771167048 0.7324313408723748 0.2022425629290618
31 0.3201817447495961 0.04058066361556064 0.34435379644588043 0.04645022883295194
28 0.5218376413570275 0.07245137299771166 0.0778675282714055 0.02262871853546911
24 0.9130331179321487 0.04568935926773455 0.11907512116316639 0.07671338672768879
19 0.7595193861066235 0.3113329519450801 0.3913610662358643 0.11038901601830664
30 0.5916801292407108 0.10082951945080092 0.7552504038772213 0.02717391304347826
16 0.46849757673667203 0.14016018306636155 0.2988691437802908 0.028604118993135013
13 0.6068255250403877 0.20952517162471396 0.7613085621970921 0.08724256292906178
19 0.37291195476575123 0.31083237986270024 0.2880977382875606 0.09916189931350115
20 0.602451534733441 0.38377288329519454 0.7390953150242326 0.02574370709382151