23 0.5543970588235294 0.33764779874213835 0.8146029411764705 0.19933333333333333
23 0.5316029411764706 0.5888930817610063 0.9050882352941177 0.050880503144654095
23 0.5507058823529412 0.1700251572327044 0.81675 0.07973584905660377
6 0.5152205882352942 0.828503144654088 0.9537058823529412 0.17578616352201257
23 0.541 0.44772327044025156 0.7919411764705883 0.03132075471698113
17 0.46198529411764705 0.0619874213836478 0.35419117647058823 0.024779874213836477
23 0.5530441176470589 0.22349685534591196 0.8146323529411765 0.028226415094339624
23 0.5515441176470588 0.1058867924528302 0.8168676470588235 0.05086792452830188
22 0.28045588235294117 0.4779874213836478 0.3256323529411765 0.035937106918238995
28 0.7489558823529412 0.5184150943396226 0.22898529411764706 0.05929559748427673
22 0.31827941176470587 0.5471698113207547 0.4306764705882353 0.03773584905660377
23 0.5199558823529412 0.6576855345911949 0.9054558823529413 0.035937106918238995
23 0.6113382352941176 0.6900251572327044 0.7310882352941176 0.025157232704402517
23 0.525 0.6270440251572327 0.9117647058823529 0.028930817610062894