21 0.6191112012987013 0.776141304347826 0.743189935064935 0.22475400457665903
21 0.6160714285714286 0.4578117848970252 0.7435349025974026 0.1887299771167048
21 0.6055925324675325 0.6056693363844394 0.7389082792207793 0.09330377574370709
20 0.3263961038961039 0.29465389016018306 0.18315746753246753 0.05149885583524027
21 0.6113392857142856 0.34526601830663617 0.749650974025974 0.024316361556064075
21 0.6128612012987013 0.9033953089244852 0.7335957792207792 0.027774599542334095
20 0.8272443181818182 0.28842391304347825 0.33414366883116886 0.061976544622425626
21 0.6026785714285714 0.22931064073226542 0.7508116883116883 0.050534897025171624
17 0.4667207792207792 0.15875286041189932 0.2867978896103896 0.023835812356979406
24 0.7021103896103896 0.15160183066361557 0.11363636363636363 0.030512013729977118
24 0.7528409090909091 0.07103260869565217 0.23674107142857145 0.04862700228832952
32 0.2847686688311688 0.05577803203661327 0.36661120129870134 0.061976544622425626