21 0.5596054750402576 0.4700916380297823 0.7960507246376812 0.20505154639175258
21 0.5602334943639291 0.6296649484536082 0.7918840579710145 0.11486827033218786
21 0.5643478260869564 0.8414662084765178 0.8022906602254428 0.10112256586483391
35 0.6503623188405797 0.26811569301260024 0.5581723027375202 0.179106529209622
21 0.562109500805153 0.7400028636884307 0.8094041867954911 0.10325315005727377
21 0.5578381642512078 0.13131156930126003 0.7919122383252818 0.08031500572737686
32 0.785024154589372 0.04868270332187858 0.17713365539452497 0.0286368843069874
32 0.2066545893719807 0.04343356242840778 0.0966183574879227 0.02768327605956472
17 0.47772544283413854 0.07302405498281787 0.3327979066022544 0.0238631156930126
33 0.3918397745571659 0.02529495990836197 0.1932367149758454 0.0429553264604811
24 0.9299516908212561 0.03006872852233677 0.06709742351046698 0.046772623138602525