18 0.28399879007864487 0.6577169730654127 0.24894736842105264 0.06974348011970928
18 0.2543557168784029 0.5753142368533561 0.1992075015124017 0.06913210773834971
18 0.2940411373260738 0.329760581445062 0.2590865093768905 0.07141085934159898
18 0.25321234119782215 0.7417657118426678 0.19096793708408955 0.06858914065840103
18 0.28361766485178463 0.8254724241128687 0.25134301270417425 0.07020521590423258
18 0.28969147005444645 0.4154339461308252 0.2654567453115548 0.06902094912355708
18 0.2698306110102843 0.49207781103035486 0.21801572897761645 0.06877297990594272
18 0.269848759830611 0.24487387772552371 0.215837870538415 0.07071398033347584
18 0.273859649122807 0.16171868319794783 0.22343012704174228 0.07433946130825139
18 0.27073805202661827 0.8950619923044036 0.2304053236539625 0.05735356990166738
31 0.8940895341802784 0.07416844805472424 0.019758015728977615 0.019350149636596835
28 0.6541137326073805 0.15604959384352288 0.4794313369630974 0.07909362975630611
17 0.5043859649122807 0.10474561778537837 0.48548094373865697 0.025651988029072252