20 0.49946763460375077 0.21604959384352287 0.8152813067150636 0.04294570329200513
20 0.49197217180883246 0.37832834544677213 0.800302480338778 0.021316802052159044
20 0.49851179673321233 0.26687900812312954 0.8132546884452511 0.052146216331765714
16 0.17996370235934667 0.32983753740914923 0.17873563218390803 0.030183839247541682
13 0.5043073200241984 0.09294570329200513 0.8194010889292196 0.04589568191534844
20 0.4979007864488808 0.1517443351859769 0.8080883242589232 0.07028644719965797
20 0.48598306110102846 0.4154211201368106 0.7904839685420448 0.052727661393758014
20 0.5011070780399274 0.49949978623343305 0.8166969147005445 0.027075673364685762
20 0.507156684815487 0.5372680632749038 0.8287961282516636 0.04560495938435229
20 0.5011070780399274 0.5850064129970073 0.8166969147005445 0.049880290722530994
20 0.5011070780399274 0.6462890123984609 0.8126618269812462 0.06982898674647285
20 0.5021173623714459 0.6975929884566054 0.8267816091954023 0.027075673364685762
20 0.5051421657592257 0.7218170158187259 0.8328312159709619 0.027075673364685762
20 0.49808227465214766 0.7574476271911074 0.8348457350272233 0.0441769987174006
20 0.4940532365396249 0.7952116289012399 0.8066122202056866 0.025651988029072252
20 0.49203266787658806 0.8322659256092347 0.8106473079249849 0.04845233005557931
20 0.4910284331518451 0.867178281316802 0.8086327888687236 0.027075673364685762
20 0.48900786448880823 0.8914065840102608 0.8207320024198428 0.024228302693458745
20 0.506152450090744 0.9191962377084224 0.830810647307925 0.03135100470286447