21 0.5023169993950394 0.7377426250534416 0.7754083484573503 0.045775972637879435
21 0.5034664246823957 0.467631466438649 0.7853357531760436 0.08241556220607098
21 0.5022746521476104 0.8013937580162462 0.7756261343012704 0.07802479692176144
21 0.5127041742286751 0.1494399315946986 0.7798306110102843 0.042227447627191106
21 0.5042226255293406 0.6382727661393758 0.7716091954022989 0.042116289012398465
21 0.5059830611010284 0.6843095339888841 0.7799758015728977 0.0448995297135528
21 0.5065275257108288 0.8738178708849935 0.7829643073200242 0.048041898247114155
28 0.8833635813672112 0.055198802907225314 0.02104658197217181 0.02572466866182129
21 0.5151300665456745 0.19525438221462163 0.7777555958862674 0.024283882000855066
21 0.5051421657592257 0.23656690893544252 0.7723351482153661 0.05415562206070971
21 0.5132062915910466 0.29286019666524155 0.7844343617664852 0.06698161607524583
21 0.5122020568663037 0.3591278324070115 0.7864488808227466 0.06270628473706712
21 0.5041318814277073 0.4068704574604532 0.7824137931034483 0.032778965369816164
21 0.49808227465214766 0.5265797349294571 0.7783847549909256 0.03562633604104318
21 0.49808227465214766 0.5778837109876016 0.7864488808227466 0.06698161607524583
13 0.507156684815487 0.09690893544249679 0.7884633998790078 0.04845233005557931