7 0.5047065940713853 0.3932578024796922 0.8202419842710224 0.20802052159042325
20 0.5005565638233515 0.22256519880290723 0.8414216575922564 0.10645575032064986
20 0.5103266787658802 0.8778195810175288 0.8521355111917724 0.11055151774262505
20 0.4935208711433757 0.09934159897392049 0.8307924984875983 0.1036938862761864
11 0.22861464004839685 0.3782129115006413 0.18764670296430733 0.18033775117571613
7 0.524258923169994 0.6815220179563916 0.8032486388384755 0.1890166737922189
11 0.5101149425287357 0.37850363403163745 0.3678281911675741 0.17849935870029926
16 0.23450090744101634 0.8010132535271484 0.19202661826981246 0.022005130397605814
10 0.4593829401088929 0.7676015391192818 0.4198790078644888 0.017293715262932878
9 0.2267392619479734 0.4824412141941001 0.15418632788868725 0.01877725523728089
11 0.7850574712643679 0.38141513467293714 0.17429522081064733 0.1790209491235571
9 0.514216575922565 0.4793715262932877 0.2238354506957048 0.020307823856348866
9 0.7849364791288567 0.48150919196237707 0.08469449485783424 0.020307823856348866
11 0.6677253478523896 0.6744335185976913 0.3765880217785844 0.168875587858059
11 0.30550514216575925 0.6744335185976913 0.3176043557168784 0.16460025651988028
20 0.49909255898366606 0.5392261650277896 0.8650937689050212 0.07802479692176144