25 0.509600725952813 0.8847285164600257 0.7308953418027828 0.10483112441214193
28 0.838626739261948 0.08657545959811885 0.028735632183908046 0.021376656690893545
22 0.4960677555958863 0.1148995297135528 0.7803992740471869 0.03313381787088499
22 0.4983363581367211 0.14749893116716545 0.778886872353297 0.03206498503634032
22 0.4960677555958863 0.18864899529713552 0.7773744706594071 0.05023514322359983
22 0.4945553539019964 0.22926464300983326 0.7743496672716274 0.03313381787088499
22 0.49758015728977617 0.2618640444634459 0.7743496672716274 0.03206498503634032
22 0.49758015728977617 0.2949978623343309 0.7773744706594071 0.03206498503634032
22 0.4983363581367211 0.334544677212484 0.778886872353297 0.051303976058144504
22 0.4945553539019964 0.3778324070115434 0.7803992740471869 0.030996152201795638
22 0.4945553539019964 0.4109662248824284 0.7743496672716274 0.03313381787088499
22 0.4937991530550514 0.4430312099187687 0.7728372655777375 0.030996152201795638
22 0.4960677555958863 0.4681487815305686 0.7683000604960678 0.01923899102180419
22 0.5013611615245009 0.49380076955964086 0.7819116757410768 0.029927319367250963
22 0.4983363581367211 0.5258657545959812 0.7819116757410768 0.03847798204360838
22 0.49909255898366606 0.5515177426250535 0.7803992740471869 0.017101325352714837
22 0.499848759830611 0.5659469858914066 0.7758620689655172 0.01603249251817016
22 0.4968239564428312 0.5819794784095768 0.7728372655777375 0.018170158187259512
22 0.4960677555958863 0.6006840530141085 0.7713248638838476 0.01923899102180419
22 0.4983363581367211 0.6167165455322787 0.778886872353297 0.017101325352714837
22 0.500604960677556 0.6311457887986319 0.7803992740471869 0.013894826849080803
22 0.5058983666061706 0.6567977768277041 0.7819116757410768 0.03527148353997435
22 0.5028735632183908 0.6808465156049593 0.7849364791288567 0.017101325352714837
22 0.5021173623714459 0.7048952543822147 0.7803992740471869 0.03313381787088499
22 0.5013611615245009 0.7380290722530997 0.7728372655777375 0.03527148353997435
22 0.49758015728977617 0.7636810602821719 0.7713248638838476 0.01603249251817016
22 0.4983363581367211 0.7791791363830697 0.7698124621899577 0.014963659683625482
22 0.5043859649122807 0.8069687900812313 0.7758620689655172 0.034202650705429674