21 0.5192377495462794 0.3365498076100898 0.9034119782214156 0.1256049593843523
25 0.2111494252873563 0.723539974348012 0.31532365396249246 0.014672937152629328
21 0.5210284331518451 0.22755451047456177 0.9025952813067151 0.08221462163317658
21 0.5207078039927405 0.5318255664814023 0.9048033877797944 0.2590466011115861
21 0.530852994555354 0.1429713552800342 0.9037870538415004 0.07038477982043609
25 0.11872353297035693 0.7374946558358273 0.12552934059286147 0.012825994014536126
25 0.2132486388384755 0.7545959811885421 0.3176043557168784 0.021376656690893545
25 0.19131881427707198 0.7690252244548953 0.2707199032062916 0.01603249251817016
25 0.1414095583787054 0.7855921333903377 0.16787658802177857 0.014963659683625482
25 0.12855414398064124 0.7989525438221462 0.13309134906231096 0.013894826849080803
25 0.13611615245009073 0.8123129542539547 0.16636418632788869 0.017101325352714837
25 0.161826981246219 0.8294142796066695 0.2177858439201452 0.017101325352714837
25 0.13611615245009073 0.8470500213766566 0.1572897761645493 0.018170158187259512
27 0.5119479733817301 0.8694955109020949 0.019661222020568664 0.020307823856348866
17 0.5331215970961888 0.07695596408721676 0.3251663641863279 0.036340316374519024
24 0.941470054446461 0.03473706712270201 0.1073805202661827 0.04809747755451047
21 0.5232909860859044 0.675502351432236 0.9165154264972777 0.03206498503634032