21 0.4710586811857229 0.5871953826421548 0.8463278886872353 0.12298418127404875
21 0.47349062310949785 0.8257374946558359 0.852280701754386 0.09822146216331766
21 0.47631578947368425 0.7056135100470287 0.8509497882637628 0.08474989311671655
21 0.47010284331518454 0.20520735356990166 0.8533998790078645 0.12767849508336895
21 0.476043557168784 0.47862334330910644 0.8399334543254688 0.0656434373663959
21 0.4679975801572898 0.3477682770414707 0.8511191772534786 0.031872595126122276
21 0.47418632788868725 0.891004702864472 0.8474289171203871 0.023599828986746473
31 0.1822323049001815 0.06527148353997435 0.25633998790078644 0.03599401453612655
21 0.4627949183303085 0.29998717400598546 0.8408953418027828 0.04132962804617358
24 0.9235753176043557 0.04132962804617358 0.10485783424077436 0.059854638734501926
27 0.47993345432546886 0.946985891406584 0.0282335148215366 0.024228302693458745
21 0.46380520266182695 0.3997434801197093 0.8348457350272233 0.061278324070115436