23 0.4829703569267998 0.36647712697734075 0.8158197217180883 0.13844805472424113
23 0.47572897761645494 0.5647969217614365 0.8044706594071385 0.07974348011970928
23 0.47952813067150635 0.48057289439931594 0.808076225045372 0.07663531423685335
23 0.48483363581367206 0.24772979905942713 0.8126860254083484 0.08255237280889269
23 0.4749788263762855 0.6654681487815306 0.802734422262553 0.09780247969217613
23 0.47951603145795524 0.7806284737067123 0.8125952813067151 0.054583155194527576
17 0.48766485178463403 0.16280461735784524 0.3975438596491228 0.031038905515177424
23 0.4785601935874168 0.897917913638307 0.8143920145190563 0.05820863616930312
28 0.8439201451905626 0.13894826849080805 0.13914095583787053 0.11258230012825993
23 0.4809437386569873 0.7382086361693031 0.8166969147005445 0.03135100470286447
23 0.4779189352692075 0.8222873022659256 0.8187114337568058 0.022800342026507055
23 0.47590441621294616 0.8507909362975631 0.8106473079249849 0.03135100470286447