21 0.5005505142165759 0.2053398888413852 0.7699697519661222 0.051351004702864474
21 0.5039927404718694 0.5543351859769132 0.7807803992740473 0.034818298418127405
21 0.5037568058076225 0.42070970500213767 0.7809316394434362 0.06589995724668661
21 0.5044162129461585 0.288589140658401 0.7742891712038718 0.03819153484395041
21 0.5038415003024803 0.3412270200940573 0.7829522081064731 0.06797349294570329
21 0.4993889897156685 0.12880718255664814 0.7662794918330309 0.0560837964942283
21 0.5088142770719903 0.7357716973065412 0.7916091954022988 0.05082513894826849
21 0.22444041137326073 0.7757674219752031 0.21679370840895343 0.019910218041898246
21 0.5000725952813068 0.6802052159042326 0.772637628554144 0.03856776400171013
21 0.26021778584392014 0.6478366823428816 0.28981851179673324 0.022013681060282172
21 0.5069872958257713 0.49301410859341604 0.7752873563218391 0.07558358272766139
21 0.4983363581367211 0.2479692176143651 0.7667876588021778 0.027789653698161606
21 0.5043859649122807 0.5894613082513895 0.7849364791288567 0.030996152201795638
21 0.5187537810042347 0.8203292005130398 0.7743496672716274 0.056648140230867894
21 0.45674531155474896 0.8694955109020949 0.6836055656382335 0.03527148353997435
17 0.49758015728977617 0.08336896109448483 0.13309134906231096 0.025651988029072252
24 0.9029038112522686 0.037943565626336044 0.10586811857229281 0.05451047456177854