20 0.297607421875 0.2877604166666667 0.32861328125 0.32421875
20 0.7080078125 0.5208333333333334 0.3330078125 0.21744791666666666
20 0.295166015625 0.5465494791666666 0.32568359375 0.193359375
20 0.701416015625 0.3486328125 0.32861328125 0.11263020833333333
20 0.697998046875 0.23958333333333334 0.32763671875 0.09635416666666667
20 0.712646484375 0.671875 0.33837890625 0.08463541666666667
20 0.295166015625 0.6770833333333334 0.32275390625 0.0703125
28 0.14306640625 0.10286458333333333 0.021484375 0.020833333333333332
28 0.47216796875 0.12434895833333333 0.01953125 0.026041666666666668
28 0.845458984375 0.1103515625 0.02001953125 0.024088541666666668
28 0.51611328125 0.12923177083333334 0.0224609375 0.026692708333333332
25 0.295166015625 0.7877604166666666 0.32275390625 0.15494791666666666
13 0.695556640625 0.1611328125 0.32763671875 0.046223958333333336
30 0.297578125 0.10171223958333332 0.1752392578125 0.028359375000000003
30 0.6990576171875 0.10569010416666667 0.1578759765625 0.03197916666666666
25 0.7218408203125 0.8028776041666666 0.3662109375 0.15464843749999999
1 0.51052734375 0.9626041666666666 0.42208984375 0.07479817708333333