20 0.572075208913649 0.25390625 0.7249303621169917 0.3359375
20 0.5536211699164345 0.578125 0.7061281337047354 0.1865234375
16 0.5571030640668524 0.468017578125 0.3147632311977716 0.02197265625
20 0.05257660167130919 0.33056640625 0.10515320334261838 0.1630859375
20 0.5487465181058496 0.69482421875 0.6949860724233984 0.041015625
20 0.042827298050139274 0.5859375 0.08565459610027855 0.2236328125
28 0.5414345403899722 0.89306640625 0.017409470752089137 0.021484375
25 0.5459610027855153 0.792236328125 0.6949860724233984 0.15087890625
13 0.0584958217270195 0.15185546875 0.116991643454039 0.1806640625
30 0.5727715877437326 0.0546875 0.1149025069637883 0.0263671875
20 0.030988857938718663 0.78515625 0.06197771587743733 0.1103515625
1 0.3963579387186629 0.9178857421875 0.7927089136490251 0.1642236328125