15 0.5981232316881484 0.5852230596862905 0.2827287016661427 0.07141576695864738
15 0.6025023577491355 0.6569342024852312 0.2946683432882741 0.08904868608677938
15 0.5904966991512103 0.5285434915461398 0.28893429739075766 0.04282338561825219
15 0.5922288588494184 0.4580892238745162 0.28987110971392643 0.040680382970054996
1 0.8723168814838101 0.5854288042371155 0.25056900345803207 0.8191342432267265
28 0.7129959132348318 0.12166632715420655 0.039393272555800066 0.02514157669586474
19 0.5877900031436655 0.25588714605826035 0.28978937441056274 0.0621246689753514
17 0.5793303992455202 0.4920228152373192 0.2606507387613958 0.023536361784477492
17 0.4255391386356492 0.1626563454878794 0.4235963533480038 0.034314524343043384
17 0.42579063187676836 0.20391525768995722 0.47419993712668973 0.02655326950499083
32 0.4267180132033952 0.12016500305561213 0.21098396730587865 0.028830719087390506
15 0.5882521219742219 0.3151252800977796 0.2928450172901603 0.03863515991036871
15 0.6033008487896887 0.7136117335506212 0.2852687834014461 0.03200651863923406
15 0.6093492612386042 0.806689753513954 0.29333542911034266 0.16329802403748217
15 0.2847657969192078 0.36545936035852516 0.2812386042125118 0.05029537584029334
19 0.30139893115372524 0.762601344469342 0.28627790003143666 0.015023426359747403
19 0.29736560829927694 0.7861152984314524 0.2802294875825212 0.033312283560806684
19 0.26006916064130775 0.8073436545121206 0.20765168186104999 0.014369525361580772
19 0.3039170072304307 0.8230209818700346 0.2832536938069789 0.022208189040537788
19 0.3084533165671173 0.8720105927887553 0.28627790003143666 0.07838256264004888
19 0.19706696007544797 0.7302668567936443 0.08165042439484439 0.015677327357914033
19 0.24948443885570576 0.7162232633937665 0.18245205910091167 0.013717661438174782
19 0.2958535051870481 0.6894438785903443 0.2751901917635963 0.04245671216133632
19 0.29635963533480036 0.6623365247504583 0.2741810751336058 0.014369525361580772
19 0.2958535051870481 0.6244510083520065 0.27922037095253066 0.0627072723568955
19 0.29333542911034266 0.569582399674068 0.2782143979880541 0.044416378081075576
19 0.29081420936812324 0.5183071908739051 0.2751901917635963 0.054214707679771844
19 0.28627790003143666 0.47650234263597474 0.2661175730902232 0.03200651863923406
19 0.28779000314366554 0.4366571603177837 0.2691417793146809 0.04245671216133632
19 0.28728701666142725 0.403018944795274 0.27619616472807296 0.028741087797922185
15 0.2812386042125118 0.24070075371766142 0.2741810751336058 0.02808718679975555
19 0.2847657969192078 0.26911387247911994 0.27922037095253066 0.024821755958443673
19 0.2847657969192078 0.31124465267875334 0.28728701666142725 0.054214707679771844
19 0.5246746306193021 0.34063964147484216 0.15825840930524993 0.011104094520268894
19 0.5196353348003773 0.35304950091668363 0.15422823011631562 0.012409859441841515
19 0.5216504243948443 0.36284783051537994 0.15624331971078276 0.012409859441841515
19 0.5917070103740962 0.38473008759421473 0.30038981452373464 0.03135261764106743
19 0.5886828041496385 0.4059584436748829 0.2882929896259038 0.013717661438174782
19 0.5327381326626848 0.4206559380729273 0.1743885570575291 0.013063760440008147
17 0.3029707639107199 0.7478610715013241 0.2931468091795033 0.015787329394988794