20 0.4874131944444444 0.416015625 0.6293402777777778 0.140625
20 0.4713541666666667 0.536865234375 0.6336805555555556 0.10302734375
20 0.4995659722222222 0.232666015625 0.6223958333333334 0.06787109375
20 0.4952256944444444 0.286865234375 0.6276041666666666 0.04443359375
28 0.7925347222222222 0.19970703125 0.03819444444444445 0.01953125
20 0.4661458333333333 0.60595703125 0.6215277777777778 0.041015625
20 0.4618055555555556 0.661865234375 0.6284722222222222 0.03564453125
20 0.4596354166666667 0.7164892578125 0.6362847222222222 0.079462890625
30 0.2789670138888889 0.1924072265625 0.16441840277777778 0.0223974609375
20 0.4960329861111111 0.326982421875 0.63328125 0.0441552734375
20 0.24954861111111112 0.6330322265625 0.16922743055555556 0.018232421875
20 0.47625868055555554 0.7681494140625 0.6573871527777777 0.0345654296875
20 0.41686631944444447 0.79310546875 0.4972829861111111 0.03271484375
1 0.212421875 0.90310546875 0.42484375 0.1937939453125
1 0.06578125 0.476552734375 0.1315625 0.7827490234375