13 0.4924671169569854 0.27996765996766 0.57506221116246 0.2610903210903211
21 0.3335407038748667 0.687994917994918 0.2714539637397796 0.25286671286671286
21 0.6439566299324565 0.7301848001848001 0.2902630643441166 0.27815199815199815
21 0.54277995023107 0.5424809424809425 0.4745965161749022 0.03253407253407253
21 0.3425844294347672 0.8415800415800415 0.27159971560611446 0.05604065604065604
17 0.490174191254888 0.5159066759066759 0.37138286526839676 0.026659736659736658
27 0.4918521151795236 0.8848810348810349 0.038211873444720934 0.02325248325248325
13 0.6339744045503022 0.5741880341880341 0.28691432634198366 0.035495495495495494
17 0.4838073231425524 0.45237006237006233 0.15333451830785638 0.06795102795102796
31 0.4854888019907572 0.116994686994687 0.25709562744401 0.03954723954723954
1 0.10131532172058301 0.3880803880803881 0.20263064344116602 0.12936012936012936
1 0.2452897262708852 0.07854007854007854 0.16352648418059013 0.06006006006006006