21 0.5018666666666667 0.16359176116639668 0.6921641025641025 0.05123582504049988
17 0.2804307692307692 0.21401990280027772 0.18870427350427352 0.025473270076371207
32 0.49984957264957264 0.1163411247396436 0.2722940170940171 0.02786160610969683
19 0.5128752136752137 0.26797732006479985 0.6921128205128205 0.08934274473501505
17 0.4982700854700855 0.7212196250867854 0.6729777777777778 0.042610506827123355
19 0.428051282051282 0.5501689423744504 0.5243179487179488 0.10712103679703773
28 0.8249025641025641 0.11851423281647767 0.03850598290598291 0.024707243693589447
19 0.37372307692307694 0.6340199028002776 0.4218803418803419 0.0663295533441333
17 0.4708957264957265 0.48437861606109694 0.5634769230769231 0.026095811154825274
19 0.39924102564102565 0.7570978940060171 0.4731111111111111 0.022779449201573713
19 0.5070769230769231 0.38909511687109466 0.6797162393162394 0.15502429993057162
17 0.2753846153846154 0.8830455912983105 0.2399350427350427 0.02737560749826429
1 0.22393162393162394 0.9397130293913446 0.4478632478632479 0.12057394121731081
19 0.28085811965811963 0.6793080305484841 0.23853675213675216 0.02691275167785235
19 0.350748717948718 0.7782735477898635 0.38088888888888883 0.01822957648692432
21 0.4725846153846154 0.8290604026845637 0.6245538461538461 0.08160379541772739