16 0.5449318098046443 0.8903696914146043 0.1240950976778474 0.031564314084937366
30 0.27622926649465535 0.16994500458295142 0.15821231109472908 0.04750687442713108
16 0.546041282712864 0.5865566758325695 0.18547733136748987 0.03422242590895203
16 0.5443125691116845 0.3323984112435075 0.13946553630667158 0.0373327222731439
16 0.5444563214154072 0.8367308279865566 0.2126538886841135 0.059807516040329974
17 0.5196424622189458 0.4550504124656279 0.6190527091780317 0.21306446684998473
16 0.5419719867305566 0.9615765352887259 0.24200884629561373 0.04320806599450045
16 0.5501290084777 0.9242285365108464 0.3298931072613343 0.027497708524289642
17 0.5243273129377073 0.6828597616865261 0.5879100626612606 0.16498625114573787
17 0.48101732399557684 0.2612282309807516 0.5565794323626981 0.11610143599144515
28 0.16586804275709546 0.1665139016193095 0.04791743457427202 0.039718912312862814