23 0.4498158500493259 0.613546551331664 0.5979973692864189 0.16759389938538585
23 0.4423380466951661 0.8366742544957888 0.5928674778033541 0.1308422490325518
23 0.4557744163104242 0.474356931481903 0.5961854653074646 0.08132711131345322
32 0.4602926668858928 0.1607671295242431 0.19344294639921078 0.035768267698611425
13 0.4735120026307136 0.21533120874117917 0.5945544228872082 0.05810607785112679
23 0.3554291351529102 0.39950603232415205 0.3753896744491943 0.05804234008650125
23 0.35535679052943114 0.7334600500796722 0.3981420585333772 0.060289096289551564
23 0.41536665570536013 0.33781015251536534 0.5019565932259126 0.06273389483268836
23 0.34608023676422234 0.2783951741406784 0.34858270305820455 0.061527430002276354
28 0.7509273265373233 0.15833371272478944 0.03435054258467609 0.0259981789210107
1 0.18086155869779677 0.9342135215114956 0.36172311739559354 0.13157295697700888