21 0.4981188455008489 0.4648665502619107 0.6740203735144312 0.09992516837116489
21 0.501528013582343 0.6980244449987528 0.6776808149405772 0.059930157146420554
21 0.4961935483870968 0.3069368919930157 0.676346349745331 0.09645796956847094
21 0.4987911714770798 0.5548191568969818 0.6746825127334466 0.08469443751558993
15 0.5001494057724958 0.640199551010227 0.6778336162988116 0.059685707158892494
21 0.496258064516129 0.2273035669743078 0.6755042444821732 0.06176353205288102
21 0.4963735144312394 0.38350710900473933 0.6757894736842105 0.06336991768520829
32 0.49869949066213926 0.12649538538288851 0.1957521222410866 0.030486405587428288
13 0.5000475382003396 0.17721376901970567 0.6778641765704584 0.044739336492890996
15 0.5084753820033956 0.8188426041406834 0.6834668930390492 0.14976303317535544
28 0.8210016977928692 0.13145173359940135 0.027528013582342952 0.024963831379396357
1 0.9161018675721562 0.46319281616363184 0.1677962648556876 0.19262160139685708