23 0.7055454545454546 0.3924807197943445 0.3921272727272727 0.7179562982005142
23 0.29870909090909087 0.39782776349614396 0.3888181818181818 0.73219794344473
23 0.2978727272727273 0.8713624678663239 0.38676363636363637 0.21588688946015425
23 0.7096727272727272 0.8726221079691516 0.39647272727272725 0.21586118251928021
31 0.8823090909090908 0.018843187660668382 0.03290909090909091 0.017596401028277635
31 0.11694545454545453 0.019447300771208226 0.037200000000000004 0.01705655526992288
35 0.4954545454545455 0.017673521850899744 0.23636363636363636 0.02249357326478149
31 0.5022727272727273 0.7768380462724935 0.01818181818181818 0.02731362467866324
31 0.49887272727272725 0.5077120822622108 0.029545454545454545 0.019280205655526992
31 0.5022727272727273 0.2731362467866324 0.031818181818181815 0.02249357326478149
31 0.499 0.04122107969151671 0.01770909090909091 0.015655526992287918