23 0.7070909090909091 0.40097686375321334 0.3925272727272727 0.7351028277634961
23 0.2964 0.4116709511568123 0.3951272727272727 0.7568637532133676
23 0.5041272727272726 0.9414395886889461 0.8090363636363637 0.051221079691516715
35 0.5010545454545454 0.021118251928020564 0.21883636363636363 0.021555269922879178
17 0.4998181818181818 0.9012596401028277 0.18614545454545453 0.022339331619537273
31 0.8824 0.020732647814910025 0.036000000000000004 0.019305912596401027
17 0.4938545454545455 0.8092416452442159 0.07200000000000001 0.02260925449871465
31 0.12481818181818183 0.022056555269922878 0.03956363636363636 0.016953727506426736
23 0.2984545454545455 0.8403727506426735 0.3806727272727273 0.03656812339331619
31 0.4994363636363636 0.730706940874036 0.023854545454545455 0.015398457583547558
31 0.5004727272727273 0.5041259640102828 0.028 0.027133676092544988
31 0.5025454545454545 0.27167095115681233 0.017636363636363634 0.030064267352185092
31 0.5025454545454545 0.045089974293059124 0.017636363636363634 0.013933161953727506
23 0.6996181818181818 0.8395886889460155 0.38274545454545456 0.03813624678663239
29 0.3718545454545455 0.8751542416452442 0.5030545454545454 0.027133676092544988