21 0.5630789825970549 0.307225 0.5309103078982597 0.15885
21 0.5645515394912985 0.4499333333333333 0.5287817938420348 0.12261666666666665
21 0.5663855421686746 0.17405 0.5209103078982598 0.11155000000000001
21 0.5641633199464525 0.5623166666666667 0.5354886211512717 0.102975
21 0.4674431057563588 0.7780583333333333 0.7450066934404284 0.1729
25 0.1992503346720214 0.146125 0.19804551539491297 0.05080833333333333
25 0.19910307898259705 0.4156166666666667 0.19315930388219543 0.049841666666666666
25 0.19947791164658632 0.5387333333333334 0.19305220883534138 0.0486
31 0.4646720214190094 0.10464166666666666 0.1389156626506024 0.020608333333333333
27 0.812516733601071 0.10388333333333333 0.038072289156626506 0.023174999999999998
17 0.4660107095046854 0.6687166666666667 0.7404685408299866 0.0436
25 0.1922623828647925 0.25271666666666665 0.2015528781793842 0.049833333333333334