31 0.2240563725490196 0.12425833333333335 0.026544117647058822 0.025175
35 0.5569607843137255 0.123175 0.3492156862745098 0.018016666666666667
24 0.5553799019607844 0.15707500000000002 0.6990073529411764 0.025808333333333332
23 0.3039950980392157 0.17738333333333334 0.188578431372549 0.015241666666666666
17 0.3800612745098039 0.1968916666666667 0.3140441176470588 0.017116666666666665
23 0.5441176470588235 0.18666666666666668 0.9060345818014706 0.186923828125 0.9099839154411765 0.247392578125 0.20653818167892157 0.2521614583333333 0.20598766850490197 0.20693684895833334 0.5438495710784313 0.20425455729166667
23 0.5557598039215687 0.27570833333333333 0.7022058823529411 0.044750000000000005
23 0.5621200980392157 0.3313083333333333 0.704203431372549 0.05783333333333334
23 0.5617524509803922 0.431575 0.7019485294117647 0.04314166666666667
23 0.560796568627451 0.4640833333333333 0.7043995098039215 0.0135
17 0.5596323529411765 0.5075 0.2320098039215686 0.04833333333333333
17 0.2816421568627451 0.5429916666666667 0.10495098039215686 0.015983333333333332
17 0.28379901960784315 0.7669166666666666 0.10682598039215686 0.018825
23 0.5633210784313726 0.38680833333333337 0.7050735294117647 0.045283333333333335
23 0.562046568627451 0.6366999999999999 0.6951838235294118 0.0484
23 0.5627083333333334 0.6928166666666666 0.6932107843137254 0.06103333333333333
23 0.5619485294117648 0.7469166666666667 0.6971691176470588 0.017825
23 0.5567892156862745 0.7315833333333334 0.687095588235294 0.016508333333333333
23 0.563468137254902 0.8452916666666667 0.7078186274509805 0.027258333333333332
23 0.34003523284313725 0.5323990885416666 0.9193857230392157 0.5321451822916666 0.9198213465073529 0.6139518229166666 0.2065142463235294 0.6110677083333333 0.20761527267156862 0.549638671875 0.3345779718137255 0.5505240885416667
23 0.3431372549019608 0.7591666666666667 0.9186006433823529 0.7568619791666666 0.9185336243872549 0.8318001302083333 0.20897958792892157 0.8307584635416667 0.21067899816176472 0.7773990885416666 0.34685680912990197 0.7787076822916666