28 0.5436235595390525 0.12494999999999999 0.07307298335467349 0.01665
15 0.49916773367477596 0.16490833333333332 0.4852368758002561 0.042475
15 0.44895006402048654 0.21028333333333335 0.37325224071702945 0.04305
15 0.4550704225352113 0.2585166666666667 0.401651728553137 0.04031666666666667
15 0.5266325224071703 0.3073416666666667 0.5355697823303457 0.04479166666666667
15 0.45818181818181813 0.3545166666666667 0.4009603072983354 0.04296666666666667
21 0.5370294494238157 0.4300916666666667 0.597900128040973 0.03480833333333334
19 0.3498975672215109 0.4566166666666667 0.1520742637644046 0.014208333333333333
19 0.6259411011523688 0.45729166666666665 0.16149807938540334 0.014058333333333334
19 0.6066581306017926 0.47073333333333334 0.12062740076824582 0.012400000000000001
19 0.6351728553137004 0.4824583333333334 0.17996158770806658 0.011791666666666667
19 0.6254801536491678 0.49537500000000007 0.16057618437900129 0.013583333333333334
19 0.3420486555697823 0.4704333333333333 0.14560819462227914 0.0118
19 0.3253137003841229 0.48403333333333337 0.11444302176696543 0.013441666666666666
19 0.34920614596670935 0.4965083333333333 0.15531370038412293 0.011333333333333332
17 0.5326504481434059 0.39614166666666667 0.3443790012804097 0.021008333333333334
25 0.5372599231754162 0.5594 0.6029833546734955 0.08453333333333334
25 0.5378361075544175 0.626 0.6018309859154929 0.0494
25 0.5386427656850192 0.6693416666666667 0.5965172855313701 0.038408333333333336
25 0.5363380281690141 0.7187 0.6011395646606914 0.06346666666666666
25 0.5358770806658131 0.7866666666666666 0.6002176696542894 0.073175