31 0.5849159120310479 0.13155 0.12751617076326002 0.015475000000000001
15 0.5864553686934023 0.16389166666666666 0.5895342820181112 0.034525
14 0.5839974126778784 0.21369166666666667 0.5876972833117723 0.06309166666666666
14 0.5867658473479949 0.2642833333333333 0.5784476067270375 0.03333333333333333
14 0.5839974126778784 0.32083333333333336 0.5692108667529108 0.07975833333333333
14 0.5858473479948254 0.39940833333333337 0.5729107373868046 0.07738333333333333
14 0.5839974126778784 0.49583333333333335 0.5692108667529108 0.11309166666666667
14 0.5886157826649417 0.591075 0.5710608020698577 0.07975833333333333
14 0.579379042690815 0.6636916666666667 0.5673609314359638 0.06071666666666667
14 0.5839974126778784 0.7113083333333333 0.5655109961190168 0.034525
14 0.5802975420439844 0.753575 0.5729107373868046 0.05238333333333333
14 0.5876972833117723 0.7994083333333333 0.5876972833117723 0.03928333333333334