35 0.5027750000000001 0.08003125 0.08295 0.0224375
31 0.858075 0.07903125 0.049425 0.022984375
14 0.495 0.231 0.8017749999999999 0.03728125
14 0.286025 0.11885937499999999 0.387475 0.020921875
14 0.494975 0.15342187499999999 0.799275 0.04690625
14 0.419925 0.187328125 0.6451 0.020921875
14 0.42805 0.205078125 0.663375 0.017109375
14 0.4955 0.26371875 0.798275 0.032968750000000005
14 0.4955 0.297953125 0.798275 0.0355
14 0.22112500000000002 0.323625 0.2475 0.020921875
14 0.496 0.34771874999999997 0.799275 0.036140624999999996
14 0.494475 0.38321875 0.79625 0.036140624999999996
14 0.493975 0.415546875 0.78915 0.034859375
14 0.44427500000000003 0.44090625 0.6897249999999999 0.020921875
14 0.36920000000000003 0.459609375 0.54165 0.019015625
14 0.496 0.490671875 0.7931999999999999 0.045640625000000004
14 0.490925 0.5344218749999999 0.7911750000000001 0.036765625
14 0.49245 0.5667500000000001 0.79015 0.031703125
14 0.366175 0.594328125 0.5457 0.020921875
14 0.49195 0.62665625 0.795225 0.047546875
14 0.491425 0.6672343749999999 0.7942 0.03359375
14 0.490925 0.70209375 0.7931999999999999 0.0310625
14 0.4818 0.7264999999999999 0.7810250000000001 0.01775
14 0.49245 0.889421875 0.8003 0.0355
14 0.49347499999999994 0.8532968750000001 0.792175 0.026625
14 0.490925 0.8222343750000001 0.7972499999999999 0.032968750000000005
14 0.36262500000000003 0.795921875 0.54265 0.017109375
14 0.489925 0.770875 0.7972499999999999 0.0393125
14 0.49042499999999994 0.743625 0.798275 0.01775