31 0.41548429319371727 0.12956666666666666 0.09679319371727749 0.019899999999999998
14 0.408586387434555 0.6308666666666667 0.6117539267015707 0.049183333333333336
14 0.40804973821989526 0.5391250000000001 0.6053664921465969 0.03375
14 0.41206806282722513 0.456025 0.6049607329842932 0.02861666666666667
14 0.38920157068062833 0.41586666666666666 0.5606675392670157 0.017833333333333333
14 0.408782722513089 0.4856166666666667 0.6083115183246073 0.033175
14 0.41174083769633507 0.6855666666666667 0.6069764397905759 0.029458333333333333
14 0.40770942408376964 0.24094166666666667 0.6004973821989529 0.027491666666666668
14 0.3231151832460733 0.5621166666666666 0.4382722513089005 0.015575
14 0.31134816753926703 0.19364166666666668 0.4038612565445026 0.02763333333333333
14 0.3470287958115183 0.16745 0.4712041884816754 0.016716666666666664
14 0.4099214659685864 0.515475 0.6017670157068062 0.016883333333333334
14 0.40828534031413616 0.27241666666666664 0.6056020942408377 0.030758333333333332
14 0.40836387434554977 0.4335833333333333 0.5968193717277487 0.015975000000000003
14 0.4118848167539267 0.3705833333333333 0.6036910994764398 0.032125
14 0.3757198952879581 0.8280916666666667 0.5395157068062827 0.016149999999999998
14 0.3760994764397905 0.81075 0.540261780104712 0.020425000000000002
14 0.40519633507853403 0.7848583333333333 0.6014528795811518 0.030408333333333336
14 0.40519633507853403 0.7608666666666667 0.6014528795811518 0.019475
14 0.4048298429319372 0.743525 0.5992146596858638 0.015199999999999998
14 0.4033376963350785 0.7276083333333333 0.5977225130890053 0.015674999999999998
14 0.40035340314136125 0.7107416666666666 0.5962303664921466 0.0171
14 0.40109947643979055 0.663 0.5992146596858638 0.015674999999999998
14 0.33654450261780106 0.5964833333333334 0.4656413612565445 0.014725000000000002
14 0.35557591623036655 0.5786666666666667 0.5156413612565445 0.016149999999999998
14 0.3839267015706806 0.39694166666666664 0.552958115183246 0.014725000000000002
14 0.4130366492146597 0.33874166666666666 0.6096596858638743 0.032308333333333335
14 0.4130366492146597 0.30715 0.6096596858638743 0.030883333333333336
14 0.32349476439790575 0.21711666666666668 0.4275916230366492 0.0171
14 0.313782722513089 0.20001666666666668 0.4126570680628272 0.016149999999999998
14 0.3380366492146597 0.14894166666666667 0.4537041884816754 0.018525
28 0.06920157068062827 0.23883333333333334 0.06615183246073299 0.029666666666666668
28 0.05655759162303665 0.3138666666666667 0.04896596858638743 0.04944166666666667
28 0.07428010471204188 0.405225 0.05065445026178011 0.05589166666666666
28 0.04912303664921466 0.49944166666666673 0.044751308900523555 0.042241666666666663
28 0.05993455497382199 0.5798916666666667 0.04221204188481675 0.037616666666666666
28 0.062460732984293194 0.644925 0.05065445026178011 0.04944166666666667
28 0.06280104712041884 0.7161083333333333 0.06481675392670158 0.030591666666666666
28 0.06366492146596858 0.21459166666666665 0.034908376963350786 0.020858333333333333
28 0.06302356020942408 0.193225 0.04638743455497382 0.022008333333333335
28 0.06379581151832461 0.17039166666666666 0.042814136125654455 0.023483333333333332
28 0.06162303664921466 0.14284999999999998 0.0512434554973822 0.025283333333333335
28 0.07298429319371727 0.11514166666666666 0.05710732984293194 0.024816666666666667
28 0.05319371727748691 0.5404 0.03950261780104712 0.03365
28 0.07349476439790575 0.7522916666666667 0.05200261780104712 0.029933333333333336
28 0.059450261780104714 0.7843083333333333 0.03924083769633508 0.025683333333333332
28 0.06481675392670158 0.83265 0.05506544502617801 0.052475