30 0.42452830188679247 0.09235833333333333 0.24707547169811322 0.018058333333333336
28 0.7637061994609163 0.08958333333333333 0.058396226415094336 0.018058333333333336
20 0.422277628032345 0.11735833333333334 0.7097978436657681 0.03194166666666667
18 0.4290161725067385 0.14860833333333334 0.7083018867924528 0.030558333333333333
18 0.4305121293800539 0.20139166666666666 0.7172776280323451 0.075
18 0.4305121293800539 0.2638916666666667 0.7142857142857143 0.05
18 0.43202156334231806 0.3111083333333333 0.7172776280323451 0.0463
18 0.431266846361186 0.3495333333333333 0.7157816711590297 0.030558333333333333
20 0.4305121293800539 0.3912 0.7112938005390835 0.045366666666666666
20 0.42752021563342324 0.4694416666666667 0.7172776280323451 0.10740833333333333
20 0.43351752021563345 0.536575 0.726266846361186 0.0287
20 0.4305121293800539 0.6055583333333333 0.7172776280323451 0.10925833333333335
20 0.43202156334231806 0.6824083333333333 0.7142857142857143 0.04259166666666667
33 0.4387601078167116 0.7680583333333333 0.5989757412398922 0.09536666666666667
34 0.42452830188679247 0.7310166666666666 0.20215633423180593 0.019441666666666666
25 0.4342587601078167 0.849075 0.7457277628032346 0.05