31 0.46334170854271356 0.075828125 0.15223618090452262 0.015625
27 0.8535427135678392 0.078125 0.05467336683417086 0.014703125000000001
21 0.4604020100502513 0.12225 0.7995979899497487 0.049625
21 0.45891959798994975 0.19209375 0.8084422110552764 0.086390625
21 0.4648241206030151 0.293203125 0.8025376884422111 0.11764062500000001
21 0.4677889447236181 0.40625 0.805502512562814 0.10478125
17 0.46185929648241203 0.50321875 0.08721105527638191 0.011953125
17 0.3798492462311558 0.54090625 0.6414321608040201 0.046875
21 0.4648241206030151 0.64659375 0.8084422110552764 0.094671875
21 0.46261306532663315 0.73621875 0.7981155778894472 0.08271875
21 0.46555276381909544 0.8207656249999999 0.8040201005025126 0.0845625
25 0.2926381909547739 0.8929218750000001 0.41678391959798994 0.02665625
20 0.12957286432160803 0.579328125 0.1501507537688442 0.021156249999999998
20 0.7689698492462311 0.57884375 0.20743718592964824 0.0201875