15 0.24726342710997445 0.84985 0.370690537084399 0.08966666666666666
15 0.6299744245524297 0.7925083333333334 0.3744884910485934 0.07721666666666667
15 0.24882352941176472 0.7697583333333333 0.3687851662404092 0.06576666666666667
15 0.6348849104859335 0.39393333333333336 0.37297953964194375 0.05608333333333333
15 0.6279923273657289 0.8506833333333333 0.3728900255754476 0.037599999999999995
15 0.6271355498721228 0.6610916666666666 0.3729923273657289 0.18380833333333332
15 0.6302813299232737 0.535125 0.3712787723785166 0.067425
30 0.7600255754475703 0.09854166666666667 0.11264705882352942 0.016008333333333333
15 0.6300255754475703 0.8821749999999999 0.37341432225063936 0.027733333333333336
15 0.6303324808184143 0.4621 0.37300511508951406 0.07543333333333332
13 0.6325447570332481 0.234575 0.37274936061381075 0.2552083333333333
13 0.2470076726342711 0.34349166666666664 0.375 0.47838333333333327
28 0.44189258312020463 0.09671666666666667 0.07620204603580563 0.011616666666666666
15 0.24400255754475703 0.6597416666666667 0.37274936061381075 0.15338333333333334