23 0.5279706877113867 0.6232916666666667 0.7953889515219842 0.03270833333333333
23 0.5602367531003383 0.6799083333333333 0.7368996617812852 0.031066666666666666
17 0.5272491544532131 0.7151666666666667 0.08696730552423901 0.019433333333333334
31 0.15338218714768886 0.10389166666666667 0.042491544532130776 0.026616666666666667
23 0.47108229988726047 0.48625833333333335 0.7003945885005637 0.01995833333333333
31 0.9030665163472379 0.10621666666666667 0.04347237880496054 0.024666666666666667
35 0.5282863585118376 0.10645833333333334 0.40766629086809475 0.027700000000000002
23 0.5214430665163472 0.5257000000000001 0.7994363021420519 0.019383333333333336
23 0.5263021420518602 0.42008333333333336 0.8097745208568208 0.07000833333333334
23 0.5293348365276211 0.7575 0.7979255918827508 0.06065833333333334
17 0.5340248027057497 0.5936333333333333 0.08142051860202931 0.0182
23 0.47634723788049604 0.46802499999999997 0.7055129650507328 0.0168
29 0.46004509582863584 0.8517083333333333 0.5979932356257046 0.03648333333333333
23 0.523314543404735 0.55435 0.8006313416009019 0.02503333333333333
17 0.5294813979706877 0.23872500000000002 0.7953100338218715 0.0747
23 0.5294813979706877 0.3302 0.7982412626832017 0.054133333333333325
23 0.5573055242390079 0.6571583333333334 0.7337993235625705 0.015158333333333334
23 0.3485907553551296 0.50505 0.4569785794813979 0.020566666666666667