19 0.5170689655172414 0.44034999999999996 0.8074668435013264 0.15566666666666668
19 0.5243501326259947 0.650975 0.8104244031830238 0.09293333333333333
21 0.5161140583554377 0.27449166666666663 0.8086737400530504 0.12354166666666666
19 0.521896551724138 0.56275 0.816631299734748 0.088825
21 0.5136472148541115 0.18003333333333332 0.8105305039787798 0.07163333333333333
25 0.5161803713527852 0.8806083333333333 0.8002254641909814 0.12955
19 0.5203580901856765 0.725075 0.8087798408488064 0.05513333333333333
31 0.5205702917771883 0.06155 0.1783023872679045 0.02480833333333333
21 0.5212466843501325 0.7749666666666667 0.8071485411140584 0.0369
27 0.13673740053050398 0.06135 0.041100795755968166 0.024108333333333332
13 0.5173872679045093 0.12134166666666668 0.813527851458886 0.03988333333333333
21 0.5159151193633952 0.34833333333333333 0.8196286472148541 0.02666666666666667