27 0.28024193548387094 0.14115 0.04231182795698925 0.018616666666666667
31 0.5653494623655914 0.14259166666666667 0.08505376344086021 0.017383333333333334
10 0.5668145161290322 0.17095833333333335 0.6154569892473118 0.03299166666666667
10 0.5638306451612903 0.20705 0.6161290322580645 0.033183333333333336
10 0.563508064516129 0.239125 0.6220967741935484 0.031516666666666665
10 0.5618413978494623 0.2732583333333334 0.6121505376344086 0.033966666666666666
10 0.5608467741935483 0.31561666666666666 0.6167876344086022 0.04463333333333334
10 0.5641666666666667 0.37277499999999997 0.6234274193548387 0.060224999999999994
10 0.5636693548387097 0.444325 0.6191129032258065 0.079925
10 0.5588575268817204 0.5824916666666666 0.6128091397849462 0.05390833333333333
10 0.5601881720430107 0.6370833333333333 0.6154704301075269 0.049975
10 0.5601881720430107 0.7523333333333333 0.6287365591397849 0.05628333333333334
13 0.5580510752688173 0.695175 0.09700268817204301 0.024233333333333332
13 0.5570564516129032 0.5242 0.22106182795698925 0.033999999999999996
24 0.21190860215053764 0.176 0.038346774193548386 0.03278333333333334
24 0.21838709677419355 0.25403333333333333 0.04133064516129032 0.034591666666666666
24 0.2162231182795699 0.3093416666666666 0.040336021505376345 0.025925
24 0.2248521505376344 0.37051666666666666 0.05758064516129033 0.026916666666666665
24 0.2235215053763441 0.43662500000000004 0.04165322580645161 0.02955
24 0.2256720430107527 0.577825 0.04264784946236559 0.034291666666666665
24 0.20826612903225805 0.641975 0.0376747311827957 0.030966666666666663
24 0.21125 0.7636000000000001 0.050282258064516125 0.029458333333333333