25 0.27523976608187134 0.151025 0.07032748538011696 0.047
28 0.34723976608187135 0.10539166666666666 0.04543859649122807 0.022925
32 0.6190994152046784 0.09936666666666666 0.39653801169590647 0.029708333333333333
21 0.637485380116959 0.209475 0.6060233918128655 0.19260833333333333
21 0.6376374269005848 0.3254 0.6020818713450292 0.03828333333333333
21 0.6384327485380117 0.43235833333333334 0.6036608187134503 0.058550000000000005
21 0.6376374269005848 0.4880916666666667 0.6020818713450292 0.05291666666666667
21 0.6392163742690058 0.6637416666666667 0.5925964912280702 0.055174999999999995
35 0.6226198830409357 0.374375 0.5372865497076024 0.055174999999999995
35 0.6392163742690058 0.5764833333333333 0.586280701754386 0.11710000000000001
35 0.655017543859649 0.7267916666666666 0.5736374269005847 0.06643333333333333