17 0.5778916372202592 0.19910833333333333 0.4351118963486455 0.02723333333333333
21 0.3493286219081272 0.24880833333333333 0.250188457008245 0.034041666666666665
21 0.4169257950530036 0.49699166666666666 0.38540636042402826 0.03781666666666667
21 0.5964428739693757 0.28646666666666665 0.1973733804475854 0.027875000000000004
34 0.6027444051825678 0.376 0.6732744405182568 0.15508333333333332
19 0.4923910482921084 0.5394333333333333 0.4316372202591284 0.024550000000000002
19 0.453133097762073 0.5630499999999999 0.3635924617196702 0.021783333333333335
19 0.4524852767962309 0.588675 0.36489988221436986 0.024875
19 0.5316489988221437 0.6141416666666667 0.5206124852767963 0.025808333333333332
19 0.448339222614841 0.638525 0.3435217903415783 0.022725
19 0.4217314487632509 0.6615166666666668 0.3007773851590106 0.022425
19 0.43220259128386335 0.6842083333333333 0.32171967020023556 0.021500000000000002
19 0.4369964664310954 0.7106 0.33130742049469963 0.024291666666666666
19 0.4884687868080094 0.7359166666666667 0.43425206124852767 0.026766666666666664