6 0.5994827586206897 0.28574166666666667 0.36192118226600983 0.10395833333333333
9 0.5956527093596059 0.32813333333333333 0.06199507389162562 0.018308333333333333
31 0.4461699507389163 0.097925 0.12257389162561577 0.017158333333333334
27 0.7741379310344828 0.09520833333333334 0.026711822660098524 0.02085
13 0.45318965517241383 0.14813333333333334 0.6711699507389163 0.059033333333333333
21 0.42291871921182267 0.18900833333333333 0.6163793103448276 0.017183333333333335
21 0.45447044334975367 0.2734916666666667 0.6737315270935961 0.14841666666666667
21 0.44310344827586207 0.3567666666666667 0.6375246305418719 0.020916666666666667
19 0.4647290640394089 0.3775833333333333 0.6404064039408867 0.020925
19 0.45656403940886703 0.40708333333333335 0.6593103448275862 0.040883333333333334
19 0.45656403940886703 0.44872500000000004 0.6605911330049261 0.040891666666666666
19 0.4523891625615763 0.49904166666666666 0.6637931034482759 0.060858333333333334
21 0.4523891625615763 0.5510666666666666 0.6676477832512315 0.045225
21 0.4501477832512315 0.6039916666666666 0.6708497536945813 0.06259166666666667
21 0.45062807881773403 0.676425 0.6660467980295567 0.08516666666666667
21 0.4519088669950739 0.7395333333333334 0.6647536945812808 0.039641666666666665
21 0.3255049261083744 0.77055 0.3984975369458128 0.0236
10 0.45369458128078816 0.8059000000000001 0.19338669950738915 0.047466666666666664
10 0.45657635467980295 0.8721583333333333 0.2068472906403941 0.03295
21 0.2697536945812808 0.8423333333333333 0.29467980295566504 0.02405