31 0.24314404432132966 0.14419166666666666 0.052645429362880886 0.027483333333333332
35 0.5601108033240997 0.144475 0.31364265927977836 0.022350000000000002
24 0.5622991689750693 0.18943333333333331 0.7036149584487534 0.04190833333333333
23 0.38329639889196676 0.22199999999999998 0.33645429362880885 0.019933333333333334
23 0.5632686980609418 0.2541583333333333 0.6964127423822715 0.04558333333333334
23 0.5613711911357341 0.299775 0.6955263157894737 0.040108333333333336
23 0.5641551246537396 0.3947583333333333 0.7040027700831025 0.15095833333333333
23 0.5599168975069252 0.49218333333333336 0.6984487534626038 0.039891666666666666
23 0.5593213296398891 0.5356833333333334 0.6972853185595568 0.04426666666666666
23 0.5623961218836565 0.5888916666666666 0.7004986149584488 0.06803333333333333
23 0.5656094182825485 0.6423249999999999 0.7010803324099724 0.041291666666666664
23 0.5619529085872577 0.7200916666666667 0.6967036011080332 0.110675
23 0.5648753462603878 0.8064833333333333 0.7025484764542936 0.06720833333333334