31 0.34390604026845634 0.1454 0.04849664429530202 0.030925
35 0.6038791946308725 0.14663333333333334 0.27016107382550336 0.0334
14 0.5998926174496645 0.21284999999999998 0.5604697986577182 0.07508333333333334
14 0.5996510067114094 0.295425 0.5629530201342282 0.09394166666666667
14 0.5183758389261744 0.36641666666666667 0.39146308724832213 0.04704166666666667
14 0.5188724832214765 0.4148833333333333 0.3924563758389262 0.04766666666666667
14 0.5278255033557048 0.46288333333333337 0.4043892617449664 0.045525
14 0.580765100671141 0.510425 0.4953557046979866 0.048
14 0.5949261744966443 0.5661416666666667 0.5803489932885906 0.065
14 0.5390067114093959 0.6229333333333333 0.42974496644295307 0.04525833333333334
14 0.5119194630872483 0.6738666666666666 0.35468456375838925 0.050825
7 0.589973154362416 0.7211000000000001 0.0454765100671141 0.026758333333333332