27 0.4397828863346105 0.14525000000000002 0.11518518518518518 0.025058333333333335
15 0.4397701149425287 0.19124166666666667 0.6203192848020433 0.050383333333333336
15 0.44024265644955296 0.24510833333333332 0.6155938697318007 0.04885833333333334
15 0.43361430395913153 0.3068416666666666 0.619374201787995 0.06863333333333334
15 0.4355044699872286 0.38185833333333336 0.6118135376756066 0.0705
15 0.4374074074074074 0.44205000000000005 0.621264367816092 0.046441666666666666
15 0.40003831417624525 0.4837166666666667 0.5522222222222222 0.03349166666666666
15 0.4357471264367816 0.5232333333333333 0.6207918263090677 0.04214166666666667
15 0.4321966794380588 0.5721583333333333 0.6165389527458492 0.05295833333333333
15 0.36527458492975734 0.6116666666666667 0.4685057471264367 0.024575
7 0.4338697318007663 0.643 0.11754789272030652 0.022416666666666665
17 0.43789272030651344 0.6897666666666666 0.1738314176245211 0.036325
15 0.43125159642401023 0.7862333333333333 0.6203192848020433 0.08295833333333333