15 0.5762248995983936 0.3410583333333333 0.6512315930388219 0.03531666666666667
27 0.5862248995983936 0.12806666666666666 0.07985274431057564 0.027625
15 0.5755421686746988 0.4558833333333333 0.65904953145917 0.037425
15 0.5798661311914324 0.4195666666666667 0.6564524765729585 0.03555
15 0.5808835341365463 0.7040833333333333 0.652235609103079 0.049600000000000005
15 0.5805220883534137 0.5777833333333333 0.6602543507362785 0.050325
15 0.5760910307898259 0.492075 0.6430522088353414 0.035500000000000004
17 0.5702945113788487 0.20594166666666666 0.14546184738955822 0.033383333333333334
15 0.5779116465863454 0.5330333333333334 0.6626372155287819 0.03545
15 0.5806827309236947 0.37606666666666666 0.658995983935743 0.036316666666666664
15 0.5783534136546185 0.6597500000000001 0.6643373493975904 0.035875
15 0.5760910307898259 0.3050333333333333 0.6573761713520749 0.034958333333333334
15 0.5795716198125836 0.6189 0.6644979919678715 0.034666666666666665
7 0.570281124497992 0.7716666666666666 0.06961178045515395 0.03333333333333333
15 0.5769745649263721 0.27416666666666667 0.6506024096385542 0.028333333333333332