27 0.09475056689342402 0.11071666666666667 0.053446712018140594 0.01905
27 0.852766439909297 0.10655 0.034013605442176874 0.022616666666666667
31 0.4632312925170068 0.11011666666666665 0.35309523809523813 0.025
20 0.4656575963718821 0.18630833333333333 0.8147052154195011 0.09880833333333333
19 0.20083900226757367 0.24345 0.2915419501133787 0.017858333333333334
21 0.7604421768707483 0.2755916666666666 0.1473922902494331 0.025
18 0.2429591836734694 0.315475 0.35633786848072563 0.061908333333333336
13 0.481859410430839 0.3732166666666667 0.04373015873015873 0.020241666666666665
18 0.18950113378684805 0.39405 0.25267573696145124 0.03333333333333333
9 0.6632653061224489 0.42083333333333334 0.3417573696145125 0.017858333333333334
19 0.1765419501133787 0.43452499999999994 0.21055555555555555 0.01905
19 0.4697165532879819 0.5089250000000001 0.7936507936507936 0.12261666666666665
19 0.20812925170068025 0.5797583333333334 0.2737301587301587 0.01905
21 0.7061904761904763 0.6107166666666667 0.2429591836734694 0.01905
18 0.31988662131519274 0.6541666666666667 0.5037301587301588 0.06547499999999999
30 0.11418367346938775 0.8791666666666667 0.07289115646258504 0.015475000000000001