28 0.7904206730769231 0.09123333333333333 0.038509615384615385 0.024683333333333335
30 0.48344951923076923 0.09019166666666667 0.14533653846153846 0.024916666666666667
13 0.4780889423076923 0.12685 0.6418269230769231 0.040391666666666666
22 0.4749158653846154 0.18455833333333332 0.6321514423076924 0.06556666666666668
22 0.3559735576923077 0.3449 0.3815865384615385 0.043833333333333335
22 0.3551442307692308 0.38675833333333337 0.38325721153846154 0.03965
22 0.35581730769230774 0.42284166666666667 0.38993990384615385 0.037774999999999996
22 0.3744951923076923 0.4649333333333333 0.4219591346153846 0.047933333333333335
22 0.4820913461538462 0.5153583333333333 0.6364903846153845 0.056225
22 0.35948317307692307 0.566475 0.3879326923076923 0.04278333333333333
22 0.48058894230769234 0.61655 0.6368269230769231 0.05732500000000001
22 0.3608173076923077 0.6704416666666666 0.40394230769230766 0.049433333333333336
22 0.4071875 0.7138083333333334 0.4980288461538462 0.03668333333333334
22 0.37399038461538464 0.7549750000000001 0.43631009615384614 0.044991666666666666
22 0.3789903846153846 0.7988083333333333 0.4369831730769231 0.042416666666666665
22 0.3551442307692308 0.8422916666666667 0.3859254807692307 0.04609166666666667
16 0.4847716346153846 0.27708333333333335 0.5128245192307692 0.07639166666666666