35 0.4614068441064639 0.102075 0.12026615969581748 0.021291666666666667
31 0.7921166032953105 0.09974166666666666 0.04070975918884664 0.018841666666666666
23 0.46544993662864387 0.14121666666666668 0.7102915082382762 0.046174999999999994
14 0.46443599493029153 0.20103333333333334 0.7014955640050697 0.07238333333333333
14 0.4632446134347275 0.27855 0.7092775665399239 0.036533333333333334
17 0.4629277566539924 0.24941666666666668 0.17406844106463878 0.020091666666666667
17 0.45988593155893537 0.3173583333333333 0.2830038022813688 0.024725
14 0.4605449936628644 0.36083333333333334 0.7038656527249684 0.06050833333333333
23 0.45935361216730036 0.4637916666666666 0.6981115335868187 0.14629166666666668
14 0.35888466413181247 0.5536583333333334 0.46334600760456274 0.023475000000000003
23 0.4615589353612167 0.65205 0.7126615969581749 0.16464166666666666
23 0.4444740177439797 0.8237416666666667 0.587148288973384 0.029741666666666666
17 0.4461850443599493 0.7945 0.31311787072243347 0.022416666666666665
14 0.44768060836501905 0.8659916666666667 0.6916856780735108 0.051958333333333336