6 0.5445992115637319 0.44185833333333335 0.6377266754270696 0.3176916666666667
9 0.5455847568988174 0.589125 0.28294349540078845 0.019866666666666668
31 0.15984231274638633 0.09143333333333334 0.040105124835742446 0.019975
35 0.5473718791064389 0.09164166666666666 0.22490144546649146 0.024499999999999997
24 0.5421550591327201 0.13924166666666668 0.8112352168199738 0.04770833333333333
20 0.543784494086728 0.18077500000000002 0.8079894875164257 0.032058333333333335
20 0.5439421813403417 0.215425 0.8050722733245729 0.033475000000000005
20 0.5484888304862023 0.24513333333333334 0.8141524310118267 0.025025000000000002
21 0.5447568988173456 0.6358416666666666 0.8034559789750327 0.03925833333333333
17 0.30901445466491456 0.67115 0.28655716162943495 0.017325
23 0.45243812464429134 0.6637222414302767 0.9516681116201323 0.6617242432590373 0.9516680126593314 0.7102365205659288 0.14227820844585856 0.7143477321020749 0.14357538662799485 0.6806358414181534 0.4561762290882969 0.681458039812906
23 0.5444283837056505 0.760275 0.8092904073587385 0.090675
23 0.5471879106438896 0.8250583333333333 0.8115637319316689 0.035124999999999997
23 0.5272404730617609 0.853025 0.7684231274638633 0.01701666666666667
23 0.5489750328515112 0.8859166666666666 0.8054007884362681 0.04989166666666667