20 0.5642485207100592 0.674875 0.8419289940828402 0.049433333333333336
20 0.5648875739644971 0.8061416666666666 0.840284023668639 0.08219166666666666
20 0.5512426035502959 0.2719 0.8327692307692308 0.060274999999999995
20 0.5606272189349113 0.3516416666666667 0.8362721893491124 0.04268333333333333
20 0.5622248520710059 0.5370083333333333 0.8387573964497042 0.054475
20 0.5554674556213017 0.2151 0.8283313609467456 0.054575
20 0.5636213017751479 0.6209416666666666 0.8417396449704142 0.05536666666666667
16 0.5513491124260355 0.4970333333333334 0.07757396449704142 0.020916666666666667
16 0.5539408284023668 0.3212583333333333 0.08234319526627219 0.020841666666666668
16 0.553207100591716 0.17640833333333333 0.07841420118343195 0.020683333333333335
16 0.5548994082840236 0.4302666666666667 0.08054437869822485 0.02235833333333333
16 0.5544378698224852 0.576625 0.08158579881656805 0.023583333333333335
16 0.5525443786982248 0.75535 0.09043786982248521 0.020375
20 0.5603786982248521 0.45675000000000004 0.8095029585798816 0.03158333333333333
28 0.15844970414201182 0.095625 0.03246153846153846 0.022758333333333332
28 0.9450650887573965 0.09641666666666666 0.04982248520710059 0.022541666666666668
30 0.5508994082840236 0.09469166666666666 0.4142721893491124 0.0214
20 0.554923076923077 0.14174166666666668 0.8169467455621302 0.039575
29 0.9248994082840236 0.8591416666666667 0.06770414201183432 0.0184
20 0.5502958579881657 0.395 0.821301775147929 0.043333333333333335
20 0.5502958579881657 0.7141666666666666 0.8165680473372781 0.03166666666666667