27 0.43300970873786404 0.10653333333333334 0.13092926490984744 0.021391666666666666
13 0.42947295423023574 0.14906666666666665 0.42898751733703194 0.023125
19 0.43486823855755896 0.21795 0.7171567267683773 0.037575000000000004
19 0.43762829403606096 0.26395833333333335 0.7114147018030512 0.050425
19 0.43524271844660195 0.316675 0.707877947295423 0.053316666666666665
19 0.43604715672676836 0.4681 0.7250762829403605 0.036199999999999996
19 0.4372676837725381 0.5072249999999999 0.7343411927877947 0.04388333333333333
19 0.22356449375866852 0.532525 0.30460471567267683 0.013275
19 0.4318862690707351 0.6683666666666667 0.7112205270457698 0.03506666666666666
19 0.43117891816920945 0.7127833333333333 0.7132177531206658 0.05110833333333333
19 0.21403606102635228 0.7455750000000001 0.28482662968099864 0.012183333333333332
19 0.43109570041608875 0.771875 0.7217198335644938 0.03125833333333333
19 0.4325520110957004 0.8082916666666667 0.7188210818307905 0.03340833333333334
13 0.42760055478502085 0.6088416666666667 0.4196948682385576 0.019341666666666667
13 0.43166435506241335 0.4034333333333333 0.35570041608876557 0.020191666666666667