27 0.1663689776733255 0.10579999999999999 0.046016451233842535 0.028274999999999998
27 0.9394829612220916 0.10696666666666668 0.06933019976498238 0.020608333333333333
31 0.550117508813161 0.107575 0.4327849588719154 0.028483333333333333
17 0.5449118683901293 0.21733333333333335 0.8360047003525265 0.101325
21 0.5588601645123384 0.32953333333333334 0.8174148061104582 0.049808333333333336
21 0.5528672150411281 0.41675 0.8106580493537016 0.07054166666666667
21 0.27282021151586366 0.4653333333333333 0.26099882491186843 0.015841666666666667
21 0.5511045828437133 0.48258333333333336 0.6708695652173913 0.012608333333333334
21 0.5141245593419507 0.506125 0.7474383078730905 0.019225
21 0.5644535840188014 0.5231083333333334 0.6990129259694478 0.01675
21 0.5551938895417157 0.5512583333333333 0.8219741480611046 0.028975000000000004
17 0.5562279670975323 0.598475 0.1410458284371328 0.017316666666666668
21 0.5552173913043479 0.6601583333333334 0.8231844888366627 0.09808333333333334
21 0.5551938895417157 0.7361666666666666 0.8205287896592244 0.05010833333333334
19 0.6111868390129259 0.7722833333333333 0.7105522914218566 0.018641666666666667
19 0.5999177438307873 0.8183166666666667 0.7560282021151586 0.055966666666666665
13 0.23141010575793186 0.782775 0.02934195064629847 0.0174
25 0.4370152761457109 0.87335 0.5282373678025851 0.014416666666666668