21 0.422026875699888 0.5754750000000001 0.644535274356103 0.17611666666666667
21 0.42445688689809635 0.7370083333333333 0.6478051511758118 0.14250833333333332
21 0.42284434490481526 0.3845166666666667 0.6499888017917134 0.10980833333333334
31 0.42192609182530794 0.14855833333333335 0.2931243001119821 0.019383333333333336
17 0.42052631578947364 0.4670916666666667 0.48034714445688687 0.0204
21 0.41530795072788357 0.8316916666666666 0.6481187010078387 0.013766666666666667
13 0.4203471444568869 0.284475 0.6537513997760358 0.08558333333333333
27 0.7326875699888018 0.149275 0.025498320268756997 0.022175
10 0.4183202687569989 0.22020833333333334 0.12105263157894736 0.038033333333333336
21 0.41899216125419936 0.182175 0.6416013437849944 0.04204166666666667
30 0.6523628219484882 0.8473083333333333 0.026898096304591265 0.013008333333333334
30 0.1681298992161254 0.8503166666666666 0.026898096304591265 0.021016666666666666
10 1 0.17394166666666666 0 0.0006583333333333334