30 0.19768133174791913 0.090675 0.10360285374554101 0.017175
28 0.16551724137931034 0.8807166666666666 0.04461355529131986 0.020566666666666667
19 0.6198216409036861 0.823125 0.21130796670630203 0.08309166666666666
19 0.26764565992865635 0.8235333333333333 0.26296076099881094 0.08555833333333333
19 0.26354340071343635 0.71 0.24769322235434008 0.08391666666666667
19 0.6174791914387633 0.709175 0.21600475624256837 0.082275
19 0.6297978596908442 0.6018166666666667 0.24769322235434008 0.08145
19 0.27058263971462543 0.59935 0.24769322235434008 0.07815833333333334
19 0.6380142687277052 0.48334166666666667 0.25942925089179547 0.07815833333333334
19 0.24593341260404283 0.47923333333333334 0.20777645659928656 0.07650833333333333
19 0.6151248513674198 0.3718666666666667 0.19017835909631392 0.07404166666666666
19 0.26764565992865635 0.37310000000000004 0.24417360285374554 0.071575
19 0.28349583828775266 0.2603916666666667 0.27351961950059456 0.07650833333333333
19 0.6333174791914388 0.259975 0.23595719381688465 0.07569166666666667
19 0.6010463733650416 0.14438333333333334 0.1831272294887039 0.07486666666666666
19 0.26296076099881094 0.1468583333333333 0.23478002378121282 0.07815833333333334