31 0.15577889447236182 0.07578125 0.06532663316582915 0.0234375
35 0.5339195979899497 0.07578125 0.23869346733668342 0.0265625
17 0.535175879396985 0.10703125 0.07035175879396985 0.0265625
17 0.5301507537688442 0.1546875 0.7437185929648241 0.0375
23 0.5339195979899497 0.3390625 0.8065326633165829 0.134375
23 0.5314070351758794 0.47421875 0.8015075376884422 0.1390625
23 0.535175879396985 0.58671875 0.8040201005025126 0.0859375
23 0.5364321608040201 0.6703125 0.8015075376884422 0.08125
23 0.5402010050251256 0.78828125 0.8090452261306532 0.1578125
23 0.5301507537688442 0.890625 0.7939698492462312 0.04375
17 0.5372361809045226 0.19590625 0.590502512562814 0.037984375
22 0.25386934673366834 0.24146874999999998 0.247964824120603 0.025718750000000002
22 0.7931155778894473 0.23978125 0.2982663316582914 0.02715625