25 0.5091560102301791 0.841 0.8348337595907929 0.19084375
21 0.5157544757033248 0.63734375 0.8261636828644501 0.10193749999999999
17 0.4517391304347826 0.32540625 0.7030179028132992 0.051734375
20 0.7752941176470588 0.380078125 0.31516624040920715 0.058140625
21 0.5181074168797954 0.70759375 0.8211764705882353 0.038906249999999996
21 0.5168030690537084 0.43746875 0.8307672634271099 0.040999999999999995
21 0.5158823529411765 0.48600000000000004 0.8317902813299233 0.057625
21 0.5131713554987213 0.11871875000000001 0.819079283887468 0.03940625
21 0.5184398976982098 0.549703125 0.8342455242966752 0.071546875
28 0.1250383631713555 0.060843749999999995 0.05017902813299233 0.02459375
21 0.5156777493606138 0.156734375 0.8150639386189258 0.04159375
20 0.658081841432225 0.21153125 0.5528132992327366 0.045671875
17 0.519386189258312 0.2764375 0.09048593350383632 0.02403125
20 0.19575447570332483 0.3671875 0.19084398976982098 0.034859375