13 0.5485498108448928 0.5710416666666667 0.3589407313997478 0.029908333333333335
10 0.5716015132408575 0.7366166666666667 0.6168348045397225 0.0471
10 0.5487767969735183 0.35484166666666667 0.5864817150063052 0.04414166666666666
10 0.5481967213114755 0.3904 0.582875157629256 0.024883333333333334
10 0.5552963430012611 0.4322666666666667 0.5853593947036569 0.04734166666666667
10 0.550655737704918 0.1836583333333333 0.5864438839848676 0.045658333333333335
10 0.5493064312736444 0.4781583333333333 0.5929760403530896 0.0458
10 0.5469104665825977 0.2219 0.5742875157629256 0.024416666666666666
10 0.5488146279949558 0.31365 0.5738209331651954 0.04185833333333333
27 0.5418158890290038 0.13340833333333332 0.09881462799495587 0.026008333333333335
10 0.5647414880201765 0.6923333333333332 0.6042875157629256 0.02555
10 0.5519924337957125 0.5232083333333334 0.5781967213114754 0.027266666666666665
10 0.5529255989911728 0.7830083333333333 0.5811223203026481 0.040775
10 0.5529129886506935 0.6659083333333333 0.5940353089533418 0.0247
10 0.5561664564943254 0.6381 0.5973013871374527 0.028775000000000002
10 0.5464564943253467 0.24880833333333333 0.5811223203026481 0.024533333333333334
10 0.5464564943253467 0.27608333333333335 0.5843505674653215 0.027875000000000004
13 0.5498234552332912 0.6021 0.31406052963430015 0.022099999999999998