28 0.15623441396508728 0.052390625 0.04840399002493766 0.016546875
32 0.533216957605985 0.051937500000000004 0.18336658354114713 0.021140625
21 0.5368827930174563 0.092375 0.8009476309226933 0.041359375
21 0.533216957605985 0.12592187500000002 0.7994763092269326 0.029406250000000002
21 0.5442394014962594 0.164515625 0.8185536159600998 0.044125
21 0.25817955112219454 0.19623437500000002 0.22296758104738154 0.011953125
21 0.5434912718204489 0.215078125 0.7818703241895261 0.018375
21 0.5368827930174563 0.24540625 0.7980049875311721 0.04228125
21 0.533216957605985 0.294578125 0.7936159600997507 0.054234375
21 0.533216957605985 0.340078125 0.8082793017456359 0.027578125
21 0.5324937655860349 0.37684375000000003 0.7980049875311721 0.044125
21 0.5339650872817955 0.438875 0.8097506234413965 0.07628125
17 0.5302992518703242 0.5257343750000001 0.05426433915211971 0.025734374999999997
17 0.5354364089775562 0.6043125 0.8038653366583541 0.074453125
21 0.5302992518703242 0.762875 0.8053366583541147 0.150734375
25 0.31758104738154613 0.8658125 0.3505985037406484 0.025734374999999997
20 0.16695760598503742 0.66465625 0.09531172069825436 0.0235625
20 0.8146134663341646 0.670546875 0.2396508728179551 0.0233125