31 0.4814477211796247 0.12626666666666667 0.43164879356568364 0.025983333333333334
27 0.8091018766756033 0.12703333333333333 0.0503485254691689 0.021966666666666666
19 0.47820375335120646 0.16269166666666665 0.7022117962466489 0.039575
19 0.3439276139410188 0.19571666666666668 0.4426005361930295 0.02415
19 0.47646112600536195 0.25375 0.707680965147453 0.088375
19 0.3111662198391421 0.3108583333333333 0.37111260053619305 0.024800000000000003
19 0.47646112600536195 0.3475916666666667 0.70171581769437 0.0353
19 0.47522788203753347 0.3753666666666667 0.7022117962466489 0.0242
19 0.30172922252010725 0.3938916666666667 0.3463002680965147 0.013091666666666668
19 0.2977613941018767 0.41086666666666666 0.3443163538873995 0.017416666666666667
19 0.4551206434316354 0.4312416666666667 0.6471179624664879 0.021125
19 0.47820375335120646 0.47168333333333334 0.7022117962466489 0.035333333333333335
19 0.3588203753351207 0.6751 0.4366353887399464 0.023658333333333333
19 0.47695710455764073 0.5119666666666667 0.7027077747989277 0.017750000000000002
19 0.476970509383378 0.553175 0.6967560321715818 0.06129166666666666
19 0.47969168900804293 0.6167666666666667 0.6992359249329758 0.06624166666666666
19 0.4198793565683646 0.7089 0.5766219839142092 0.022741666666666667
19 0.4784584450402145 0.7407 0.6997319034852547 0.0456
19 0.4819302949061662 0.7799 0.706675603217158 0.03510833333333334
19 0.4814343163538874 0.812775 0.7056836461126006 0.03234166666666667
19 0.41714477211796247 0.8365416666666667 0.574142091152815 0.016916666666666667
19 0.47945040214477214 0.8612416666666667 0.70171581769437 0.032975