22 0.2762286465177398 0.4141333333333333 0.34599211563731935 0.09155
22 0.2907095926412615 0.5901916666666667 0.35700394218134035 0.025791666666666668
22 0.6714717477003942 0.5621333333333333 0.3655059132720105 0.10419166666666667
22 0.28767411300919843 0.83835 0.3573981603153745 0.06764166666666667
22 0.28249671484888306 0.523625 0.36817345597897505 0.06180833333333333
22 0.27655716162943494 0.170425 0.3617214191852825 0.04885
22 0.6702102496714849 0.46964166666666673 0.34233902759526935 0.029008333333333334
13 0.2843758212877792 0.106825 0.37390275952693824 0.026833333333333334
22 0.6724835742444152 0.7243833333333334 0.3612089356110381 0.0373
30 0.4729303547963206 0.07625833333333333 0.22250985545335086 0.024758333333333334
22 0.279934296977661 0.47455 0.33671484888304865 0.027200000000000002
22 0.28291721419185284 0.24385833333333332 0.34699080157687257 0.09500833333333333
22 0.6690538764783179 0.26309166666666667 0.3664783180026281 0.26189166666666663
22 0.2905781865965834 0.6659 0.34810775295663604 0.026158333333333336
16 0.6787910643889619 0.4286166666666667 0.12307490144546648 0.01805
22 0.6710512483574245 0.8225 0.3675295663600526 0.037766666666666664
28 0.8373324572930355 0.07680833333333334 0.016254927726675427 0.017775
22 0.6719973718791065 0.7845 0.365742444152431 0.040575
16 0.6702890932982917 0.12224999999999998 0.10780551905387649 0.018600000000000002
22 0.27961892247043363 0.3556333333333333 0.3373850197109067 0.026633333333333335
22 0.6730223390275952 0.6359 0.36220762155059133 0.035583333333333335
16 0.6678580814717477 0.4467166666666666 0.18441524310118265 0.01701666666666667
22 0.6736268068331143 0.49872500000000003 0.35998685939553215 0.025124999999999998
22 0.28724047306176087 0.5649583333333333 0.35875164257555847 0.025925
22 0.292365308804205 0.6137166666666667 0.3561892247043364 0.025916666666666668
22 0.292365308804205 0.639725 0.3561892247043364 0.027725000000000003
22 0.6704204993429698 0.6681833333333334 0.3561366622864652 0.025941666666666665
22 0.292365308804205 0.69135 0.3459395532194481 0.021875
22 0.6729829172141918 0.693375 0.36126149802890933 0.025941666666666665
22 0.2936530880420499 0.7153166666666667 0.3459395532194481 0.024308333333333335
22 0.2949408672798949 0.7632666666666666 0.3459395532194481 0.022666666666666665
22 0.2936530880420499 0.7376666666666667 0.3459395532194481 0.025116666666666666
22 0.2917345597897503 0.7888666666666666 0.35490144546649144 0.026725
22 0.6723390275952693 0.8546916666666667 0.36767411300919844 0.025083333333333336
22 0.2840473061760841 0.33171666666666666 0.33952693823915897 0.022708333333333334
22 0.28788436268068335 0.3053 0.34208935611038105 0.02515
22 0.277634691195795 0.13422499999999998 0.3651642575558475 0.025983333333333334
22 0.6717082785808147 0.7543416666666667 0.3663863337713535 0.024325