28 0.1274009900990099 0.05653125 0.033490099009900985 0.021140625
30 0.496509900990099 0.058359375000000005 0.18054455445544554 0.021140625
20 0.5008663366336633 0.118109375 0.795 0.0376875
20 0.5052475247524753 0.171421875 0.780420792079208 0.03584375
20 0.35235148514851483 0.202671875 0.44554455445544555 0.019296874999999998
20 0.5023267326732673 0.250453125 0.7862623762376237 0.063421875
20 0.4972277227722772 0.3060625 0.7818811881188119 0.03309375
20 0.5030693069306931 0.378671875 0.7877227722772278 0.099265625
20 0.5030693069306931 0.46048437499999995 0.7818811881188119 0.049625
20 0.49797029702970297 0.508265625 0.7891584158415842 0.03125
20 0.5023267326732673 0.555140625 0.7833415841584159 0.049625
20 0.49797029702970297 0.61121875 0.7746039603960396 0.049625
20 0.5052475247524753 0.6668125 0.7862623762376237 0.04871875
19 0.5096039603960396 0.7123125 0.7716831683168317 0.018375
25 0.5016336633663366 0.784140625 0.7892821782178218 0.084609375
25 0.5067326732673267 0.859140625 0.7961138613861386 0.06346874999999999
25 0.5096039603960396 0.9123749999999999 0.8018316831683169 0.041109375