23 0.44949481865284974 0.6946083333333333 0.6382772020725389 0.029175
18 0.4607253886010363 0.2900916666666667 0.6607383419689119 0.19567500000000002
25 0.6702979274611399 0.40218333333333334 0.15173575129533678 0.018616666666666667
17 0.4666580310880829 0.1731 0.18783678756476682 0.028249999999999997
17 0.47463730569948187 0.11901666666666666 0.10330310880829016 0.028475
29 0.29107512953367876 0.736275 0.3332772020725389 0.028858333333333337
29 0.2901943005181347 0.777625 0.3255958549222798 0.05259166666666667
29 0.22325129533678756 0.8097583333333334 0.19467616580310879 0.014175000000000002
29 0.2628626943005181 0.8231583333333333 0.2738730569948187 0.016258333333333333
29 0.288419689119171 0.8388416666666667 0.32204663212435236 0.0153
30 0.6469300518134715 0.7386583333333333 0.314300518134715 0.03170833333333333
29 0.6351165803108808 0.7801916666666667 0.32376943005181347 0.052025
29 0.6374870466321243 0.8306666666666667 0.32849740932642485 0.048383333333333334
6 0.3588082901554404 0.5291666666666667 0.4481865284974093 0.235
23 0.47020725388601037 0.5533333333333333 0.6865284974093264 0.22666666666666666