21 0.5595861148197597 0.7814333333333333 0.7431909212283043 0.091825
21 0.5596929238985313 0.38689999999999997 0.7259679572763685 0.05986666666666667
27 0.21551401869158876 0.106975 0.0328437917222964 0.02245
21 0.5414686248331109 0.6605083333333334 0.6974632843791722 0.024125
34 0.5595060080106808 0.5398333333333333 0.6670360480640855 0.19073333333333334
34 0.5842590120160214 0.22793333333333332 0.6939252336448598 0.19055
21 0.5540320427236315 0.6897333333333333 0.721909212283044 0.03934166666666667
31 0.56260347129506 0.1082 0.3418558077436582 0.022966666666666666
21 0.5637249666221629 0.34560833333333335 0.7171562082777035 0.0229
21 0.5595460614152203 0.4257666666666667 0.7288384512683578 0.01665833333333333
21 0.5545527369826435 0.7208916666666667 0.7288384512683578 0.021858333333333334