6 0.5546951219512195 0.38089999999999996 0.5295 0.45564166666666667
23 0.7284268292682926 0.7844249999999999 0.3506341463414634 0.08645
23 0.7261707317073172 0.6937833333333333 0.34989024390243906 0.09018333333333334
23 0.3693780487804878 0.7352083333333334 0.351 0.04758333333333333
23 0.3690609756097561 0.77545 0.3504512195121951 0.029208333333333333
23 0.3702073170731707 0.8575333333333333 0.3534024390243903 0.03344166666666667
23 0.3701951219512195 0.80355 0.35330487804878047 0.028083333333333335
23 0.3678170731707317 0.6967 0.34736585365853656 0.027733333333333336
23 0.730439024390244 0.8430583333333334 0.34880487804878046 0.029799999999999997
35 0.5536585365853659 0.10091666666666667 0.15814634146341464 0.02145
24 0.36684146341463414 0.6675166666666666 0.3506707317073171 0.03208333333333333
23 0.36946341463414634 0.82915 0.3518048780487805 0.020566666666666667
23 0.7326463414634146 0.8676750000000001 0.3513780487804878 0.01665
9 0.5444268292682927 0.6 0.14459756097560975 0.014283333333333334
31 0.2108048780487805 0.10119166666666667 0.04878048780487805 0.026191666666666665