20 0.5289602803738318 0.14219166666666666 0.7279088785046729 0.032299999999999995
20 0.48498831775700935 0.16575 0.6392406542056075 0.012258333333333335
20 0.4601285046728972 0.18060833333333332 0.5984345794392524 0.013783333333333333
20 0.53178738317757 0.20750833333333332 0.7383995327102805 0.039141666666666665
20 0.5335630841121496 0.2416 0.7406892523364486 0.030424999999999997
20 0.41420560747663554 0.2642083333333333 0.5092056074766355 0.015341666666666667
20 0.38521028037383176 0.27805 0.44160046728971963 0.014725000000000002
20 0.42874999999999996 0.291175 0.5268457943925234 0.013483333333333333
20 0.5282710280373831 0.3112916666666667 0.7366939252336449 0.027416666666666666
20 0.5291471962616823 0.339225 0.7378504672897197 0.029875000000000002
20 0.5292406542056074 0.373425 0.7376752336448599 0.038566666666666666
20 0.5285630841121495 0.40771666666666667 0.7273481308411215 0.028316666666666664
20 0.5280023364485982 0.4519666666666667 0.7313785046728971 0.054400000000000004
20 0.5280140186915888 0.5129916666666667 0.7342757009345794 0.053175
20 0.5268691588785047 0.5673333333333332 0.7336331775700935 0.042416666666666665
20 0.5262616822429906 0.604425 0.7377803738317756 0.030733333333333335
20 0.37355140186915886 0.6362416666666667 0.4211214953271028 0.015016666666666666
20 0.22396028037383178 0.6502166666666667 0.13036214953271028 0.012066666666666667
20 0.20967289719626167 0.6651 0.10343457943925234 0.011458333333333333
28 0.17134345794392522 0.8912416666666667 0.031133177570093457 0.015433333333333334