25 0.14623172103487064 0.11666666666666667 0.0562429696287964 0.016666666666666666
25 0.8895725534308212 0.11735833333333334 0.05061867266591676 0.020833333333333332
35 0.5230596175478065 0.11666666666666667 0.4049493813273341 0.025
23 0.5183689538807649 0.2125 0.7930258717660292 0.13889166666666666
19 0.5221259842519685 0.3104166666666667 0.7967716535433071 0.026391666666666667
23 0.5211811023622047 0.3455833333333333 0.7986501687289089 0.044941666666666664
30 0.5230596175478065 0.3770833333333333 0.7274128233970754 0.018058333333333336
23 0.5221259842519685 0.3993083333333333 0.7967716535433071 0.026391666666666667
23 0.5631383577052869 0.43854166666666666 0.7325646794150731 0.05
30 0.5251743532058493 0.469275 0.7269403824521935 0.011458333333333333
23 0.5251743532058493 0.496875 0.8028683914510686 0.03958333333333333
23 0.5589201349831271 0.571875 0.7353768278965129 0.07916666666666666
30 0.5237682789651293 0.6346666666666667 0.7241282339707537 0.03808333333333334
23 0.5251743532058493 0.6921916666666666 0.7944319460067492 0.04895833333333333
23 0.5286839145106862 0.7479166666666667 0.8014623172103487 0.058333333333333334
23 0.5244656917885264 0.8015666666666666 0.7986501687289089 0.046875
30 0.5244656917885264 0.8531583333333334 0.7255343082114736 0.050050000000000004
28 0.8759842519685039 0.8911500000000001 0.07592800899887514 0.015625