15 0.4659466327827192 0.7582583333333333 0.541448538754765 0.038641666666666664
15 0.4675857687420585 0.7106916666666667 0.5358831003811945 0.041716666666666666
28 0.46922490470139766 0.149375 0.07966963151207115 0.021691666666666668
15 0.46462515883100386 0.258425 0.5405590851334181 0.0281
15 0.46813214739517156 0.5702833333333334 0.5275603557814486 0.03759166666666667
15 0.4695298602287166 0.5055916666666667 0.5232655654383735 0.028841666666666665
15 0.46806861499364677 0.208 0.545158831003812 0.080275
15 0.4706607369758577 0.5369166666666666 0.5314612452350699 0.032758333333333334
15 0.46936467598475223 0.612975 0.5266200762388819 0.04271666666666667
15 0.4673951715374841 0.8009583333333333 0.5482337992376112 0.04825
15 0.4670648030495553 0.3063166666666666 0.532287166454892 0.065025
15 0.4709783989834816 0.38075 0.5453367217280813 0.07358333333333333
15 0.4709783989834816 0.4522 0.532287166454892 0.06417500000000001
15 0.47031766200762387 0.6609666666666666 0.5335959339263024 0.047058333333333334