31 0.5171315789473684 0.06900833333333334 0.08710526315789474 0.021491666666666666
10 0.5166842105263157 0.57105 0.7959078947368421 0.028075
10 0.5180789473684211 0.24153333333333332 0.8027894736842105 0.030808333333333333
10 0.5172236842105263 0.5182333333333333 0.7911710526315789 0.03336666666666666
27 0.14273684210526316 0.066525 0.043276315789473684 0.025666666666666667
10 0.5177105263157894 0.4562333333333333 0.7955526315789474 0.029633333333333334
10 0.5176447368421053 0.4866083333333333 0.7921052631578948 0.028025
10 0.511578947368421 0.15693333333333334 0.7981315789473685 0.02779166666666667
10 0.5200526315789474 0.21025000000000002 0.8004473684210527 0.029750000000000002
10 0.5154605263157894 0.6667 0.7998815789473683 0.032400000000000005
10 0.515671052631579 0.600425 0.7978026315789474 0.032100000000000004
10 0.5151710526315789 0.6339250000000001 0.8000263157894737 0.03611666666666667
10 0.517421052631579 0.27257499999999996 0.8045921052631579 0.029933333333333336
10 0.5187894736842105 0.42214166666666664 0.7974868421052632 0.03605833333333334
10 0.5170921052631579 0.3066833333333333 0.8008026315789474 0.03391666666666667
10 0.5142631578947368 0.33970833333333333 0.7984736842105263 0.027625
10 0.5183289473684211 0.3883333333333333 0.8036842105263158 0.027975
10 0.4157368421052631 0.709225 0.5868947368421052 0.016408333333333334
10 0.4826447368421053 0.11468333333333333 0.740421052631579 0.019266666666666668
10 0.35109210526315787 0.36263333333333336 0.4707763157894737 0.015316666666666666
10 0.4520131578947368 0.9077416666666667 0.6777763157894737 0.038925
10 0.5159473684210526 0.7743 0.7855394736842105 0.03000833333333333
10 0.3410657894736842 0.18460000000000001 0.43784210526315787 0.02005
10 0.4854868421052632 0.13335 0.7434605263157894 0.014533333333333334
10 0.4137236842105263 0.547575 0.581 0.016958333333333336
10 0.3009210526315789 0.6951083333333333 0.3590263157894737 0.016233333333333332
27 0.5138684210526316 0.8541833333333333 0.02901315789473684 0.022725
10 0.3587763157894737 0.9299666666666667 0.47859210526315793 0.016416666666666666
10 0.5081184210526316 0.7276916666666667 0.7728421052631579 0.020016666666666665
10 0.42356578947368423 0.7457166666666667 0.6037368421052631 0.018016666666666667
10 0.41881578947368425 0.7987666666666666 0.5879342105263158 0.016016666666666665