11 0.5547247119078105 0.200525 0.6550320102432778 0.15375
10 0.5587580025608194 0.5529666666666666 0.6529705505761844 0.055525
10 0.5560051216389245 0.6415166666666667 0.6595518565941101 0.042550000000000004
24 0.15539052496798975 0.8206666666666667 0.0795774647887324 0.07191666666666667
13 0.5593725992317542 0.706025 0.4815236875800256 0.027749999999999997
10 0.5583354673495519 0.5971 0.6554929577464789 0.03883333333333334
24 0.17011523687580027 0.6141083333333333 0.03979513444302177 0.05454166666666667
10 0.560179257362356 0.497125 0.6569142125480153 0.04820833333333333
10 0.5549167733674776 0.31670833333333337 0.6537900128040973 0.07200000000000001
10 0.5555313700384124 0.36998333333333333 0.6425224071702945 0.034341666666666666
24 0.17346991037131881 0.49681666666666663 0.07559539052496798 0.05449166666666667
24 0.18137003841229193 0.37751666666666667 0.08348271446862997 0.05714166666666666
10 0.5605633802816902 0.8089166666666667 0.6624071702944943 0.03935833333333333
10 0.5603969270166453 0.7630416666666666 0.6739692701664532 0.05355000000000001
24 0.15836107554417414 0.30243333333333333 0.13729833546734957 0.07013333333333333
10 0.5593725992317542 0.41208333333333336 0.6529577464788732 0.037425
10 0.5605889884763124 0.4509166666666667 0.6554033290653009 0.042225
24 0.12642765685019206 0.42439166666666667 0.06985915492957746 0.05196666666666667
27 0.5569782330345711 0.12083333333333333 0.058898847631242 0.021666666666666667