28 0.539261744966443 0.151575 0.1409261744966443 0.024758333333333334
20 0.534026845637584 0.19664166666666666 0.6584161073825503 0.05563333333333334
20 0.5347785234899329 0.265175 0.6569127516778523 0.08158333333333334
20 0.5288053691275167 0.33246666666666663 0.6569127516778523 0.05690833333333334
20 0.5250738255033557 0.37259166666666665 0.640510067114094 0.02605
20 0.5275704697986577 0.4121083333333333 0.6514496644295302 0.056925
20 0.46593288590604026 0.45840833333333336 0.5102818791946309 0.031008333333333336
20 0.47115436241610736 0.4832583333333333 0.5237046979865773 0.027008333333333332
20 0.534026845637584 0.522925 0.6703355704697986 0.05263333333333333
20 0.536510067114094 0.5897583333333334 0.6633825503355705 0.08445
20 0.4741342281879195 0.6454666666666666 0.5356375838926175 0.02365
20 0.5198657718120806 0.6877583333333332 0.6390201342281879 0.056383333333333334
20 0.5350201342281878 0.782525 0.6424966442953021 0.042208333333333334