18 0.500661252900232 0.47810833333333336 0.7547911832946635 0.05569166666666667
28 0.07320185614849188 0.09868333333333333 0.045556844547563806 0.023958333333333335
16 0.45488399071925756 0.1613 0.33679814385150814 0.043041666666666666
20 0.22610208816705338 0.622325 0.33220417633410676 0.0161
28 0.8420649651972157 0.09835833333333334 0.023932714617169372 0.023325
18 0.4996403712296984 0.5995833333333334 0.7480974477958237 0.029183333333333335
30 0.45081206496519727 0.09639166666666667 0.3537587006960557 0.021575
20 0.4645359628770302 0.7421166666666666 0.8286542923433874 0.030258333333333335
20 0.4624013921113689 0.4303416666666666 0.8113921113689094 0.041041666666666664
20 0.4548955916473318 0.22417499999999999 0.8216241299303945 0.06585833333333334
20 0.3501972157772622 0.2764833333333333 0.6100928074245939 0.018191666666666665
20 0.33808584686774945 0.3544 0.5902784222737819 0.020566666666666667
18 0.49831786542923434 0.5446500000000001 0.7455568445475638 0.0799
20 0.3452436194895592 0.7768333333333334 0.571554524361949 0.0174
28 0.07929234338747099 0.861475 0.026426914153132253 0.02215
30 0.15912993039443155 0.8654333333333333 0.07157772621809745 0.020566666666666667
19 0.2565893271461717 0.8235083333333334 0.3898491879350348 0.05379166666666666
19 0.6827842227378189 0.8250833333333334 0.3369837587006961 0.050625
18 0.49116009280742456 0.29941666666666666 0.7378422273781903 0.02610833333333333
18 0.49280742459396754 0.32710833333333333 0.7345359628770302 0.027683333333333334
18 0.4768445475638051 0.36864166666666665 0.6915893271461717 0.015825
18 0.4994199535962877 0.39315833333333333 0.7411484918793504 0.028475
18 0.4438051044083527 0.6383916666666667 0.6343271461716937 0.012658333333333332
18 0.4961136890951276 0.653425 0.7367401392111369 0.014241666666666666
18 0.4950116009280742 0.6676666666666667 0.7389443155452436 0.014241666666666666
18 0.4917169373549884 0.679925 0.7389443155452436 0.01345
18 0.4917169373549884 0.693375 0.7411484918793504 0.016608333333333333
18 0.4944663573085847 0.71315 0.7576682134570766 0.024524999999999998