31 0.24235751295336788 0.12340833333333334 0.035984455958549225 0.019658333333333333
35 0.5434974093264249 0.12499166666666667 0.17913212435233158 0.019308333333333334
17 0.5445725388601037 0.18245833333333333 0.46550518134715024 0.04634166666666666
17 0.540479274611399 0.24195833333333336 0.26602331606217616 0.029966666666666666
17 0.37661917098445596 0.27225 0.25624352331606215 0.023483333333333332
23 0.545259067357513 0.31133333333333335 0.643860103626943 0.050749999999999997
23 0.543639896373057 0.3791 0.6442098445595855 0.07985833333333334
23 0.5484974093264249 0.4504583333333333 0.6431347150259067 0.06293333333333333
23 0.5475906735751296 0.501 0.6449352331606217 0.04139166666666667
23 0.5515544041450777 0.5378916666666667 0.6456476683937824 0.0342
23 0.5457901554404145 0.6108583333333333 0.6485362694300518 0.10840000000000001
23 0.545259067357513 0.7188666666666667 0.643860103626943 0.10695833333333332
23 0.5472279792746114 0.7965916666666666 0.6514119170984456 0.049550000000000004