10 0.4823551637279597 0.34035 0.5486272040302267 0.05948333333333333
10 0.4789546599496222 0.4578666666666667 0.5491309823677581 0.04460833333333333
10 0.4671788413098237 0.2107166666666667 0.5588287153652393 0.05740833333333333
10 0.4736775818639799 0.27431666666666665 0.5618765743073048 0.06181666666666667
27 0.47828715365239294 0.16065833333333332 0.08818639798488664 0.022516666666666667
10 0.47996221662468513 0.5702 0.5577455919395466 0.03540833333333333
10 0.48030226700251893 0.3993833333333333 0.5491435768261964 0.060058333333333325
10 0.4818261964735516 0.5154916666666667 0.5461083123425693 0.06405833333333334
10 0.47727959697732997 0.6230916666666667 0.5461083123425693 0.05705833333333333
10 0.48107052896725444 0.6886583333333334 0.5415743073047858 0.060058333333333325
10 0.48333753148614605 0.7442083333333332 0.5430856423173803 0.041041666666666664
10 0.48409319899244335 0.7907583333333333 0.5597229219143577 0.05605