23 0.5256965174129353 0.33381249999999996 0.7966417910447762 0.094984375
35 0.5256218905472637 0.06728125 0.15266169154228856 0.025500000000000002
23 0.5295522388059701 0.44603125 0.8021890547263683 0.133515625
23 0.5264676616915422 0.62065625 0.7923134328358209 0.10092187500000001
23 0.5291542288557214 0.711140625 0.8034328358208955 0.087890625
23 0.5340049751243781 0.5392812499999999 0.8094776119402985 0.054093749999999996
31 0.1536318407960199 0.067015625 0.05203980099502488 0.024578125
23 0.528134328358209 0.772609375 0.8013930348258707 0.038328125000000005
17 0.4362686567164179 0.20226562499999998 0.6494278606965174 0.055078125
22 0.5245522388059701 0.245859375 0.8010199004975124 0.025625
22 0.7163432835820897 0.277 0.40703980099502485 0.01771875
31 0.5235074626865671 0.140046875 0.06119402985074627 0.028015625
29 0.5211194029850746 0.8470000000000001 0.8224875621890547 0.088296875