27 0.5761426684280052 0.12405000000000001 0.10947159841479526 0.025175
10 0.5784015852047556 0.17153333333333334 0.6455614266842801 0.056766666666666674
10 0.5849141347424042 0.5701416666666667 0.6377410832232496 0.03455
10 0.5888375165125496 0.529825 0.6585997357992074 0.03455
10 0.5849141347424042 0.5002083333333334 0.6507793923381769 0.026325
10 0.5823117569352708 0.475525 0.6455614266842801 0.021391666666666666
10 0.5797093791281374 0.4434416666666667 0.6455614266842801 0.041133333333333334
10 0.5784015852047556 0.404775 0.6481770145310436 0.03290833333333334
10 0.5757859973579921 0.37310000000000004 0.6481770145310436 0.03044166666666667
10 0.5757859973579921 0.33936666666666665 0.6507793923381769 0.03373333333333333
10 0.5731836195508586 0.30728333333333335 0.6533949801849406 0.027149999999999997
10 0.5781902245706737 0.27631666666666665 0.6484280052840159 0.037608333333333334
10 0.5772391017173052 0.22589166666666666 0.6458256274768824 0.049416666666666664
10 0.5910171730515191 0.6260333333333333 0.13542932628797885 0.026683333333333337
10 0.5878203434610304 0.7606166666666667 0.6458124174372523 0.07540833333333333
10 0.5857067371202114 0.6878083333333334 0.6458124174372523 0.07008333333333333