32 0.6038510911424904 0.8690916666666667 0.18381258023106548 0.11330000000000001
19 0.5599229781771502 0.24385 0.6130680359435173 0.14465833333333333
19 0.5486649550706034 0.3929 0.6180872913992298 0.094625
19 0.5714762516046213 0.5675916666666667 0.6589730423620026 0.051575
13 0.42644415917843387 0.33105833333333334 0.3141335044929397 0.023424999999999998
19 0.5633504492939666 0.7811916666666666 0.6222464698331194 0.061825
19 0.5564441591784339 0.6930416666666667 0.6117715019255455 0.044375
13 0.5521822849807445 0.4603916666666667 0.13883183568677793 0.027983333333333332
27 0.5606675224646983 0.13605833333333334 0.08777920410783055 0.025508333333333334
13 0.4654942233632863 0.48969166666666664 0.26621309370988444 0.022391666666666667
13 0.5534916559691913 0.7345916666666666 0.229204107830552 0.028458333333333332
13 0.357586649550706 0.15861666666666666 0.1756867779204108 0.021108333333333333
13 0.5587419768934532 0.6112333333333333 0.14831835686777922 0.021908333333333332
13 0.4005519897304236 0.5135916666666667 0.2537997432605905 0.015975000000000003
13 0.41422336328626447 0.5305 0.2889473684210526 0.016149999999999998
13 0.3582413350449294 0.6387 0.17437740693196407 0.02105833333333333
13 0.36214377406931963 0.6589833333333334 0.184801026957638 0.014441666666666665