27 0.5370064516129033 0.126 0.08691612903225807 0.018675
15 0.5376516129032258 0.1618 0.6140129032258065 0.03818333333333333
15 0.5361290322580645 0.20450833333333332 0.6077290322580645 0.040258333333333333
15 0.5334709677419355 0.24519166666666667 0.6169290322580645 0.03878333333333333
15 0.5339096774193548 0.28554166666666664 0.6160516129032259 0.03933333333333334
15 0.46447741935483877 0.31906666666666667 0.47750967741935485 0.018125
15 0.5369032258064517 0.35085 0.619741935483871 0.037891666666666664
15 0.5379225806451613 0.39300833333333335 0.6209290322580645 0.04106666666666667
15 0.5394709677419355 0.4326083333333333 0.6404129032258065 0.034775
15 0.5441935483870968 0.48438333333333333 0.6309806451612903 0.05830833333333333
15 0.5418709677419354 0.553175 0.6259483870967743 0.0749
15 0.4038451612903226 0.6035 0.3471354838709677 0.020091666666666667
15 0.5353548387096774 0.6366083333333333 0.6163741935483871 0.039275000000000004
17 0.5364129032258065 0.7145583333333334 0.41750967741935485 0.022966666666666666
15 0.5402451612903226 0.7624666666666667 0.6095096774193548 0.056183333333333335
15 0.4716258064516129 0.80425 0.48900645161290324 0.020666666666666667
15 0.5371612903225806 0.8350583333333333 0.6159870967741935 0.03195833333333333