20 0.27677545691906 0.7194833333333334 0.3708616187989556 0.2591583333333333
13 0.6571409921671019 0.7133083333333333 0.3693342036553525 0.2612083333333333
20 0.27503916449086163 0.4526583333333334 0.37754569190600523 0.10435
20 0.2747780678851175 0.23016666666666666 0.3757702349869451 0.1031
20 0.6593864229765013 0.44761666666666666 0.37321148825065276 0.08424166666666667
20 0.6600522193211489 0.32511666666666666 0.37518276762402086 0.054066666666666666
20 0.2751044386422976 0.31069166666666664 0.37197127937336816 0.05255
20 0.661070496083551 0.27523333333333333 0.3727937336814621 0.048549999999999996
20 0.27903394255874675 0.15759166666666669 0.3743733681462141 0.04278333333333333
16 0.47174934725848566 0.5604666666666667 0.20421671018276763 0.024158333333333334
20 0.6594778067885118 0.3885 0.3688642297650131 0.02733333333333333
13 0.6580156657963446 0.18574166666666667 0.3775979112271541 0.10105833333333333
28 0.46368146214099215 0.12389166666666665 0.10874673629242819 0.021741666666666666
16 0.6572976501305483 0.3670666666666667 0.033054830287206266 0.017141666666666666
21 0.7426109660574413 0.49635833333333335 0.09986945169712794 0.01795
20 0.2753916449086162 0.35050000000000003 0.37250652741514356 0.026533333333333332
20 0.19945169712793734 0.37643333333333334 0.21279373368146215 0.016558333333333335
16 0.2760966057441253 0.3927 0.028472584856396865 0.016541666666666666
8 0.4713315926892951 0.5275083333333334 0.275443864229765 0.016708333333333335
20 0.6598955613577023 0.24352500000000002 0.3763446475195822 0.018099999999999998