30 0.4761949265687584 0.07360833333333333 0.16465954606141522 0.019441666666666666
28 0.8555807743658211 0.07291666666666667 0.055634178905206944 0.015274999999999999
13 0.4773030707610147 0.18055833333333332 0.807743658210948 0.16666666666666666
20 0.47953271028037386 0.29097500000000004 0.8121895861148198 0.05694166666666667
20 0.4750734312416555 0.41597500000000004 0.807743658210948 0.1875
20 0.4761949265687584 0.5631916666666666 0.8010680907877169 0.10694166666666667
20 0.3560347129506008 0.6277750000000001 0.5651935914552737 0.025
20 0.4739652870493992 0.6736083333333334 0.8010680907877169 0.06389166666666667
20 0.478411214953271 0.7256916666666667 0.809973297730307 0.034725
20 0.4773030707610147 0.7645833333333333 0.8121895861148198 0.04583333333333333
20 0.4761949265687584 0.815975 0.8144192256341789 0.059725
20 0.4750734312416555 0.8756916666666666 0.816648865153538 0.059725