27 0.3568812589413448 0.118575 0.06997138769670957 0.028816666666666664
31 0.6367238912732475 0.11805833333333332 0.3721602288984263 0.030558333333333333
13 0.6399570815450644 0.19160833333333335 0.6170672389127324 0.108225
23 0.5856080114449213 0.26119166666666666 0.445379113018598 0.024841666666666665
23 0.6422031473533619 0.30338333333333334 0.6087696709585121 0.05155833333333333
23 0.6020028612303291 0.34234166666666666 0.5318025751072961 0.029208333333333333
23 0.6433190271816881 0.42735000000000006 0.616065808297568 0.142525
23 0.6416309012875536 0.5246083333333333 0.6194563662374821 0.056333333333333326
23 0.6423891273247496 0.5796916666666667 0.6227038626609441 0.05450833333333333
23 0.6386123032904149 0.6337833333333333 0.6159513590844063 0.057441666666666676
23 0.6387982832618025 0.702025 0.615579399141631 0.07651666666666666
23 0.6366094420600859 0.7678 0.6151931330472102 0.05884166666666667