20 0.3793506493506493 0.7326833333333334 0.5925737898465171 0.117575
20 0.3864226682408501 0.4214833333333333 0.601404958677686 0.06946666666666666
20 0.378099173553719 0.3348583333333333 0.6015938606847698 0.098725
20 0.3806847697756789 0.22661666666666666 0.5879102715466351 0.08269166666666666
16 0.1774025974025974 0.6534416666666667 0.17716646989374263 0.024866666666666665
20 0.38025974025974024 0.8441833333333333 0.6049704840613931 0.046
20 0.3838961038961039 0.4907166666666667 0.5926446280991736 0.045399999999999996
20 0.3816883116883117 0.587175 0.5881582054309327 0.039141666666666665
20 0.3823022432113341 0.5414166666666667 0.5889374262101534 0.05525
28 0.46068476977567885 0.8956583333333333 0.030684769775678866 0.020158333333333334
20 0.3808500590318772 0.17174166666666668 0.5874734356552538 0.022858333333333335
16 0.3319598583234947 0.46135 0.4808736717827627 0.014225
16 0.27859504132231405 0.2795666666666667 0.344344746162928 0.014066666666666667
16 0.3350295159386068 0.15171666666666667 0.4955371900826447 0.01865
16 0.37185360094451003 0.8136749999999999 0.5547815820543093 0.012433333333333333