20 0.4894554455445545 0.218453125 0.7890841584158417 0.086203125
20 0.48646039603960395 0.124984375 0.7933415841584158 0.091296875
20 0.4898019801980198 0.42309374999999994 0.7975 0.17862499999999998
20 0.48794554455445543 0.639921875 0.796559405940594 0.092046875
16 0.38299504950495045 0.75459375 0.5864851485148515 0.04690625
20 0.4881435643564357 0.8919062500000001 0.7962623762376237 0.09625
19 0.5524752475247524 0.79734375 0.6530445544554455 0.0314375
20 0.4864851485148515 0.29759375 0.7920792079207921 0.072375
30 0.48675742574257425 0.053640625 0.16747524752475246 0.027359375000000002
20 0.4935148514851485 0.55215625 0.8038861386138614 0.07225000000000001
19 0.1503960396039604 0.8085625000000001 0.12886138613861386 0.047031250000000004
16 0.4876732673267327 0.7151562499999999 0.07155940594059405 0.026953125
28 0.8635396039603961 0.05228125 0.042128712871287124 0.0213125