27 0.5435635018495684 0.159025 0.10891491985203453 0.020833333333333332
15 0.5404808877928483 0.203475 0.6165228113440198 0.05139166666666667
15 0.5466461159062885 0.24583333333333332 0.6329593094944513 0.027774999999999998
15 0.5476818742293466 0.27569166666666667 0.6062515413070284 0.026391666666666667
15 0.5497287299630086 0.31319166666666665 0.6021331689272503 0.04305833333333334
15 0.38122071516646117 0.34097500000000003 0.27743526510480887 0.018058333333333336
15 0.3904685573366215 0.359725 0.30003699136868067 0.019441666666666666
15 0.39663378545006167 0.378475 0.3082614056720099 0.015274999999999999
15 0.3884093711467324 0.39166666666666666 0.2918249075215783 0.011108333333333333
15 0.45416769420468556 0.41041666666666665 0.4192355117139334 0.015274999999999999
15 0.5230209617755858 0.42569166666666663 0.5692601726263872 0.015274999999999999
15 0.5271270036991369 0.4395833333333333 0.5733662145499383 0.015274999999999999
15 0.5127373612823675 0.45972499999999994 0.5487053020961775 0.019441666666666666
15 0.5034895191122072 0.4756916666666667 0.5343156596794081 0.0125
15 0.5425400739827374 0.4944416666666667 0.6082983970406904 0.013891666666666668
15 0.5466461159062885 0.5180583333333333 0.6082983970406904 0.027774999999999998
15 0.4921948212083847 0.5416666666666666 0.499383477188656 0.016666666666666666
15 0.48191122071516646 0.55625 0.4870530209617756 0.0125
15 0.5394574599260172 0.5854166666666667 0.6062515413070284 0.04305833333333334
15 0.5384340320591862 0.6243083333333334 0.6000863131935882 0.03194166666666667
15 0.5158199753390875 0.6958333333333333 0.5589765721331689 0.011108333333333333
15 0.5445992601726264 0.71875 0.6124167694204686 0.029166666666666667
15 0.5394574599260172 0.7472249999999999 0.6021331689272503 0.030558333333333333
15 0.5404808877928483 0.7763916666666666 0.6124167694204686 0.030558333333333333
15 0.5384340320591862 0.8118083333333334 0.6124167694204686 0.04305833333333334
15 0.5076078914919853 0.840275 0.5589765721331689 0.019441666666666666
17 0.531233045622688 0.6611083333333334 0.25688039457459927 0.027774999999999998