21 0.4649003984063745 0.7552416666666666 0.8152324037184595 0.040350000000000004
21 0.4651394422310757 0.650125 0.8083134130146082 0.060224999999999994
21 0.4599468791500664 0.4592833333333333 0.819933598937583 0.06731666666666666
17 0.3652324037184595 0.18048333333333336 0.6570916334661355 0.045875
31 0.4553120849933599 0.07838333333333333 0.16067729083665339 0.022866666666666667
21 0.4586852589641434 0.28018333333333334 0.8169322709163346 0.04775
17 0.4595883134130146 0.37685 0.08172642762284196 0.02389166666666667
21 0.460996015936255 0.522375 0.8187782204515272 0.053516666666666664
21 0.4650996015936255 0.7040916666666667 0.8186719787516601 0.053233333333333334
17 0.4658831341301461 0.6050833333333333 0.20438247011952193 0.018833333333333334
17 0.4556440903054449 0.12570833333333334 0.06609561752988048 0.030683333333333333
27 0.8345683930942894 0.07710833333333333 0.04366533864541833 0.026383333333333335
14 0.7344090305444887 0.22365 0.2496547144754316 0.023508333333333332
21 0.472324037184595 0.8963499999999999 0.8168525896414343 0.038891666666666665
21 0.506879150066401 0.40952500000000003 0.6544090305444887 0.02465
20 0.1887649402390438 0.22619166666666668 0.27130146082337314 0.021425
21 0.4581673306772908 0.3238083333333333 0.8214741035856574 0.040475
21 0.4695484727755644 0.8035749999999999 0.8138911022576362 0.05714166666666666
17 0.47334661354581675 0.8577416666666666 0.2864674634794157 0.015475000000000001
21 0.4619654714475432 0.566075 0.8176759628154051 0.034525