20 0.4622922252010724 0.5638083333333334 0.7422252010723861 0.13770833333333332
20 0.46453083109919574 0.3016083333333333 0.7397855227882038 0.07918333333333333
20 0.46331099195710457 0.39365833333333333 0.7396112600536193 0.10425
16 0.4548525469168901 0.47748333333333337 0.1992627345844504 0.027749999999999997
30 0.4522117962466488 0.11469999999999998 0.43193029490616625 0.028274999999999998
20 0.45861930294906167 0.7768999999999999 0.744892761394102 0.11966666666666666
20 0.46672922252010723 0.22413333333333332 0.7463806970509382 0.08196666666666666
20 0.45687667560321715 0.6783083333333334 0.7402815013404825 0.0813
16 0.45414209115281506 0.16283333333333333 0.23230563002680968 0.027766666666666665
28 0.8001608579088472 0.11593333333333333 0.03875335120643432 0.024933333333333335
20 0.462774798927614 0.676425 0.74171581769437 0.07922499999999999