31 0.747771812080537 0.14368333333333333 0.0339731543624161 0.022675
17 0.4426442953020134 0.8330416666666667 0.1612751677852349 0.015691666666666666
35 0.4362281879194631 0.14605833333333335 0.513006711409396 0.016225
17 0.44166442953020135 0.189675 0.5718255033557047 0.054775000000000004
17 0.4405771812080537 0.228225 0.24288590604026844 0.019608333333333335
17 0.44221476510067115 0.25053333333333333 0.10673825503355704 0.01555
17 0.43895302013422816 0.34959999999999997 0.11981208053691275 0.013525
14 0.44221476510067115 0.27521666666666667 0.6448053691275167 0.021641666666666667
14 0.43895302013422816 0.30125 0.6273825503355704 0.02231666666666667
14 0.44602684563758394 0.326275 0.6437181208053692 0.026375
14 0.4438523489932886 0.36785833333333334 0.6458926174496644 0.014875000000000001
14 0.4454765100671141 0.3874666666666666 0.6491677852348994 0.024341666666666668
14 0.44276510067114094 0.41180833333333333 0.6415436241610738 0.028399999999999998
14 0.4405771812080537 0.431425 0.6458926174496644 0.013525
14 0.43948993288590604 0.4503583333333333 0.6415436241610738 0.024341666666666668
14 0.43895302013422816 0.4676 0.6360939597315436 0.01285
14 0.44276510067114094 0.48314999999999997 0.6415436241610738 0.011491666666666666
14 0.44276510067114094 0.4963416666666667 0.6437181208053692 0.014875000000000001
14 0.4405771812080537 0.5091833333333333 0.6458926174496644 0.010816666666666667
14 0.44221476510067115 0.5233833333333333 0.6426308724832215 0.017583333333333336
14 0.43895302013422816 0.56565 0.638268456375839 0.06694166666666666
14 0.4438523489932886 0.6099416666666666 0.6371812080536913 0.024341666666666668
14 0.44112751677852347 0.6349583333333334 0.6426308724832215 0.0257
14 0.4433020134228188 0.6603166666666667 0.6360939597315436 0.026375
14 0.44276510067114094 0.6789166666666667 0.6415436241610738 0.013525
14 0.44221476510067115 0.69785 0.6360939597315436 0.020283333333333334
14 0.4405771812080537 0.7137416666666667 0.6415436241610738 0.014199999999999999
14 0.44112751677852347 0.7357166666666667 0.6469798657718121 0.0257
14 0.44276510067114094 0.7718916666666666 0.6458926174496644 0.04936666666666667
14 0.44166442953020135 0.8073916666666666 0.6458926174496644 0.022991666666666667
14 0.44493959731543625 0.8560833333333333 0.6393557046979865 0.021641666666666667
14 0.44602684563758394 0.8767083333333333 0.6393557046979865 0.019608333333333335