28 0.1419 0.06846875 0.042649999999999993 0.019296874999999998
30 0.5125 0.0716875 0.18969999999999998 0.016546875
20 0.513975 0.161765625 0.798525 0.106625
20 0.516175 0.2863125 0.7882250000000001 0.136953125
20 0.518375 0.42417187500000003 0.7956 0.140625
20 0.51765 0.53309375 0.7882250000000001 0.0716875
19 0.594125 0.5992656249999999 0.65 0.047796875
16 0.51765 0.655328125 0.09117499999999999 0.027578125
16 0.474275 0.6966875 0.713225 0.045953125
20 0.51985 0.8653437500000001 0.80735 0.092828125
25 0.2169 0.9319843750000001 0.17204999999999998 0.02021875
19 0.220075 0.7360625 0.22017499999999998 0.026921875
19 0.7705 0.7361718749999999 0.297925 0.024765625
19 0.8326250000000001 0.7657499999999999 0.164475 0.021390625
19 0.186625 0.7622656250000001 0.11477499999999999 0.016828125
19 0.37549999999999994 0.794828125 0.5002 0.026687499999999996