16 0.5634185733512787 0.17619166666666666 0.32104979811574696 0.021091666666666665
28 0.5710094212651413 0.13315 0.12969044414535666 0.024816666666666667
16 0.5727187079407806 0.6252833333333334 0.14771197846567968 0.02080833333333333
15 0.5751951547779274 0.7251416666666667 0.6286271870794078 0.15864999999999999
16 0.566164199192463 0.36640833333333334 0.3110363391655451 0.019566666666666666
16 0.571749663526245 0.454825 0.18442799461641993 0.0235
16 0.5728398384925976 0.26733333333333337 0.09218034993270524 0.021425
15 0.5717092866756392 0.22349166666666667 0.6113189771197847 0.054599999999999996
15 0.5717092866756392 0.3095583333333334 0.614306864064603 0.05275
15 0.5717092866756392 0.40950833333333336 0.6172947510094212 0.04535
15 0.5694616419919246 0.4951083333333333 0.6128129205921938 0.031466666666666664
15 0.5679676985195155 0.5270416666666667 0.6187886944818304 0.030541666666666665
15 0.5717092866756392 0.5585 0.6262584118438762 0.03424166666666667
15 0.572449528936743 0.5876583333333334 0.6307402422611036 0.025908333333333332