19 0.729807486631016 0.5456749999999999 0.38999999999999996 0.11257500000000001
19 0.7352085561497326 0.25555833333333333 0.38899465240641706 0.09570000000000001
19 0.7305561497326204 0.7812166666666667 0.39136898395721925 0.10720833333333334
19 0.31139037433155076 0.30627499999999996 0.38979679144385027 0.061175
19 0.3125882352941176 0.632175 0.3940320855614973 0.08544166666666667
19 0.31424598930481284 0.47336666666666666 0.3954331550802139 0.14320833333333333
19 0.7323957219251337 0.6803 0.3897326203208556 0.09370833333333334
19 0.31421390374331554 0.70375 0.39274866310160433 0.062325000000000005
19 0.316427807486631 0.880675 0.3961818181818182 0.08248333333333334
19 0.7348663101604278 0.8812083333333334 0.39483422459893047 0.08488333333333334
19 0.3151764705882353 0.14906666666666665 0.39547593582887697 0.05291666666666667
19 0.3140213903743316 0.772725 0.39428877005347596 0.0727
19 0.31214973262032086 0.3691083333333333 0.39393582887700535 0.06436666666666667
19 0.7340641711229947 0.46521666666666667 0.3931122994652406 0.046808333333333334
13 0.3109946524064171 0.574175 0.3149625668449198 0.035116666666666664
19 0.7293262032085561 0.33019166666666666 0.3866951871657754 0.045983333333333334
19 0.7289518716577541 0.420475 0.387668449197861 0.04423333333333333
19 0.7353796791443851 0.11647500000000001 0.38839572192513366 0.04724166666666667
19 0.7302352941176471 0.15831666666666666 0.3905882352941176 0.04005
13 0.3101711229946524 0.2139 0.3467593582887701 0.035525
13 0.7369839572192514 0.6197916666666666 0.17988235294117647 0.01885833333333333
13 0.7313903743315509 0.19718333333333335 0.3818716577540107 0.020283333333333334
13 0.3105347593582888 0.262025 0.1518181818181818 0.024191666666666667
13 0.3068235294117647 0.8257416666666667 0.3371657754010695 0.020274999999999998
13 0.7270909090909091 0.3756333333333333 0.37395721925133685 0.03443333333333334
20 0.3163529411764706 0.10655833333333334 0.4042673796791444 0.037475