27 0.15595477386934672 0.058078125 0.04311557788944723 0.018140625
19 0.5323115577889448 0.47387499999999994 0.8226633165829146 0.05775
19 0.5327638190954773 0.181546875 0.8135929648241206 0.092546875
13 0.5317336683417085 0.28109375000000003 0.05957286432160804 0.028218749999999997
19 0.5335929648241207 0.10640625 0.8114572864321608 0.052203124999999996
13 0.4821859296482412 0.353171875 0.7185175879396986 0.0523125
19 0.5285929648241205 0.56521875 0.8163567839195981 0.11615625
31 0.5385929648241207 0.05443750000000001 0.2115326633165829 0.02971875
19 0.5251256281407035 0.6484375 0.8190954773869347 0.053125
25 0.37814070351758794 0.8765625 0.4949748743718593 0.025
18 0.23665829145728642 0.40012499999999995 0.2328894472361809 0.025718750000000002
18 0.7442211055276382 0.39915625 0.4053517587939699 0.023796875000000002
18 0.8619346733668342 0.43125 0.1421105527638191 0.023078124999999998