20 0.4750387596899225 0.5568333333333334 0.6640753045404207 0.10175833333333334
20 0.47482834994462897 0.6434000000000001 0.6568549280177187 0.06665833333333333
20 0.47285714285714286 0.23405 0.6590033222591363 0.088075
20 0.46906976744186046 0.31314166666666665 0.6597785160575858 0.06821666666666666
20 0.46673311184939087 0.37799166666666667 0.6596234772978958 0.06420833333333333
20 0.47473975636766336 0.7416333333333334 0.6586046511627908 0.13266666666666665
20 0.4731450719822813 0.4767416666666667 0.6603543743078626 0.049025
20 0.4743964562569214 0.16160833333333333 0.6580841638981174 0.05135833333333333
20 0.47290143964562564 0.4328416666666666 0.6578183831672204 0.038575
28 0.4824806201550388 0.08276666666666666 0.046843853820598004 0.02305
13 0.4680287929125138 0.11404166666666667 0.6513953488372094 0.03995833333333334
20 0.47593576965669987 0.8241083333333333 0.6690254706533776 0.030541666666666665