7 0.5598829648894669 0.3090333333333333 0.7068920676202861 0.34305833333333335
10 0.555071521456437 0.4479916666666667 0.2900260078023407 0.0189
9 0.7613263979193758 0.42948333333333333 0.12798439531859557 0.02146666666666667
10 0.5602080624187257 0.8290500000000001 0.6555266579973993 0.021383333333333334
7 0.5575292587776333 0.68825 0.77444733420026 0.37420000000000003
9 0.5608452535760728 0.8591166666666668 0.6585825747724318 0.03448333333333334
9 0.5545123537061118 0.4686833333333333 0.6501300390117035 0.024908333333333334
12 0.48912873862158646 0.5067916666666666 0.09243172951885566 0.021391666666666666
12 0.8492457737321197 0.6548833333333334 0.12966189856957086 0.026325
12 0.8948244473342003 0.7231666666666666 0.06932379713914175 0.016458333333333332
12 0.5000520156046814 0.596875 0.05777633289986996 0.018925
12 0.3472691807542263 0.5796 0.10655396618985695 0.05512500000000001
12 0.26639791937581275 0.6046916666666666 0.06803641092327699 0.023033333333333333
12 0.5520416124837451 0.7202833333333334 0.18230169050715214 0.0436
12 0.6053185955786736 0.6857333333333333 0.2939921976592978 0.056766666666666674