28 0.12037321624588364 0.07555833333333334 0.021207464324917675 0.01778333333333333
32 0.4803183315038419 0.071725 0.2654335894621295 0.03233333333333333
7 0.48834248079034026 0.11913333333333334 0.7376399560922063 0.03456666666666666
7 0.4830845225027442 0.3463583333333333 0.7466190998902305 0.024191666666666667
7 0.48870472008781557 0.5015999999999999 0.7667069154774973 0.030141666666666667
7 0.4766849615806806 0.6861166666666667 0.7590230515916575 0.022208333333333333
17 0.49170142700329306 0.15714166666666665 0.5540834248079034 0.027433333333333334
17 0.4860922063666301 0.3852333333333333 0.24039517014270034 0.031575
17 0.4820965971459934 0.5376666666666667 0.1177497255762898 0.025325
17 0.4831503841931943 0.723575 0.13937431394072447 0.019366666666666664
21 0.4616136114160263 0.19826666666666665 0.6939297475301865 0.020666666666666667
21 0.4871569703622393 0.22681666666666667 0.7450274423710209 0.03326666666666667
21 0.4830845225027442 0.27768333333333334 0.7486717892425905 0.07055833333333333
21 0.4851701427003293 0.4400583333333334 0.7713282107574094 0.064325
21 0.48530186608122944 0.6119833333333333 0.7564324917672887 0.09825
21 0.4882875960482986 0.8454833333333334 0.7626564215148188 0.17755