20 0.47233188720173536 0.7852166666666667 0.6579609544468547 0.08500833333333334
20 0.4718546637744035 0.4387416666666667 0.6537960954446854 0.10230833333333333
20 0.4713015184381779 0.2508666666666667 0.6676030368763557 0.10669166666666667
20 0.4778308026030369 0.5937583333333333 0.6506399132321041 0.09300833333333333
20 0.4727765726681128 0.6906583333333333 0.6518655097613882 0.08725833333333333
20 0.4689370932754881 0.1719 0.6603579175704989 0.0541
20 0.47657266811279825 0.34849166666666664 0.6514533622559653 0.07486666666666666
16 0.4836117136659436 0.12755 0.06920824295010847 0.027341666666666667
31 0.4760303687635575 0.89285 0.14880694143167028 0.0986
16 0.4548590021691974 0.8349416666666666 0.08663774403470716 0.025608333333333334
28 0.48719088937093274 0.09064166666666666 0.04926247288503254 0.027566666666666666
20 0.48354663774403467 0.52145 0.6643492407809111 0.04633333333333334
20 0.47071583514099785 0.8766666666666667 0.6594360086767896 0.05