19 0.5397761194029851 0.267796875 0.8189800995024876 0.09846875000000001
19 0.534179104477612 0.13093749999999998 0.8148507462686567 0.057625
31 0.5341542288557214 0.0805 0.14723880597014924 0.022109375
19 0.5355970149253731 0.18753124999999998 0.8059950248756219 0.056296875
19 0.5406467661691542 0.41415625 0.8106716417910448 0.060375
19 0.5385323383084577 0.47104687500000003 0.8018656716417911 0.052578124999999996
19 0.538134328358209 0.35434375 0.8089303482587065 0.061140625000000004
13 0.5310696517412935 0.699515625 0.4494776119402985 0.034296875
19 0.5473134328358209 0.524296875 0.810547263681592 0.05695312500000001
19 0.535547263681592 0.7952343749999999 0.8222636815920398 0.079515625
27 0.15154228855721394 0.08359375 0.03917910447761194 0.01809375
25 0.5437313432835821 0.8857968749999999 0.804776119402985 0.0548125
18 0.8246517412935324 0.737984375 0.24843283582089554 0.0248125
13 0.5384079601990049 0.654578125 0.06139303482587065 0.028125
19 0.5412935323383085 0.568828125 0.7925373134328358 0.0386875