21 0.43877604166666667 0.196875 0.6648177083333333 0.03518333333333333
21 0.43779947916666667 0.233175 0.6687890625 0.037675
21 0.4426171875 0.28881666666666667 0.6748177083333333 0.06845
28 0.7505729166666667 0.11813333333333333 0.04311197916666667 0.020983333333333333
21 0.4375130208333333 0.6267833333333334 0.6612109375 0.17916666666666667
32 0.4502994791666666 0.11822500000000001 0.5153385416666666 0.026608333333333335
21 0.43911458333333336 0.43065 0.6604296875 0.21182499999999999
13 0.43609375 0.15733333333333335 0.6666015625 0.03735
17 0.4359635416666667 0.7389666666666667 0.5509244791666666 0.023133333333333336
21 0.43380208333333337 0.7991166666666667 0.662265625 0.08051666666666667
21 0.4330729166666667 0.8569583333333333 0.6637109375 0.03701666666666667
31 0.7179427083333333 0.8916583333333333 0.027473958333333336 0.026841666666666666