19 0.5665535248041775 0.18735833333333335 0.6351436031331592 0.079875
19 0.5727937336814621 0.347125 0.6379634464751959 0.08343333333333333
19 0.5883681462140992 0.5948166666666667 0.6398041775456919 0.10495
19 0.58 0.6798916666666667 0.6255221932114883 0.07975833333333333
19 0.5811227154046997 0.4210333333333333 0.6313446475195823 0.05426666666666667
19 0.5837597911227155 0.7541833333333333 0.6355221932114883 0.05394166666666667
19 0.553355091383812 0.286825 0.5819321148825065 0.04365
27 0.5759399477806789 0.12959166666666666 0.09395561357702349 0.028925
19 0.5779373368146214 0.8038 0.6430026109660575 0.05510833333333333
19 0.567154046997389 0.24169166666666664 0.622088772845953 0.033725
16 0.4952872062663185 0.48730833333333334 0.466710182767624 0.02924166666666667
19 0.5220626631853785 0.45890833333333336 0.5256266318537859 0.029791666666666668
16 0.4924934725848564 0.5208666666666666 0.462023498694517 0.027266666666666665