31 0.5584543325526933 0.12580833333333333 0.10597189695550352 0.017249999999999998
14 0.5623067915690866 0.161525 0.6472365339578454 0.03623333333333333
14 0.5670491803278689 0.19231666666666666 0.6431733021077283 0.020825
14 0.5655269320843092 0.28251666666666664 0.6462177985948477 0.07128333333333334
14 0.5650117096018735 0.35768333333333335 0.6499414519906322 0.072925
14 0.5667096018735364 0.422275 0.651967213114754 0.04763333333333333
14 0.5645081967213115 0.4588416666666667 0.661768149882904 0.02451666666666667
14 0.5675526932084309 0.47989166666666666 0.661088992974239 0.0209
14 0.5645081967213115 0.5468083333333333 0.634718969555035 0.02480833333333333
14 0.571440281030445 0.629675 0.6451990632318502 0.053391666666666664
14 0.5722833723653395 0.6771833333333334 0.6435128805620608 0.035325
14 0.5788758782201405 0.7608916666666667 0.6465456674473068 0.039125
17 0.564871194379391 0.22274166666666667 0.10124121779859484 0.021525
17 0.5677517564402811 0.5114 0.09008196721311476 0.021358333333333333
17 0.5716276346604215 0.5783916666666667 0.10124121779859484 0.0182
17 0.5723067915690867 0.7192333333333334 0.11611241217798594 0.02316666666666667
28 0.21277517564402812 0.15479166666666666 0.06985948477751756 0.032391666666666666
28 0.2178454332552693 0.19026666666666667 0.059718969555035126 0.02875833333333333
28 0.19704918032786886 0.2572583333333333 0.09588992974238876 0.03521666666666667
28 0.1811592505854801 0.40290833333333337 0.05735362997658079 0.030566666666666666
28 0.1946838407494145 0.46834166666666666 0.030304449648711942 0.026674999999999997
28 0.1916393442622951 0.54435 0.044508196721311476 0.024708333333333332
28 0.1811592505854801 0.6028083333333334 0.09792740046838407 0.040549999999999996
28 0.19772833723653396 0.6642666666666667 0.08372365339578454 0.031133333333333332