31 0.4301293661060802 0.13815 0.3303492884864166 0.021975
27 0.7022768434670117 0.13799166666666668 0.046675291073738676 0.019808333333333334
20 0.43131953428201814 0.18213333333333334 0.6000776196636481 0.05254166666666667
19 0.43347994825355757 0.23677499999999999 0.5957697283311773 0.058116666666666664
19 0.4078525226390685 0.27489166666666665 0.5358861578266494 0.021391666666666666
19 0.43371280724450195 0.313175 0.6048771021992237 0.05720833333333334
13 0.44260025873221215 0.3778416666666667 0.06205692108667529 0.021725
19 0.4363518758085382 0.4302583333333333 0.6015135834411385 0.05693333333333333
16 0.43755498059508413 0.48356666666666664 0.6067917205692109 0.05725833333333333
16 0.4399482535575679 0.5294083333333333 0.6058344113842173 0.039675
16 0.4382664941785252 0.5687583333333334 0.6110996119016817 0.03875833333333333
19 0.4416170763260026 0.643625 0.6063130659767141 0.11255833333333333
19 0.4416170763260026 0.720175 0.6005562742561449 0.039725
16 0.39372574385511 0.7569 0.43 0.0206
16 0.39659767141009056 0.7757333333333333 0.43 0.017516666666666666
16 0.43923673997412677 0.7964166666666667 0.5152781371280725 0.018141666666666667
16 0.389404915912031 0.8146249999999999 0.4098835705045278 0.017525000000000002
30 0.6907761966364813 0.832225 0.04093143596377749 0.019383333333333336