19 0.4765936739659367 0.539625 0.7847688564476886 0.140734375
19 0.48420924574209245 0.2280625 0.7850121654501216 0.07115625
27 0.8422627737226278 0.061703125000000004 0.037712895377128956 0.020671875
19 0.4771289537712895 0.424828125 0.7824574209245742 0.08885937499999999
19 0.4782968369829684 0.30017187500000003 0.7754014598540145 0.07960937500000001
31 0.48 0.061578125 0.18659367396593673 0.02496875
19 0.31031630170316304 0.14025 0.4055474452554745 0.019125
19 0.4753284671532847 0.357328125 0.7769099756690998 0.038265625
19 0.48566909975669104 0.16915625 0.7768613138686132 0.042234375000000005
19 0.47579075425790757 0.11134375 0.7743065693430657 0.0375
19 0.47545012165450123 0.6246875000000001 0.7854501216545012 0.023625
18 0.6435523114355232 0.65078125 0.4209245742092457 0.0296875
25 0.47306569343065696 0.809734375 0.795669099756691 0.046875
25 0.1889294403892944 0.840625 0.17496350364963503 0.01971875
25 0.33153284671532846 0.8563750000000001 0.4606569343065694 0.013703125
25 0.261338199513382 0.87559375 0.2903406326034063 0.013703125
25 0.4837469586374696 0.906125 0.78330900243309 0.042546875