28 0.5366918238993711 0.10139166666666667 0.1299748427672956 0.022225
15 0.5482138364779874 0.15 0.7023018867924529 0.061108333333333334
15 0.5482138364779874 0.20139166666666666 0.706503144654088 0.041666666666666664
15 0.5366918238993711 0.253475 0.6918238993710691 0.065275
15 0.5366918238993711 0.3173583333333333 0.6960125786163522 0.059725
15 0.5366918238993711 0.37222500000000003 0.7044025157232704 0.044441666666666664
15 0.5377358490566038 0.41597500000000004 0.7148805031446541 0.04305833333333334
15 0.5335471698113208 0.4819416666666667 0.710691823899371 0.08333333333333333
15 0.5335471698113208 0.5548583333333333 0.7148805031446541 0.0625
15 0.5304025157232705 0.6361083333333334 0.7127924528301887 0.1
15 0.5251572327044025 0.7194416666666666 0.706503144654088 0.06666666666666667
15 0.5251572327044025 0.8006916666666667 0.7023018867924529 0.09860833333333333
15 0.5304025157232705 0.8631916666666666 0.7127924528301887 0.029166666666666667