27 0.9296144859813084 0.099075 0.044544392523364486 0.022741666666666667
21 0.5428971962616823 0.31805 0.8382710280373831 0.027875000000000004
21 0.541553738317757 0.6741416666666666 0.8371728971962616 0.11069166666666667
17 0.54125 0.3490833333333333 0.08616822429906543 0.019983333333333332
27 0.150303738317757 0.09918333333333333 0.037464953271028036 0.02215
21 0.5405607476635514 0.4060416666666667 0.831927570093458 0.08798333333333333
21 0.5412733644859813 0.778925 0.8352219626168225 0.0833
17 0.5426518691588785 0.6052083333333333 0.08565420560747662 0.021566666666666665
21 0.539894859813084 0.49425833333333336 0.8388901869158879 0.069525
21 0.5461682242990654 0.17799166666666666 0.8416939252336448 0.04483333333333333
21 0.5416939252336449 0.2707 0.8372897196261683 0.05170833333333333
21 0.5366588785046729 0.842225 0.8303271028037383 0.026316666666666665
31 0.5374532710280374 0.09666666666666666 0.41519859813084115 0.025500000000000002
17 0.5391822429906542 0.14397500000000002 0.08419392523364486 0.019741666666666668
30 0.9076752336448598 0.8696083333333333 0.059976635514018696 0.021391666666666666
21 0.5403387850467289 0.55245 0.8384813084112149 0.04689166666666667
21 0.5403387850467289 0.22336666666666669 0.8338668224299065 0.0436