27 0.1995635430038511 0.11959166666666667 0.02847240051347882 0.014833333333333334
31 0.578048780487805 0.11761666666666666 0.2747496790757381 0.019625
20 0.3708857509627728 0.15515 0.3884724005134788 0.027141666666666668
19 0.37233632862644417 0.181425 0.38172015404364573 0.027149999999999997
20 0.36831835686777925 0.43521666666666664 0.38718870346598205 0.036816666666666664
19 0.36863928112965344 0.4838083333333334 0.38783055198973043 0.06394166666666667
19 0.367997432605905 0.5403083333333334 0.3865468549422336 0.049341666666666666
19 0.3636585365853659 0.6472916666666667 0.38365853658536586 0.16573333333333332
19 0.7800641848523748 0.14608333333333334 0.3704236200256739 0.022783333333333333
20 0.7768421052631579 0.4431583333333333 0.37942233632862643 0.16779166666666667
20 0.7649679075738125 0.839125 0.38263157894736843 0.03145
2 0.36110397946084727 0.7960666666666666 0.27830551989730423 0.13174166666666667
2 0.7705905006418485 0.6790833333333333 0.37267008985879335 0.2681
2 0.3737869062901155 0.3070833333333333 0.3248780487804878 0.2146583333333333
2 0.7776508344030808 0.2604666666666667 0.37138639281129654 0.18274166666666666