28 0.5904562737642586 0.11811666666666668 0.11140684410646388 0.024908333333333334
16 0.5900506970849176 0.15389166666666665 0.1976932826362484 0.026191666666666665
16 0.5837262357414449 0.26381666666666664 0.21669201520912548 0.024825
16 0.5815462610899873 0.341475 0.08173637515842838 0.0214
16 0.5750190114068441 0.6500416666666666 0.12012674271229404 0.02435
16 0.5758048162230672 0.7448750000000001 0.10586818757921419 0.024033333333333334
15 0.5874651457541191 0.18953333333333333 0.6081242078580482 0.040216666666666664
15 0.5890494296577946 0.22674166666666665 0.6112801013941699 0.03655833333333333
15 0.5864765525982256 0.30036666666666667 0.6101013941698352 0.04328333333333333
15 0.585487959442332 0.401175 0.6120785804816223 0.09135
15 0.5846894803548796 0.4736416666666667 0.6104942965779467 0.05670833333333333
15 0.583700887198986 0.530225 0.6124714828897339 0.05797499999999999
15 0.4420278833967047 0.5666583333333334 0.3291128010139417 0.016325
15 0.581128010139417 0.5937166666666667 0.6112927756653992 0.03920833333333333
15 0.46022813688212927 0.6218166666666666 0.36552598225602023 0.022541666666666668
15 0.578555133079848 0.6850333333333333 0.6101013941698352 0.039675
15 0.5795437262357415 0.7160000000000001 0.6081242078580482 0.023525
15 0.4764512040557668 0.7675083333333333 0.405893536121673 0.022458333333333334
15 0.5761850443599493 0.7976916666666667 0.6053485424588086 0.041174999999999996