27 0.2510921052631579 0.11875 0.03289473684210526 0.015274999999999999
31 0.5635921052631578 0.11875 0.15351315789473685 0.018058333333333336
13 0.5646973684210527 0.20069166666666668 0.6644736842105263 0.12360833333333335
17 0.5635921052631578 0.315975 0.05263157894736842 0.026391666666666667
21 0.5679868421052632 0.39166666666666666 0.6535131578947369 0.06389166666666667
21 0.5712763157894737 0.44166666666666665 0.6688552631578947 0.041666666666666664
21 0.5679868421052632 0.503475 0.6754342105263158 0.0875
21 0.5668815789473683 0.5673583333333334 0.6776315789473685 0.04305833333333334
21 0.5635921052631578 0.6111083333333334 0.6842105263157895 0.038891666666666665
21 0.5635921052631578 0.6798583333333333 0.666671052631579 0.09583333333333334
21 0.569078947368421 0.7701416666666666 0.6820131578947369 0.0875
21 0.5657894736842105 0.8263916666666666 0.688592105263158 0.022225