28 0.06428235294117647 0.10699166666666665 0.055047058823529414 0.018158333333333332
28 0.8359882352941177 0.10570833333333333 0.03372941176470588 0.017666666666666667
32 0.44511764705882356 0.10720833333333334 0.3578705882352941 0.020666666666666667
21 0.4456 0.15503333333333333 0.8117764705882353 0.045483333333333334
21 0.44365882352941177 0.18825833333333333 0.8108470588235295 0.024441666666666664
21 0.4457529411764706 0.23448333333333332 0.8173294117647059 0.06229166666666667
21 0.4419764705882353 0.29508333333333336 0.8131058823529411 0.05565833333333334
21 0.4481529411764706 0.34746666666666665 0.8184 0.0509
21 0.44581176470588235 0.4184583333333333 0.8201411764705883 0.09432499999999999
21 0.4446235294117647 0.48590000000000005 0.8195882352941176 0.0407
21 0.44803529411764703 0.534325 0.8186235294117647 0.04165833333333333
21 0.4454941176470588 0.5713916666666666 0.8237176470588234 0.028058333333333334
21 0.4455529411764706 0.6224166666666666 0.8177176470588234 0.05309166666666667
21 0.44416470588235296 0.6733250000000001 0.8196117647058823 0.03415
21 0.44518823529411766 0.7064583333333333 0.8184470588235293 0.03916666666666667
21 0.4421647058823529 0.7400166666666667 0.8215411764705882 0.026216666666666666
21 0.17516470588235292 0.7631666666666667 0.20848235294117648 0.015333333333333332
22 0.7381411764705882 0.7965916666666666 0.15862352941176472 0.0161
20 0.1904470588235294 0.823425 0.3161764705882353 0.06351666666666667
31 0.08075294117647058 0.8720416666666667 0.07172941176470587 0.02125