32 0.45213197969543145 0.08898333333333333 0.510761421319797 0.020533333333333334
28 0.7830837563451777 0.08984166666666667 0.0417005076142132 0.0154
13 0.45474619289340096 0.12705833333333333 0.7088197969543146 0.035083333333333334
21 0.3485406091370558 0.15785833333333335 0.47558375634517763 0.021391666666666666
17 0.4475761421319797 0.18438333333333332 0.4208629441624365 0.026525
21 0.4508248730964467 0.21860833333333332 0.6931852791878172 0.03336666666666666
21 0.4495304568527919 0.4021416666666667 0.6983883248730965 0.034225
21 0.4241243654822335 0.5728416666666667 0.6527918781725888 0.017966666666666666
21 0.44496192893401015 0.6096333333333332 0.6892766497461928 0.05732500000000001
21 0.3869796954314721 0.647275 0.5680964467005076 0.021391666666666666
21 0.44562182741116746 0.6678166666666666 0.6957868020304568 0.024816666666666667
21 0.44366751269035537 0.72685 0.6970939086294415 0.035083333333333334
21 0.2527791878172589 0.753375 0.31011421319796956 0.017966666666666666
21 0.4391116751269035 0.7995833333333333 0.7114213197969543 0.07101666666666667
21 0.4404060913705584 0.8539083333333334 0.7114213197969543 0.03935833333333333
35 0.5909010152284264 0.49240833333333334 0.22802030456852793 0.141175
35 0.26515228426395937 0.49112500000000003 0.29055837563451775 0.14545833333333336
35 0.27623096446700507 0.308025 0.2553807106598985 0.14203333333333334
35 0.6176142131979695 0.31016666666666665 0.28926395939086297 0.13946666666666668
17 0.44496192893401015 0.6934833333333333 0.4234644670050761 0.021391666666666666