14 0.4739711664482307 0.15309999999999999 0.6984796854521625 0.036166666666666666
14 0.47532110091743124 0.33575 0.6960157273918741 0.030783333333333333
14 0.4710484927916121 0.18582500000000002 0.7029226736566186 0.029625
14 0.470170380078637 0.26585 0.7019134993446919 0.032275
14 0.47370904325032764 0.3020333333333333 0.6981520314547838 0.0364
14 0.470262123197903 0.23500833333333332 0.708872870249017 0.029416666666666664
14 0.4714285714285714 0.36008333333333337 0.6948099606815203 0.015716666666666667
14 0.4710484927916121 0.5377666666666667 0.686002621231979 0.032575
14 0.46352555701179554 0.5792833333333334 0.6770642201834862 0.014183333333333333
14 0.4722018348623854 0.5047416666666668 0.6838138925294889 0.03516666666666667
14 0.4780340760157274 0.4444333333333334 0.7011140235910879 0.04894166666666666
31 0.4775753604193971 0.09966666666666667 0.102608125819135 0.02040833333333333
14 0.42655307994757535 0.6485000000000001 0.5869986893840105 0.020591666666666668
14 0.4766710353866317 0.6202083333333334 0.6934993446920052 0.036333333333333336
14 0.47842726081258197 0.82355 0.7105766710353866 0.03439166666666667
14 0.48039318479685456 0.41276666666666667 0.7051638269986893 0.016566666666666667
14 0.42640891218872873 0.21029166666666665 0.6037614678899083 0.017158333333333334
14 0.47668414154652683 0.76375 0.6993053735255571 0.04819166666666667
14 0.41743119266055045 0.477275 0.5763433813892529 0.017733333333333334
14 0.3163564875491481 0.39531666666666665 0.3765268676277851 0.018925
14 0.39141546526867627 0.7972083333333333 0.5266186107470511 0.018099999999999998
17 0.4826343381389253 0.7005416666666666 0.45804718217562257 0.025500000000000002
14 0.42958060288335514 0.12546666666666667 0.6003800786369593 0.017275
14 0.425045871559633 0.377625 0.5965006553079948 0.016458333333333332
14 0.46128440366972473 0.5631499999999999 0.6663695937090433 0.018925
14 0.40111402359108783 0.5956416666666666 0.5460288335517693 0.016458333333333332