15 0.4453826850690088 0.28691666666666665 0.6165872020075283 0.056625
15 0.44754077791718944 0.425675 0.619297365119197 0.06471666666666666
15 0.44405269761606025 0.22901666666666667 0.6161856963613551 0.05369166666666667
15 0.44856963613550815 0.5910333333333333 0.620702634880803 0.076275
15 0.44686323713927223 0.5056833333333334 0.6215056461731493 0.093975
15 0.4499247176913425 0.8311000000000001 0.6056587202007528 0.03785
15 0.44316185696361354 0.16958333333333334 0.6125972396486826 0.05939166666666666
15 0.44828105395232115 0.7668666666666667 0.6102509410288582 0.089225
15 0.44636135508155583 0.3537166666666666 0.6175533249686324 0.07465833333333334
28 0.44439146800501883 0.12311666666666668 0.0797616060225847 0.02115
15 0.44859473023839397 0.6760916666666666 0.6069761606022585 0.08873333333333333