28 0.47646936656282446 0.115775 0.06234683281412253 0.018725
15 0.47697819314641743 0.3658166666666667 0.6508515057113188 0.060608333333333334
15 0.47713395638629286 0.465975 0.6467289719626168 0.049808333333333336
15 0.4788473520249221 0.5073083333333334 0.6437902388369678 0.03195833333333333
15 0.4791484942886812 0.5766749999999999 0.6486396677050883 0.047733333333333336
15 0.45875389408099687 0.143 0.6028245067497404 0.02890833333333333
15 0.4127829698857736 0.17532499999999998 0.5070924195223261 0.029666666666666668
15 0.4364797507788162 0.20689166666666667 0.5601765316718588 0.02890833333333333
15 0.47296988577362414 0.24530833333333335 0.6312668743509865 0.0464
15 0.47344755970924196 0.301975 0.6341121495327102 0.060849999999999994
15 0.47581516095534787 0.41949166666666665 0.6483281412253376 0.044875
15 0.4824506749740395 0.7671083333333333 0.6388473520249222 0.04791666666666667
15 0.48198338525441325 0.7264166666666667 0.637902388369678 0.031950000000000006
15 0.48150571131879544 0.693325 0.6407476635514018 0.03270833333333333
15 0.4796053997923157 0.653775 0.6483281412253376 0.044875
15 0.4791381100726895 0.6157416666666666 0.6473727933541017 0.03270833333333333
15 0.47677050882658356 0.5366333333333334 0.64263759086189 0.02814166666666667