27 0.14823293172690763 0.05599166666666666 0.04547523427041499 0.014066666666666667
31 0.5296519410977242 0.05586666666666667 0.19248995983935743 0.022158333333333332
13 0.5342168674698795 0.1467 0.8140963855421687 0.13923333333333335
21 0.5355020080321284 0.23494166666666666 0.8132931726907631 0.03655
21 0.5382195448460508 0.2786166666666666 0.8144444444444444 0.04901666666666667
21 0.5384872824631861 0.33794166666666664 0.8206024096385542 0.06785833333333334
21 0.5405087014725569 0.6474416666666666 0.8199330655957162 0.0871
21 0.5394511378848729 0.767375 0.8220481927710844 0.15065833333333334
17 0.5373360107095047 0.44463333333333327 0.08738955823293172 0.024675
17 0.43866131191432395 0.5057333333333334 0.602904953145917 0.040641666666666666
20 0.18749665327978582 0.55265 0.12366800535475234 0.0197
14 0.7908969210174028 0.5498500000000001 0.30334672021419007 0.026783333333333333
14 0.8089290495314592 0.583375 0.27247657295850064 0.020916666666666667
25 0.4862784471218206 0.8802833333333333 0.6941097724230254 0.012341666666666667