31 0.49463878326996197 0.09848333333333334 0.14339670468948035 0.024125
14 0.35804816223067176 0.13429166666666667 0.3828010139416983 0.029075
14 0.49485424588086185 0.16886666666666666 0.6536121673003803 0.03895833333333333
14 0.4950950570342205 0.20899166666666666 0.6625348542458809 0.04144166666666666
14 0.49297845373890997 0.25050833333333333 0.6498605830164765 0.037441666666666665
14 0.49134347275031687 0.28276666666666667 0.6493916349809886 0.018616666666666667
14 0.49297845373890997 0.3125583333333333 0.655487959442332 0.0356
14 0.4943852978453739 0.35253333333333337 0.6526742712294044 0.043333333333333335
14 0.49462610899873255 0.41441666666666666 0.6615969581749049 0.03563333333333333
14 0.45613434727503166 0.44389999999999996 0.5846261089987326 0.022366666666666667
14 0.4526235741444867 0.46489166666666665 0.574765525982256 0.019899999999999998
14 0.4896958174904943 0.485725 0.6432953105196452 0.018983333333333335
14 0.43923954372623575 0.5076416666666667 0.5451964512040558 0.022074999999999997
14 0.48946768060836504 0.5290916666666666 0.6512674271229405 0.018683333333333333
14 0.36367553865652724 0.549775 0.4053358681875792 0.019308333333333334
14 0.4153105196451204 0.5707666666666666 0.508593155893536 0.016841666666666668
14 0.4652851711026616 0.588975 0.5944740177439798 0.01746666666666667
14 0.492509505703422 0.6109 0.6489226869455006 0.019325000000000002
14 0.40779467680608367 0.6298833333333334 0.48230671736375164 0.0184
14 0.4368948035487959 0.6513333333333333 0.5461343472750316 0.018716666666666666
14 0.4570722433460076 0.6701666666666667 0.5808618504435995 0.019341666666666667
14 0.40779467680608367 0.6897666666666666 0.4879340937896071 0.01595
14 0.41342205323193915 0.7119916666666667 0.49920152091254755 0.019658333333333333
14 0.4908745247148289 0.7319 0.6484537389100127 0.020591666666666668
14 0.43783269961977184 0.7528916666666667 0.5367427122940431 0.018125
14 0.40826362484157164 0.7714083333333334 0.48324461343472747 0.021833333333333333
14 0.4127249683143219 0.7945666666666666 0.5006083650190114 0.019991666666666665
14 0.49134347275031687 0.8248166666666666 0.6493916349809886 0.042225
36 0.5077820025348543 0.8688083333333333 0.15278833967046895 0.10366666666666667