20 0.4582763157894737 0.14143333333333333 0.6822105263157895 0.02305
30 0.45571052631578945 0.11605833333333335 0.2698815789473684 0.02355
28 0.7748684210526315 0.116875 0.03038157894736842 0.019683333333333334
20 0.4734473684210526 0.8124583333333334 0.6680526315789475 0.06927499999999999
20 0.29025 0.6815083333333333 0.32885526315789476 0.11216666666666666
20 0.6324868421052632 0.6798916666666667 0.3350526315789473 0.10176666666666667
21 0.6247894736842105 0.6127750000000001 0.26153947368421054 0.023816666666666667
7 0.45727631578947364 0.39786666666666665 0.6512894736842105 0.19595833333333335
20 0.43761842105263155 0.515875 0.6324868421052632 0.022733333333333335
20 0.45385526315789476 0.53915 0.6615526315789473 0.01948333333333333
20 0.45299999999999996 0.5732583333333333 0.6598421052631579 0.042225
20 0.4615394736842105 0.2739083333333333 0.6769342105263159 0.023816666666666667
20 0.4598289473684211 0.23979999999999999 0.6803552631578949 0.04439166666666667
20 0.45556578947368426 0.20786666666666667 0.6820657894736842 0.01948333333333333
20 0.45556578947368426 0.18783333333333332 0.6820657894736842 0.022733333333333335
20 0.45471052631578945 0.1651 0.6871842105263157 0.022733333333333335
16 0.45556578947368426 0.7610916666666666 0.6512894736842105 0.02815