20 0.49796737766624843 0.0974 0.5724592220828105 0.013541666666666667
20 0.5136511919698871 0.10885833333333333 0.6069636135508155 0.013541666666666667
20 0.5309033877038896 0.128125 0.6414680050188206 0.022916666666666665
20 0.5473651191969887 0.15 0.6806775407779172 0.025
20 0.5222710163111669 0.16823333333333332 0.6336260978670013 0.011458333333333333
17 0.32465495608531997 0.18854166666666666 0.24153074027603513 0.010416666666666666
17 0.3795483061480552 0.35104166666666664 0.3575909661229611 0.016666666666666666
17 0.317603513174404 0.540625 0.21800501882057716 0.010416666666666666
17 0.2909410288582183 0.56615 0.17095357590966123 0.015625
23 0.5293350062735257 0.228125 0.7387076537013801 0.05416666666666667
23 0.5117440401505646 0.30040833333333333 0.6985947302383939 0.07209166666666667
23 0.5314805520702635 0.3884416666666667 0.7218695106649938 0.05644999999999999
23 0.5272145545796738 0.45915833333333333 0.7241279799247177 0.06709999999999999
23 0.5245169385194479 0.510025 0.7295232120451693 0.02370833333333333
23 0.5296737766624843 0.6092416666666667 0.7317440401505647 0.066925
31 0.533249686323714 0.9113083333333333 0.09141781681304893 0.020241666666666665