27 0.5715435356200528 0.15110833333333334 0.12775725593667547 0.016425000000000002
17 0.5717810026385225 0.3903416666666667 0.35397097625329815 0.035625
15 0.5727440633245382 0.18028333333333332 0.6314775725593668 0.03958333333333333
15 0.5710422163588391 0.2265833333333333 0.6309894459102903 0.054408333333333336
15 0.5041160949868074 0.2668666666666667 0.4971240105540897 0.0183
15 0.5754353562005277 0.29480833333333334 0.6280606860158311 0.035291666666666666
15 0.5737335092348285 0.33060833333333334 0.6275725593667546 0.03283333333333333
15 0.5707915567282322 0.443125 0.6334300791556728 0.04119166666666667
15 0.5703034300791557 0.47291666666666665 0.6324538258575197 0.017433333333333335
15 0.5734828496042216 0.5002333333333333 0.6300131926121372 0.033183333333333336
15 0.5729947229551451 0.547775 0.6290369393139842 0.05418333333333333
15 0.5729947229551451 0.60195 0.6290369393139842 0.05698333333333333
15 0.5737335092348285 0.6501 0.6275725593667546 0.03476666666666667
15 0.5747097625329816 0.68745 0.6295250659630607 0.03539166666666667
15 0.5766622691292876 0.725725 0.6334300791556728 0.037875
15 0.5407519788918206 0.7552083333333334 0.5528232189973615 0.020908333333333334
32 0.562269129287599 0.8359333333333333 0.10332453825857518 0.099025