27 0.44049071618037133 0.12688333333333332 0.12550397877984085 0.017958333333333333
17 0.4370557029177719 0.15574166666666667 0.08326259946949602 0.021975
17 0.43729442970822285 0.23646666666666666 0.0866976127320955 0.026016666666666667
17 0.44 0.5378916666666667 0.08326259946949602 0.019608333333333335
17 0.4434350132625995 0.6161416666666667 0.10192307692307692 0.026116666666666667
15 0.4416976127320955 0.19525833333333334 0.6731564986737401 0.050383333333333336
15 0.44194960212201595 0.28678333333333333 0.6589124668435014 0.06368333333333333
15 0.4416976127320955 0.3454333333333333 0.6613660477453581 0.04765
15 0.44440318302387266 0.40747500000000003 0.6638196286472148 0.07545
15 0.326525198938992 0.45455 0.4221883289124668 0.019591666666666667
15 0.32750663129973473 0.47353333333333336 0.418262599469496 0.014966666666666668
15 0.44611405835543766 0.503475 0.6584217506631299 0.045225
15 0.44342175066312994 0.5800333333333333 0.6618567639257295 0.057591666666666666
15 0.4473474801061008 0.6710916666666666 0.6638196286472148 0.07675
15 0.44513262599469494 0.7420916666666667 0.6564588859416446 0.06319166666666666
15 0.44660477453580905 0.7927083333333333 0.6535145888594165 0.03480833333333334