28 0.1873342354533153 0.06699166666666667 0.03387009472259811 0.018558333333333333
30 0.5599323410013533 0.06545000000000001 0.24680649526387008 0.022875
22 0.3580243572395128 0.09454166666666666 0.3657645466847091 0.027491666666666668
22 0.33539918809201624 0.1187 0.3185656292286874 0.02408333333333333
22 0.28251691474966173 0.14356666666666668 0.21081190798376184 0.023291666666666665
22 0.3547767253044655 0.18678333333333333 0.3826928281461434 0.06280833333333334
22 0.35200270635994585 0.243825 0.3830175913396482 0.05059166666666667
22 0.3092016238159675 0.281925 0.2954533152909337 0.025733333333333334
22 0.3108254397834912 0.30648333333333333 0.28698240866035185 0.025541666666666664
22 0.3523274695534506 0.37677499999999997 0.3914749661705007 0.11198333333333332
22 0.3583491204330176 0.45314166666666666 0.3820297699594046 0.040975000000000004
22 0.3342625169147497 0.486225 0.33385656292286875 0.025341666666666665
22 0.3588362652232747 0.5227166666666666 0.3810554803788904 0.050216666666666666
22 0.2857645466847091 0.5612166666666667 0.23686062246278755 0.026166666666666664
22 0.3466305818673884 0.5858749999999999 0.35859269282814615 0.024966666666666668
22 0.35445196211096075 0.6366166666666667 0.389851150202977 0.07831666666666667
22 0.32629228687415424 0.7996333333333333 0.24564276048714478 0.07715833333333334
22 0.32531799729364 0.8528666666666667 0.2475913396481732 0.030858333333333335
22 0.35445196211096075 0.7170166666666666 0.38594046008119076 0.08034166666666666
22 0.7402029769959404 0.8524666666666667 0.3214343707713126 0.03486666666666667
22 0.7585926928281461 0.8120583333333333 0.387510148849797 0.049091666666666665
22 0.7244113667117728 0.3344333333333333 0.27618403247631934 0.027308333333333337
22 0.7607036535859268 0.36751666666666666 0.3819756427604871 0.03573333333333333
22 0.7633152909336942 0.40581666666666666 0.3871853856562923 0.03775
22 0.7597293640054128 0.44130833333333336 0.39174560216508797 0.03415
22 0.6899052774018944 0.4719833333333333 0.24232746955345064 0.025741666666666666
22 0.7584303112313938 0.5102833333333333 0.3852368064952639 0.04940833333333333
22 0.7636400541271989 0.5671333333333333 0.3839242219215156 0.06325833333333333
22 0.76234100135318 0.6322 0.3774154262516915 0.06468333333333334
22 0.7646143437077131 0.6938583333333334 0.3819756427604871 0.061691666666666665
22 0.7646143437077131 0.7460916666666666 0.3741677943166441 0.037441666666666665
22 0.6925169147496617 0.7753666666666668 0.22020297699594044 0.021408333333333335
22 0.7013125845737482 0.21735833333333332 0.22604871447902572 0.024116666666666668
22 0.7125439783491205 0.185775 0.20749661705006767 0.034333333333333334
22 0.7182408660351827 0.15539999999999998 0.21303112313937755 0.0253
22 0.7206765899864682 0.12933333333333333 0.22377537212449256 0.026091666666666666
13 0.6938159675236807 0.09734999999999999 0.17592692828146142 0.03791666666666667
16 0.761041948579161 0.23700833333333335 0.1951150202976996 0.0153
16 0.7633288227334236 0.27991666666666665 0.15280108254397834 0.019316666666666666
16 0.758917456021651 0.3060833333333333 0.29441136671177265 0.017525000000000002
8 0.7590798376184033 0.25325 0.3865358592692828 0.014100000000000001