25 0.09619428571428572 0.10416666666666667 0.059051428571428574 0.022225
35 0.46952 0.10416666666666667 0.3752342857142857 0.022225
25 0.8457142857142858 0.10069166666666667 0.03809142857142857 0.020833333333333332
13 0.46380571428571427 0.15833333333333333 0.11237714285714286 0.025
23 0.46285714285714286 0.19583333333333333 0.8152342857142858 0.03333333333333333
13 0.5057142857142857 0.228475 0.7257142857142858 0.029166666666666667
13 0.5028571428571429 0.265275 0.7314285714285714 0.041666666666666664
13 0.5019085714285715 0.309025 0.7333371428571428 0.040275
13 0.5047657142857143 0.35208333333333336 0.7352342857142857 0.04305833333333334
13 0.5047657142857143 0.39791666666666664 0.7314285714285714 0.04305833333333334
23 0.4657142857142857 0.44097499999999995 0.7942857142857143 0.034725
23 0.3780914285714286 0.475 0.5580914285714286 0.019441666666666666
20 0.7123771428571429 0.5131916666666667 0.26666285714285715 0.0375