28 0.23408560311284046 0.11190833333333333 0.05215304798962386 0.0232
32 0.5484565499351491 0.10928333333333332 0.188041504539559 0.023508333333333332
21 0.5489234760051881 0.153425 0.6731906614785992 0.03771666666666666
21 0.36849546044098574 0.18386666666666665 0.312295719844358 0.020133333333333333
21 0.5505966277561608 0.24109999999999998 0.6679118028534371 0.09084166666666667
21 0.5537224383916991 0.32521666666666665 0.6712710765239948 0.07203333333333334
21 0.5573281452658885 0.41118333333333335 0.6659792477302205 0.09026666666666666
21 0.5566018158236057 0.474 0.6712710765239948 0.03626666666666667
21 0.5556420233463035 0.533575 0.6693514915693904 0.07764166666666666
21 0.5590142671854734 0.6201583333333334 0.6703112840466925 0.09340833333333333
21 0.5666926070038911 0.6968666666666666 0.6799092088197147 0.05607500000000001
21 0.5369779507133593 0.7348166666666667 0.6304409857328145 0.015033333333333333
21 0.5613229571984435 0.7527833333333334 0.6793514915693903 0.02121666666666667
21 0.5662127107652399 0.778975 0.6674189364461739 0.03510833333333334
21 0.5669390402075227 0.8167916666666667 0.6717509727626458 0.03480833333333334
21 0.5686121919584954 0.859075 0.6722308690012969 0.04531666666666667