31 0.4286079182630907 0.14973333333333333 0.1037037037037037 0.021683333333333332
17 0.4199744572158365 0.20639166666666667 0.15882503192848021 0.021116666666666666
23 0.42320561941251594 0.29954166666666665 0.6165134099616858 0.12964166666666666
23 0.4213154533844189 0.4152416666666667 0.608492975734355 0.09993333333333333
23 0.421698595146871 0.4965583333333333 0.616794380587484 0.06244166666666667
23 0.4217752234993614 0.5700416666666667 0.6166538952745849 0.08214166666666665
23 0.28762452107279696 0.6206499999999999 0.348544061302682 0.019816666666666666
17 0.417816091954023 0.681075 0.2754916985951469 0.0184
20 0.3374840357598978 0.724075 0.40251596424010216 0.020375
20 0.4331417624521072 0.7454583333333333 0.5939080459770114 0.022975
20 0.3732567049808429 0.7658333333333334 0.471021711366539 0.01834166666666667
20 0.2901404853128991 0.7873583333333334 0.3094508301404853 0.016941666666666664
20 0.3856194125159642 0.8078583333333333 0.5101532567049808 0.0204