28 0.5416243654822335 0.11528333333333333 0.1072969543147208 0.022841666666666666
15 0.549746192893401 0.5531083333333333 0.5907741116751268 0.038175
24 0.19275380710659898 0.15508333333333332 0.09086294416243654 0.048875
15 0.5533248730964466 0.2930833333333333 0.5846700507614213 0.03228333333333334
15 0.5498984771573604 0.5913666666666667 0.5892131979695432 0.03490833333333333
15 0.5522081218274112 0.6275166666666666 0.5922842639593909 0.03521666666666667
15 0.4639213197969543 0.6615833333333333 0.41530456852791875 0.0206
24 0.1893274111675127 0.5585416666666667 0.057563451776649746 0.039325
15 0.5482868020304569 0.5153416666666666 0.5884771573604062 0.032525
15 0.5406091370558376 0.6904916666666667 0.5767131979695431 0.034258333333333335
15 0.5501522842639593 0.17594166666666666 0.5966878172588832 0.020541666666666666
24 0.20558375634517767 0.20760833333333334 0.06563451776649747 0.029908333333333335
15 0.5248604060913705 0.4795 0.5342766497461929 0.018725
15 0.5540862944162437 0.2634916666666667 0.5926649746192894 0.022808333333333333
15 0.5513451776649746 0.43734166666666663 0.5803807106598985 0.023216666666666667
15 0.5613832487309645 0.45899166666666663 0.5998984771573604 0.021666666666666667
24 0.8975761421319797 0.26709166666666667 0.0567766497461929 0.060025
15 0.5480964467005076 0.41529166666666667 0.5740609137055838 0.021991666666666666
15 0.5490482233502538 0.145175 0.5937817258883249 0.03835
15 0.55001269035533 0.37819166666666665 0.5794035532994923 0.0316
15 0.5483121827411167 0.20884166666666668 0.5971446700507614 0.03515833333333333
15 0.5401522842639593 0.7712666666666667 0.5735786802030457 0.021091666666666665
24 0.8916370558375635 0.7833333333333333 0.028895939086294415 0.032175
24 0.8845812182741116 0.3560166666666667 0.08560913705583756 0.07286666666666666
24 0.8679314720812182 0.43981666666666663 0.03645939086294416 0.0406
24 0.17992385786802031 0.7682583333333333 0.07450507614213198 0.049966666666666666
15 0.4993654822335025 0.24046666666666666 0.48508883248730966 0.024983333333333333
15 0.45338832487309644 0.3227083333333333 0.3931472081218274 0.0229
15 0.5493020304568528 0.347175 0.5849619289340101 0.030191666666666665
15 0.5231345177664974 0.719325 0.5358248730964468 0.024983333333333333
15 0.43595177664974616 0.745875 0.3582741116751269 0.030191666666666665
15 0.5461294416243655 0.8010416666666667 0.5881345177664975 0.03643333333333333