28 0.17015572858731925 0.077525 0.02539488320355951 0.020749999999999998
28 0.8615350389321468 0.09522499999999999 0.03959955506117909 0.029058333333333332
7 0.2504671857619577 0.24588333333333334 0.19503893214682982 0.1726
7 0.4727474972191324 0.2425 0.1668520578420467 0.165
7 0.7452725250278087 0.24083333333333334 0.25361512791991103 0.16833333333333333
20 0.5283648498331479 0.12916666666666668 0.7630700778642937 0.03833333333333333
19 0.5205784204671857 0.37333333333333335 0.7385984427141268 0.06666666666666667
19 0.5272525027808677 0.51 0.743047830923248 0.16333333333333333
19 0.5183537263626251 0.7441666666666666 0.7385984427141268 0.255
16 0.529944382647386 0.4215416666666667 0.056818687430478305 0.015733333333333332
16 0.5280867630700778 0.6061666666666666 0.10252502780867631 0.020358333333333332
10 0.25261401557285873 0.31881666666666664 0.07781979977753058 0.019433333333333334
10 0.4811457174638487 0.319275 0.09511679644048944 0.022208333333333333
10 0.7504449388209121 0.32066666666666666 0.06547274749721914 0.023133333333333336
16 0.5280867630700778 0.09578333333333333 0.18899888765294773 0.032391666666666666