20 0.48658884565499355 0.4395416666666667 0.8892088197146564 0.111375
20 0.4960700389105059 0.21941666666666668 0.8905058365758756 0.07495
20 0.4849546044098573 0.5261916666666666 0.8915693904020752 0.06723333333333334
20 0.48700389105058367 0.60685 0.8852140077821011 0.0693
20 0.48632944228274966 0.28729166666666667 0.8910376134889754 0.058791666666666666
20 0.4880025940337224 0.8392416666666667 0.8860700389105058 0.06080833333333333
20 0.4851491569390402 0.7889416666666667 0.8830090791180285 0.03388333333333333
20 0.48474708171206227 0.14894166666666667 0.8804928664072633 0.05531666666666666
20 0.4866147859922179 0.35069999999999996 0.8873151750972763 0.060825
20 0.48098573281452656 0.747475 0.8764721141374838 0.045941666666666665
20 0.2639299610894942 0.71235 0.3856290531776913 0.019875
28 0.4876394293125811 0.06338333333333333 0.05046692607003891 0.020216666666666668
16 0.4902853437094682 0.6790083333333333 0.682360570687419 0.0308
13 0.482697795071336 0.10375833333333334 0.8741504539559014 0.04203333333333333