10 0.3694684796044499 0.7035333333333333 0.3736588380716935 0.320075
10 0.36592088998763905 0.40126666666666666 0.37278121137206427 0.17744166666666666
10 0.3637577255871446 0.24401666666666666 0.36828182941903587 0.133975
11 0.36745364647713225 0.14611666666666667 0.36813349814585905 0.061933333333333326
10 0.7491841779975279 0.6817916666666667 0.37449938195302845 0.11434166666666667
31 0.5506551297898641 0.09857500000000001 0.24432632880098887 0.01785
10 0.754919653893696 0.8181499999999999 0.3743634116192831 0.09208333333333334
10 0.751619283065513 0.5784166666666667 0.3749320148331273 0.09001666666666666
27 0.9169468479604449 0.09709999999999999 0.030840543881334982 0.016266666666666665
10 0.7535475896168109 0.7561583333333334 0.3715327564894932 0.032391666666666666
10 0.36705809641532755 0.5179666666666666 0.3708034610630408 0.05429166666666667
27 0.19102595797280592 0.101425 0.030098887515451176 0.016524999999999998
11 0.7509641532756489 0.2858583333333333 0.37831891223733005 0.34005
10 0.751310259579728 0.49570833333333336 0.3733868974042027 0.07776666666666666