27 0.28430311231393773 0.09879166666666667 0.06242219215155616 0.022891666666666664
31 0.5962516914749662 0.101875 0.49085250338294995 0.02165
13 0.5977401894451962 0.1664 0.7043437077131258 0.10255
21 0.5934912043301759 0.3712083333333333 0.6867929634641408 0.06586666666666667
21 0.5927334235453315 0.4222916666666667 0.6883085250338296 0.040258333333333333
21 0.5934912043301759 0.5601333333333333 0.6867929634641408 0.23260833333333333
21 0.5917320703653586 0.714 0.6923139377537213 0.07923333333333334
21 0.5957374830852503 0.7890083333333333 0.7003247631935047 0.06999166666666666
21 0.6877131258457375 0.24665 0.5083761840324763 0.04824166666666667
22 0.7072665764546684 0.28615833333333335 0.21671177266576455 0.027258333333333332
14 0.4616914749661705 0.3161 0.42322056833558863 0.027883333333333333