31 0.479064039408867 0.0609375 0.1354679802955665 0.028125
27 0.8608374384236454 0.0609375 0.0812807881773399 0.03125
27 0.4852216748768473 0.30859375 0.07881773399014778 0.0296875
21 0.4802955665024631 0.0984375 0.7931034482758621 0.03125
21 0.4827586206896552 0.14140625 0.8029556650246306 0.0515625
21 0.4827586206896552 0.20859375 0.8078817733990148 0.0796875
17 0.48645320197044334 0.365625 0.8004926108374384 0.04375
20 0.47783251231527096 0.43125 0.812807881773399 0.078125
21 0.479064039408867 0.50390625 0.8054187192118226 0.0484375
21 0.479064039408867 0.58125 0.8054187192118226 0.103125
21 0.4802955665024631 0.66171875 0.8078817733990148 0.0515625
25 0.4827586206896552 0.80234375 0.8078817733990148 0.1796875
31 0.3793103448275862 0.90703125 0.5024630541871922 0.0234375
27 0.8214285714285714 0.90546875 0.03201970443349754 0.0328125