28 0.5982337662337662 0.14030833333333334 0.06707792207792207 0.022591666666666666
17 0.4861558441558441 0.162375 0.322012987012987 0.021666666666666667
17 0.47775324675324676 0.617375 0.11759740259740259 0.023025
17 0.47558441558441555 0.65025 0.09306493506493506 0.020258333333333333
17 0.7656103896103896 0.617375 0.12476623376623376 0.019325000000000002
17 0.766090909090909 0.6501 0.10264935064935066 0.018099999999999998
17 0.7634415584415585 0.16330833333333333 0.0887012987012987 0.022291666666666668
19 0.477987012987013 0.6856 0.3287402597402597 0.033541666666666664
19 0.4762987012987013 0.7337583333333333 0.334038961038961 0.06689166666666667
13 0.7636753246753246 0.196025 0.21327272727272728 0.028466666666666664
19 0.768012987012987 0.228125 0.21037662337662338 0.03341666666666667
21 0.770896103896104 0.30391666666666667 0.21615584415584416 0.09425
21 0.7646493506493506 0.38910833333333333 0.21711688311688312 0.07945833333333333
19 0.7663246753246754 0.7224916666666666 0.22144155844155844 0.09806666666666668
19 0.4308571428571428 0.58975 0.23448051948051948 0.017775
19 0.4762987012987013 0.5417583333333333 0.334038961038961 0.07919166666666667
19 0.48038961038961037 0.3902 0.33354545454545453 0.2316416666666667
13 0.4832727272727273 0.22566666666666668 0.33354545454545453 0.09144999999999999