23 0.42506172839506173 0.6266406250000001 0.725925925925926 0.08340625
23 0.414320987654321 0.2435 0.7248148148148148 0.177
23 0.42219753086419753 0.814625 0.731604938271605 0.09678125
29 0.8762469135802469 0.42350000000000004 0.16367901234567903 0.0814375
23 0.42528395061728397 0.71315625 0.725679012345679 0.08765625
23 0.42419753086419754 0.437796875 0.7228888888888888 0.1163125
23 0.4238765432098765 0.1413125 0.7381975308641976 0.035296875
23 0.4210123456790123 0.558734375 0.7240000000000001 0.050015624999999994
23 0.42 0.514046875 0.7205679012345678 0.039875
31 0.42145679012345677 0.11274999999999999 0.12545679012345679 0.022093750000000002
23 0.41728395061728396 0.3525 0.7307654320987654 0.031093749999999996
23 0.4211604938271605 0.874953125 0.7224938271604938 0.028968749999999998