14 0.4674177215189873 0.4603083333333333 0.6179873417721519 0.046075
14 0.46567088607594936 0.16843333333333332 0.6142278481012658 0.035783333333333334
14 0.4695822784810127 0.41299166666666665 0.6200632911392405 0.0344
14 0.4642025316455696 0.5154333333333333 0.6195696202531645 0.04375
14 0.46663291139240504 0.36016666666666663 0.615253164556962 0.05920833333333333
14 0.46892405063291137 0.29882499999999995 0.612632911392405 0.05026666666666667
14 0.4608607594936709 0.568175 0.6240379746835443 0.04473333333333333
14 0.46556962025316456 0.23093333333333332 0.609240506329114 0.07596666666666667
14 0.45762025316455696 0.6802333333333334 0.6210253164556963 0.059175000000000005
14 0.4629746835443038 0.6184583333333333 0.6244810126582279 0.04878333333333333
14 0.4585316455696203 0.7994083333333333 0.6195569620253164 0.03419166666666667
31 0.4578227848101266 0.131575 0.09105063291139241 0.026758333333333332
14 0.45958227848101263 0.7611333333333333 0.6159493670886076 0.03224166666666666
14 0.4575063291139241 0.7264666666666667 0.6213037974683544 0.019408333333333333