7 0.5170229007633588 0.7349833333333333 0.10295165394402035 0.024916666666666667
14 0.4574045801526717 0.101875 0.6481043256997456 0.025358333333333333
14 0.26282442748091606 0.12734166666666666 0.27025445292620864 0.022583333333333334
14 0.26611959287531806 0.15358333333333335 0.2655470737913486 0.023208333333333334
14 0.25717557251908396 0.17950833333333333 0.24198473282442748 0.023216666666666667
14 0.3650636132315522 0.20729166666666668 0.4634223918575064 0.023225
14 0.25151399491094145 0.23136666666666666 0.2363358778625954 0.015825
14 0.2606997455470738 0.254675 0.26318066157760817 0.02355
14 0.2769592875318066 0.27998333333333336 0.27590330788804074 0.02231666666666667
14 0.21830788804071247 0.3065333333333333 0.1670737913486005 0.023558333333333334
14 0.22207379134860053 0.33184166666666665 0.1802671755725191 0.01863333333333333
14 0.27884223918575063 0.357775 0.2966412213740458 0.026041666666666668
14 0.2882697201017812 0.38525000000000004 0.3098346055979644 0.02173333333333333
14 0.25151399491094145 0.41055833333333336 0.2363358778625954 0.024208333333333335
14 0.22041984732824427 0.4364916666666666 0.16283715012722647 0.020508333333333333
14 0.24256997455470738 0.4618 0.21277353689567433 0.02669166666666667
14 0.335852417302799 0.5025499999999999 0.3993384223918575 0.023
14 0.42395674300254454 0.5280166666666667 0.5755470737913486 0.020225
14 0.4385623409669211 0.5534833333333333 0.5991094147582697 0.024866666666666665
14 0.4710687022900763 0.5797166666666667 0.6697837150127227 0.021783333333333335
14 0.3450381679389313 0.6050333333333333 0.4205470737913486 0.020558333333333335
14 0.5045165394402036 0.631575 0.736679389312977 0.0218
14 0.5162977099236641 0.665225 0.7545801526717557 0.044649999999999995
14 0.37825699745547076 0.7031916666666667 0.478498727735369 0.024283333333333334