19 0.5277878395860285 0.6526666666666667 0.6973091849935317 0.09630833333333333
19 0.5263648124191462 0.36745 0.69496765847348 0.10771666666666666
19 0.5265847347994825 0.5730083333333333 0.6957438551099612 0.057025000000000006
19 0.5292367399741268 0.7327583333333333 0.7031824062095731 0.054825000000000006
19 0.5262095730918499 0.2579666666666667 0.7102457956015523 0.039058333333333334
19 0.5232988357050453 0.44560833333333333 0.7025614489003882 0.042466666666666666
19 0.5263389391979302 0.47475833333333334 0.6986028460543338 0.015500000000000002
27 0.20152652005174645 0.10778333333333334 0.03379042690815007 0.019816666666666666
25 0.5357567917205692 0.8148 0.7102199223803364 0.04751666666666667
19 0.5278783958602846 0.17575000000000002 0.7063260025873221 0.03556666666666666
19 0.5234540750323415 0.2170166666666667 0.7029495472186287 0.038875
31 0.5291203104786546 0.11000833333333332 0.34928848641655885 0.021116666666666666
20 0.5283958602846054 0.13959166666666667 0.7082923673997412 0.0356
19 0.5269081500646831 0.3012666666666666 0.6743078913324709 0.023791666666666666
19 0.5252134540750324 0.5131666666666667 0.6907632600258733 0.060625
19 0.5302587322121604 0.7719166666666666 0.7008408796895214 0.025983333333333334