2 0.8118742138364781 0.3097916666666667 0.07984905660377357 0.20599166666666666
2 0.7093836477987422 0.7382416666666667 0.28855345911949687 0.22216666666666668
5 0.7061257861635221 0.8387083333333334 0.06961006289308176 0.01753333333333333
5 0.8053584905660377 0.40515833333333334 0.06680503144654087 0.018958333333333334
27 0.5207295597484277 0.11360833333333334 0.11250314465408805 0.022891666666666664
20 0.5214088050314465 0.17935833333333331 0.6645157232704402 0.08773333333333333
19 0.48017610062893085 0.2778333333333333 0.5792704402515723 0.1069
19 0.4778490566037736 0.375375 0.5802012578616352 0.08716666666666666
19 0.519308176100629 0.5457833333333334 0.6631194968553459 0.25020000000000003
19 0.3739748427672956 0.7075166666666667 0.37245283018867925 0.069975
19 0.3749056603773585 0.7970416666666668 0.37991194968553454 0.10827500000000001