31 0.48343037974683545 0.11624166666666667 0.131126582278481 0.022458333333333334
27 0.786367088607595 0.11960833333333333 0.0490632911392405 0.025225
34 0.45997468354430376 0.177525 0.5047974683544304 0.09755
13 0.47288607594936705 0.24623333333333336 0.6688101265822785 0.03128333333333333
19 0.4745443037974683 0.29520833333333335 0.675113924050633 0.040233333333333336
19 0.4731898734177215 0.37250833333333333 0.6754177215189874 0.11175833333333335
19 0.4739367088607595 0.45011666666666666 0.6739113924050633 0.043508333333333336
19 0.4718354430379747 0.526225 0.6757088607594937 0.11265833333333333
19 0.46973417721518984 0.60675 0.665506329113924 0.04429166666666667
19 0.4691392405063291 0.6830583333333333 0.6643037974683543 0.10989166666666667
19 0.46387341772151897 0.7614583333333333 0.6748101265822785 0.04321666666666667
19 0.46253164556962023 0.8089083333333333 0.6631012658227848 0.0511