25 0.1561264367816092 0.11180833333333333 0.04789655172413793 0.015274999999999999
35 0.541183908045977 0.11180833333333333 0.41954022988505746 0.018058333333333336
25 0.9233678160919541 0.11110833333333335 0.04980459770114942 0.019441666666666666
13 0.5421494252873563 0.14652500000000002 0.5900344827586207 0.018058333333333336
13 0.5373563218390804 0.19722499999999998 0.09003448275862069 0.013891666666666668
13 0.5354367816091954 0.31875 0.08620689655172414 0.018058333333333336
13 0.5421494252873563 0.5291666666666667 0.0957816091954023 0.016666666666666666
23 0.5392758620689655 0.2513916666666667 0.8103448275862069 0.061108333333333334
23 0.5383103448275862 0.35485833333333333 0.8199195402298851 0.0375
23 0.547896551724138 0.4125 0.8199195402298851 0.072225
23 0.5431034482758621 0.4756916666666667 0.8103448275862069 0.04860833333333333
23 0.5450229885057472 0.5666666666666667 0.8141724137931035 0.044441666666666664
28 0.9013448275862068 0.88125 0.07088505747126438 0.020833333333333332