30 0.4477733333333333 0.15944166666666668 0.22493333333333332 0.020125
28 0.7386266666666667 0.15775 0.042186666666666664 0.018583333333333334
15 0.28832 0.19665 0.30376 0.036325
15 0.2858266666666667 0.22010833333333332 0.30074666666666666 0.011933333333333334
15 0.28616 0.23939166666666664 0.29741333333333336 0.024241666666666665
15 0.26448 0.25680833333333336 0.2540533333333333 0.010275
15 0.2438 0.26890000000000003 0.21269333333333335 0.01195
15 0.2858266666666667 0.285275 0.30074666666666666 0.020916666666666667
15 0.23929333333333333 0.303 0.20569333333333334 0.013833333333333335
15 0.24362666666666666 0.31540833333333335 0.21436000000000002 0.009875
15 0.28665333333333337 0.33198333333333335 0.3004133333333333 0.021766666666666667
15 0.27248 0.3497 0.29008 0.014666666666666668
15 0.28365333333333337 0.36825833333333335 0.3064266666666667 0.021758333333333334
15 0.28916000000000003 0.3902583333333333 0.3034266666666667 0.024475
15 0.28665333333333337 0.41528333333333334 0.3004133333333333 0.024483333333333333
15 0.2858266666666667 0.439475 0.30074666666666666 0.025325
15 0.28765333333333337 0.46419166666666667 0.29841333333333336 0.023450000000000002
15 0.28616 0.4860833333333333 0.3094266666666667 0.022208333333333333
15 0.2868266666666667 0.5100666666666667 0.30676 0.025133333333333334
15 0.28816 0.5392583333333334 0.3094266666666667 0.03598333333333333
15 0.25579999999999997 0.5632416666666666 0.24070666666666668 0.013891666666666668
15 0.24813333333333332 0.5759583333333333 0.21736000000000003 0.011808333333333334
15 0.28616 0.5943166666666666 0.3014133333333333 0.023491666666666668
15 0.23245333333333335 0.6101583333333334 0.1900133333333333 0.01265
15 0.23012 0.622675 0.18133333333333335 0.01015
15 0.25062666666666666 0.6345583333333333 0.22436 0.013908333333333335
15 0.2886533333333334 0.670225 0.3044266666666667 0.057708333333333334
15 0.28432 0.7099500000000001 0.30376 0.02581666666666667
15 0.2868266666666667 0.7513416666666667 0.30276 0.05731666666666667
15 0.29216000000000003 0.7929416666666667 0.3094266666666667 0.024166666666666666
13 0.61024 0.188925 0.29904000000000003 0.028383333333333337
15 0.6075733333333333 0.21363333333333334 0.3017066666666667 0.024008333333333333
15 0.6047333333333333 0.25545 0.30204 0.058850000000000006
15 0.6054 0.3078916666666667 0.2993733333333333 0.047391666666666665
15 0.6054 0.3545 0.30337333333333333 0.04928333333333333
15 0.6042266666666667 0.3909916666666667 0.30304 0.024683333333333335
15 0.55904 0.4103833333333333 0.20264 0.013433333333333334
15 0.6074 0.4275916666666667 0.2953733333333333 0.024066666666666667
15 0.6077333333333333 0.45250833333333335 0.29604 0.022616666666666667
15 0.6074 0.4810833333333333 0.2953733333333333 0.034716666666666667
15 0.6057333333333333 0.5084000000000001 0.30804 0.0243
15 0.6074 0.5392583333333334 0.30337333333333333 0.03348333333333333
15 0.6052266666666667 0.5685583333333333 0.30504 0.025775
15 0.6064 0.5930666666666666 0.30537333333333333 0.023491666666666668
15 0.6044 0.6151666666666668 0.2973733333333333 0.020158333333333334
15 0.6084 0.63915 0.3013733333333333 0.025583333333333333
15 0.6062266666666667 0.6639666666666667 0.29504 0.022675
15 0.6038933333333334 0.6854416666666666 0.2983733333333333 0.0231
15 0.6075733333333333 0.7096333333333333 0.3017066666666667 0.023941666666666667
15 0.57204 0.7277750000000001 0.23666666666666666 0.012683333333333335
15 0.6084 0.7469666666666667 0.30537333333333333 0.023533333333333333
15 0.6074 0.7700083333333333 0.30337333333333333 0.023325
15 0.6097333333333333 0.7934666666666667 0.30004000000000003 0.023958333333333335