31 0.4708171206225681 0.11350833333333334 0.5092996108949417 0.018691666666666665
27 0.7944876783398184 0.113025 0.049844357976653694 0.01771666666666667
13 0.4656420233463035 0.14074166666666665 0.6935019455252919 0.020375
21 0.46858625162127104 0.18030833333333335 0.6950583657587548 0.057841666666666666
21 0.46980544747081715 0.257775 0.6931647211413747 0.09610833333333334
21 0.4700129701686122 0.3360916666666667 0.6985343709468224 0.058374999999999996
21 0.46582360570687414 0.3844666666666667 0.7025940337224384 0.03940833333333333
18 0.4424254215304799 0.4358583333333333 0.3357717250324254 0.043941666666666664
21 0.47084306095979245 0.49725 0.6995719844357977 0.06394166666666667
22 0.652230869001297 0.5412333333333333 0.145810635538262 0.024133333333333333
17 0.4651232166018158 0.6666416666666667 0.2169001297016861 0.03328333333333333
21 0.4656549935149157 0.7554416666666667 0.7064980544747083 0.119225
21 0.464189364461738 0.8378333333333333 0.6992477302204929 0.042341666666666666