28 0.1684924623115578 0.0703125 0.05321608040201005 0.021140625
32 0.5424120603015076 0.07353125 0.22170854271356782 0.02021875
21 0.543894472361809 0.12040625 0.8010552763819095 0.051468749999999994
20 0.787035175879397 0.16314062499999998 0.30592964824120605 0.022984375
17 0.5475879396984925 0.233921875 0.06354271356783919 0.022984375
17 0.5453768844221105 0.293203125 0.7951507537688443 0.051468749999999994
21 0.5475879396984925 0.40579687499999995 0.7907286432160804 0.0689375
21 0.5490703517587939 0.45771875 0.7966331658291458 0.029406250000000002
21 0.5483417085427136 0.52665625 0.7981155778894472 0.09559375
21 0.5505527638190955 0.6043125 0.7995979899497487 0.050546875000000005
20 0.7907286432160804 0.6470625 0.3192462311557789 0.027578125
25 0.5471105527638191 0.7626875 0.7915075376884422 0.041546875
25 0.3105778894472362 0.79034375 0.2869095477386935 0.01525
25 0.5482412060301507 0.8511093750000001 0.8047989949748744 0.10293749999999999
20 0.27376884422110553 0.3423125 0.2607035175879397 0.0375
20 0.8035678391959798 0.34121875 0.29595477386934677 0.028125