23 0.5430383091149273 0.7680083333333333 0.6337516512549538 0.11756666666666668
23 0.5367899603698811 0.6601166666666667 0.6319550858652576 0.096875
23 0.5309379128137385 0.5114166666666667 0.6309114927344782 0.07440000000000001
23 0.5314795244385733 0.4467166666666666 0.6338573315719946 0.060750000000000005
24 0.5397886393659181 0.18518333333333334 0.6162219286657861 0.036225
23 0.5341611624834874 0.5793166666666666 0.6319418758256274 0.05864166666666667
23 0.5437912813738441 0.25206666666666666 0.6242140026420079 0.09431666666666667
35 0.532443857331572 0.148825 0.22721268163804492 0.023716666666666667
31 0.24424042272126814 0.140875 0.03161162483487451 0.022324999999999998
23 0.5408586525759578 0.338625 0.6259445178335534 0.07530833333333334
18 0.5372523117569352 0.3927833333333333 0.300554821664465 0.03258333333333333