27 0.49148344370860925 0.15486666666666668 0.10666225165562913 0.03486666666666667
13 0.4900662251655629 0.23333333333333334 0.3390728476821192 0.04666666666666667
10 0.4893509933774834 0.286975 0.7043311258278145 0.031141666666666665
10 0.4900662251655629 0.3203416666666667 0.7029139072847683 0.037375
10 0.497841059602649 0.8093166666666666 0.7043311258278145 0.054283333333333336
10 0.4964238410596027 0.7577083333333333 0.7043311258278145 0.04715833333333334
10 0.4943046357615894 0.70965 0.7085827814569536 0.04894166666666666
10 0.49501986754966887 0.6540416666666666 0.7099867549668873 0.06229166666666667
10 0.4957218543046357 0.6059833333333333 0.7085827814569536 0.03559166666666667
10 0.49288741721854307 0.562825 0.705748344370861 0.0525
10 0.4921854304635762 0.5098833333333334 0.7156556291390729 0.05160833333333333
10 0.4943046357615894 0.4547083333333333 0.7085827814569536 0.06050833333333333
10 0.49360264900662254 0.405325 0.7128211920529801 0.03648333333333333
10 0.49501986754966887 0.36261666666666664 0.7128211920529801 0.04715833333333334