16 0.45666666666666667 0.28915833333333335 0.48739348370927316 0.03988333333333333
8 0.4554010025062657 0.14409166666666667 0.6134085213032582 0.06186666666666666
16 0.4593483709273183 0.4010083333333333 0.10711779448621554 0.026441666666666665
15 0.3995363408521303 0.43574999999999997 0.42743107769423555 0.02095
15 0.40229323308270676 0.777675 0.4549248120300752 0.01745
15 0.38032581453634084 0.7561916666666666 0.4111278195488722 0.018358333333333334
15 0.4483458646616541 0.732875 0.5360275689223057 0.020958333333333332
15 0.47102756892230574 0.7031666666666666 0.5758897243107769 0.034675
15 0.4723934837092732 0.6752916666666667 0.5758897243107769 0.020966666666666668
15 0.41466165413533834 0.6528916666666666 0.45766917293233084 0.023716666666666667
15 0.47515037593984966 0.6295833333333334 0.5841353383458646 0.020983333333333333
15 0.4696491228070175 0.603525 0.5731453634085213 0.032875
15 0.46895989974937347 0.5687916666666666 0.571766917293233 0.036533333333333334
15 0.46827067669172934 0.4572416666666667 0.5703884711779449 0.021883333333333334
15 0.47102756892230574 0.5312833333333333 0.5758897243107769 0.031008333333333336
15 0.46895989974937347 0.50295 0.5690225563909774 0.021875
15 0.46895989974937347 0.4801 0.571766917293233 0.02370833333333333