28 0.23083749999999997 0.10106666666666667 0.0533375 0.027133333333333336
30 0.5462250000000001 0.10686666666666668 0.300775 0.024841666666666665
13 0.5464875 0.2826166666666667 0.6846375 0.31245833333333334
21 0.737325 0.45518333333333333 0.10797499999999999 0.021475
16 0.553875 0.5301083333333333 0.2994 0.0241
20 0.546675 0.5927916666666667 0.6891875000000001 0.06335833333333334
17 0.44884999999999997 0.6744249999999999 0.3898 0.08170000000000001
25 0.3753375 0.7630583333333333 0.3298375 0.04685833333333333
25 0.37378749999999994 0.8032166666666667 0.3246625 0.026908333333333333
25 0.37545 0.8253416666666666 0.31853750000000003 0.017825
26 0.7278749999999999 0.7743666666666666 0.32518749999999996 0.05984166666666667
25 0.730875 0.8207916666666667 0.329925 0.03248333333333333