20 0.4497991967871486 0.18 0.7336010709504686 0.06666666666666667
8 0.4564926372155288 0.2525 0.15796519410977242 0.03166666666666667
20 0.45113788487282463 0.34 0.7309236947791165 0.08333333333333333
20 0.45113788487282463 0.425 0.7362784471218207 0.08333333333333333
20 0.4484605087014726 0.47833333333333333 0.7362784471218207 0.02
20 0.44712182061579653 0.5116666666666667 0.7282463186077643 0.04
20 0.4538152610441767 0.5633333333333334 0.7362784471218207 0.06
20 0.45113788487282463 0.6358333333333334 0.7362784471218207 0.07833333333333334
20 0.45515394912985274 0.6983333333333334 0.7336010709504686 0.04666666666666667
20 0.1499330655957162 0.7325 0.1392235609103079 0.021666666666666667
20 0.45113788487282463 0.7866666666666666 0.7416331994645248 0.08666666666666667
28 0.4538152610441767 0.8616666666666667 0.05622489959839357 0.023333333333333334