19 0.47669975186104224 0.209328125 0.7952605459057073 0.12882812500000002
25 0.47419354838709676 0.8231875000000001 0.7980645161290323 0.1548125
13 0.4719106699751861 0.517203125 0.6911166253101737 0.08359375
19 0.4807940446650124 0.30915625 0.7858312655086849 0.0743125
18 0.4938709677419355 0.37425 0.7673200992555832 0.03446875
31 0.4744416873449131 0.085484375 0.1899255583126551 0.0263125
19 0.482605459057072 0.1265 0.7963027295285361 0.0378125
18 0.7618114143920596 0.589828125 0.23488833746898263 0.036375000000000005
19 0.4793052109181141 0.6441250000000001 0.7881141439205955 0.056984375
27 0.8468734491315137 0.08828125 0.03955334987593052 0.023
13 0.47903225806451616 0.4456875 0.0609181141439206 0.029765625
18 0.1513647642679901 0.59453125 0.1588089330024814 0.0265625
19 0.47642679900744417 0.70234375 0.7841191066997518 0.0640625