36 0.13277966101694916 0.11835000000000001 0.16958192090395482 0.07483333333333334
36 0.18606779661016948 0.40428333333333333 0.14205649717514124 0.10016666666666667
36 0.455819209039548 0.7416083333333333 0.05697175141242938 0.022699999999999998
28 0.16753672316384183 0.8454583333333333 0.12265536723163842 0.10548333333333333
17 0.4341129943502825 0.24389166666666667 0.5261581920903955 0.198125
23 0.5275706214689265 0.390175 0.3427796610169492 0.029033333333333335
23 0.5281242937853107 0.4222666666666667 0.3416723163841808 0.02983333333333333
23 0.4907683615819209 0.44826666666666665 0.25595480225988704 0.016816666666666667
7 0.42531073446327683 0.5221666666666667 0.17353672316384183 0.01668333333333333
23 0.42320903954802264 0.66575 0.5550282485875706 0.13318333333333332
34 0.5958983050847457 0.7425499999999999 0.020994350282485873 0.018574999999999998