36 0.33983247422680407 0.8731333333333333 0.17568298969072166 0.11565
23 0.44438144329896906 0.341825 0.6164175257731959 0.20241666666666666
23 0.4485953608247423 0.5534916666666667 0.6198582474226804 0.0889
23 0.44458762886597936 0.7952583333333333 0.6252061855670104 0.058850000000000006
17 0.44311855670103095 0.4921416666666667 0.19908505154639178 0.02128333333333333
17 0.4428092783505155 0.46244166666666664 0.21347938144329898 0.023683333333333334
31 0.4465077319587629 0.14453333333333332 0.08974226804123711 0.022475
23 0.4455412371134021 0.6276083333333333 0.6196005154639175 0.049916666666666665
24 0.4459922680412371 0.17274166666666665 0.6221520618556702 0.036941666666666664
17 0.4423969072164949 0.716325 0.14699742268041235 0.0219
23 0.4443170103092784 0.6705833333333334 0.6167654639175257 0.035783333333333334
17 0.44003865979381446 0.7513333333333333 0.6287371134020618 0.030383333333333335
23 0.44703608247422677 0.21679166666666666 0.617590206185567 0.04869166666666667