10 0.43980053191489366 0.30741666666666667 0.1788696808510638 0.030325
21 0.27523936170212765 0.5413833333333333 0.3186303191489362 0.03358333333333333
32 0.4362234042553192 0.12055833333333332 0.14664893617021277 0.019733333333333332
28 0.7723803191489362 0.12045833333333335 0.03164893617021277 0.020841666666666668
21 0.1864760638297872 0.2919083333333333 0.18746010638297872 0.015516666666666668
21 0.4291755319148936 0.41059166666666663 0.6976329787234042 0.02435
10 0.4374335106382979 0.36948333333333333 0.20369680851063832 0.04323333333333334
21 0.4353457446808511 0.160475 0.7055186170212765 0.058416666666666665
21 0.4385372340425532 0.20948333333333333 0.7076728723404255 0.038441666666666666
21 0.28452127659574467 0.3392 0.33251329787234046 0.020291666666666666
21 0.44340425531914895 0.6505333333333333 0.6976462765957446 0.027875000000000004
21 0.4414095744680851 0.24314999999999998 0.7082047872340426 0.02940833333333333
10 0.43228723404255315 0.3824916666666667 0.20852393617021278 0.022708333333333334
21 0.44090425531914895 0.2705166666666667 0.7085638297872341 0.028475
13 0.1057845744680851 0.37106666666666666 0.0326595744680851 0.014241666666666666
13 0.13134308510638298 0.4871916666666667 0.08662234042553192 0.015125
21 0.42740691489361704 0.43068333333333336 0.6986303191489361 0.016016666666666665
13 0.12779255319148936 0.6033166666666667 0.07952127659574468 0.016016666666666665
21 0.16897606382978722 0.672725 0.14199468085106384 0.016016666666666665
21 0.1682712765957447 0.7207749999999999 0.16613031914893617 0.014241666666666666
21 0.3017420212765957 0.8053083333333333 0.4046941489361702 0.016016666666666665
10 0.44231382978723405 0.7594833333333333 0.24565159574468085 0.054283333333333336
10 0.44871010638297876 0.6963083333333334 0.15051861702127659 0.041825
10 0.4387765957446808 0.5792916666666666 0.17039893617021276 0.03915
10 0.43380319148936175 0.6206666666666666 0.18885638297872342 0.02936666666666667
10 0.4295345744680851 0.5094333333333334 0.22293882978723406 0.031141666666666665
10 0.4444547872340426 0.4671666666666667 0.12496010638297872 0.046275000000000004