23 0.2789139072847682 0.4304666666666666 0.38810596026490063 0.24635833333333332
23 0.279046357615894 0.6534083333333334 0.38590728476821196 0.17079166666666665
23 0.2783046357615894 0.22203333333333333 0.3885562913907285 0.17168333333333335
24 0.6772582781456954 0.17270833333333332 0.3829668874172185 0.06929166666666667
23 0.6772582781456954 0.23958333333333334 0.38703311258278145 0.05846666666666667
23 0.27888741721854304 0.7670916666666666 0.3850596026490067 0.056816666666666675
23 0.6753112582781458 0.2972916666666667 0.3886622516556291 0.05859166666666667
23 0.2813907284768212 0.8174666666666667 0.38766887417218543 0.04389166666666667
23 0.67958940397351 0.67765 0.3873509933774834 0.14450833333333332
23 0.6790463576158939 0.355875 0.38813245033112587 0.0581
23 0.6742649006622516 0.5805083333333333 0.38854304635761594 0.04521666666666666
23 0.6727682119205298 0.46585 0.3900529801324503 0.04328333333333333
23 0.6756688741721855 0.5227 0.3911788079470198 0.07028333333333334
23 0.6740397350993377 0.7663916666666666 0.3883576158940397 0.031016666666666665
23 0.6741192052980132 0.8437250000000001 0.3894701986754967 0.03478333333333333
23 0.19715231788079468 0.5597416666666667 0.22219867549668873 0.015558333333333335
31 0.47246357615894036 0.11586666666666666 0.112158940397351 0.024274999999999998
23 0.6798543046357616 0.4159583333333333 0.38929801324503316 0.05861666666666667
23 0.6748609271523178 0.7951666666666667 0.3893112582781457 0.02824166666666667
23 0.6727284768211921 0.8172083333333333 0.3863708609271523 0.015733333333333332
23 0.28181456953642386 0.8476 0.388635761589404 0.016441666666666667