28 0.2338095238095238 0.1125 0.03861003861003861 0.025
30 0.5587773487773487 0.11180833333333333 0.3367696267696268 0.0375
20 0.5598455598455598 0.17985833333333334 0.6821106821106822 0.09305833333333334
20 0.5598455598455598 0.3451416666666667 0.6778249678249678 0.23472500000000002
20 0.5641312741312741 0.49235833333333334 0.694980694980695 0.029166666666666667
20 0.5566280566280566 0.515275 0.6928314028314029 0.016666666666666666
20 0.5523423423423424 0.552775 0.67996138996139 0.05
16 0.5523423423423424 0.6243083333333334 0.40540540540540543 0.07916666666666666
7 0.2692020592020592 0.7493083333333334 0.11797940797940798 0.09860833333333333
20 0.574002574002574 0.7008333333333333 0.6332046332046332 0.058333333333333334
20 0.6138996138996139 0.7641666666666667 0.5688545688545689 0.058333333333333334
13 0.5534105534105535 0.8316666666666667 0.6898326898326899 0.06
10 0.2661904761904762 0.78775 0.09783783783783784 0.022216666666666666