32 0.43408077994428973 0.14860833333333334 0.36675487465181056 0.025
28 0.7404874651810585 0.14930833333333332 0.03714484679665738 0.018058333333333336
13 0.4387186629526462 0.22985833333333333 0.6592339832869081 0.11805833333333332
21 0.4491643454038997 0.32083333333333336 0.6615598885793872 0.05
21 0.44800835654596105 0.37916666666666665 0.6685236768802229 0.058333333333333334
21 0.282033426183844 0.42639166666666667 0.3319359331476323 0.022225
21 0.3563091922005571 0.45972499999999994 0.4851392757660167 0.027774999999999998
21 0.44335654596100277 0.5194416666666667 0.6592339832869081 0.08610833333333333
21 0.44220055710306405 0.5944416666666666 0.6661977715877437 0.06666666666666667
21 0.4491643454038997 0.6590250000000001 0.670849582172702 0.05416666666666667
21 0.45264623955431754 0.7645833333333333 0.6778133704735376 0.15416666666666667