28 0.22690839694656487 0.14275833333333335 0.023994910941475826 0.016975
30 0.5276590330788804 0.14340833333333333 0.40708651399491097 0.024775000000000002
20 0.2409287531806616 0.16330833333333333 0.049554707379134866 0.01745
23 0.5267811704834606 0.18890833333333334 0.6212468193384224 0.01955
20 0.2403180661577608 0.21661666666666665 0.05080152671755725 0.020025
23 0.49973282442748096 0.24099166666666666 0.5721119592875318 0.025858333333333334
20 0.5416666666666666 0.26926666666666665 0.6013867684478371 0.021291666666666667
7 0.5319974554707378 0.33593333333333336 0.34877862595419845 0.10201666666666667
10 0.5300254452926209 0.29655000000000004 0.06688295165394402 0.015725
20 0.49798982188295166 0.4094083333333334 0.5736005089058525 0.01875
20 0.5337277353689567 0.45571666666666666 0.6351399491094148 0.0561
20 0.5342239185750636 0.5199916666666666 0.6460559796437659 0.056225
20 0.536208651399491 0.6970583333333333 0.6401017811704834 0.2006666666666667
20 0.545267175572519 0.8192833333333334 0.6061068702290076 0.022491666666666667
23 0.5303944020356234 0.571875 0.20907124681933845 0.03645