36 0.45087786259541984 0.891125 0.07679389312977099 0.07296666666666667
13 0.44881679389312973 0.2734916666666667 0.5986513994910941 0.04568333333333333
25 0.44170483460559795 0.09709166666666667 0.1025826972010178 0.023283333333333333
13 0.4353689567430025 0.31509166666666666 0.5618320610687023 0.031033333333333336
13 0.446793893129771 0.20321666666666668 0.6052798982188295 0.09370833333333334
14 0.4406488549618321 0.13420833333333335 0.600763358778626 0.04665
13 0.4407888040712468 0.3802333333333333 0.572264631043257 0.029525
13 0.44451653944020353 0.34844166666666665 0.5795165394402035 0.030833333333333334
13 0.4458269720101781 0.42113333333333336 0.5852035623409669 0.046358333333333335
13 0.45064885496183205 0.4690833333333333 0.5876717557251909 0.04484166666666667
13 0.4474681933842239 0.5155083333333333 0.5862086513994911 0.04796666666666667
13 0.44669211195928754 0.8257916666666667 0.5877608142493639 0.057749999999999996
13 0.4444910941475827 0.7800750000000001 0.5862977099236641 0.033683333333333336
13 0.44302798982188296 0.7478333333333333 0.5862977099236641 0.0308
13 0.44229007633587786 0.7078916666666667 0.5936386768447838 0.051008333333333336
13 0.44522900763358775 0.6511 0.5936386768447838 0.06448333333333332
13 0.44743002544529265 0.5957583333333333 0.5951017811704835 0.048125
13 0.44302798982188296 0.5548583333333333 0.589236641221374 0.03175833333333333
28 0.6568193384223918 0.871025 0.02645038167938931 0.025025000000000002