28 0.5175285171102662 0.13541666666666666 0.11828897338403041 0.023608333333333332
21 0.5143599493029151 0.18055833333333332 0.6315969581749049 0.05
21 0.5006337135614702 0.21805833333333335 0.5238656527249683 0.019441666666666666
21 0.5228136882129277 0.340275 0.6400506970849176 0.052774999999999996
21 0.5291508238276299 0.41875 0.6231558935361217 0.04860833333333333
21 0.5238656527249683 0.46110833333333334 0.6083650190114068 0.030558333333333333
21 0.532319391634981 0.525 0.6337135614702155 0.09444166666666666
21 0.5302027883396705 0.6493083333333333 0.6252598225602027 0.07916666666666666
21 0.5344359949302915 0.7145833333333333 0.6252598225602027 0.04305833333333334
21 0.5376045627376426 0.7694416666666667 0.6315969581749049 0.058333333333333334
21 0.5344359949302915 0.8173583333333334 0.6168187579214195 0.03194166666666667
35 0.5280988593155894 0.26666666666666666 0.5703422053231939 0.072225