27 0.2645417789757412 0.13375 0.05940700808625337 0.020274999999999998
31 0.5627223719676551 0.132 0.1734366576819407 0.018833333333333334
13 0.5638679245283019 0.19850833333333334 0.6580458221024259 0.08809166666666667
21 0.562533692722372 0.25958333333333333 0.6553908355795148 0.04158333333333333
19 0.5641913746630728 0.30554166666666666 0.6520619946091644 0.053275
19 0.5656873315363882 0.35828333333333334 0.6517250673854447 0.05797499999999999
19 0.568355795148248 0.4124083333333333 0.6570485175202156 0.05383333333333333
19 0.5666846361185984 0.47455833333333336 0.660377358490566 0.07045
21 0.564366576819407 0.5552 0.6490700808625337 0.08776666666666666
21 0.5673584905660377 0.6442333333333333 0.6483962264150943 0.08895
21 0.5681940700808625 0.7423500000000001 0.6467385444743935 0.112425
21 0.5686927223719677 0.8085749999999999 0.6377628032345014 0.022733333333333335