35 0.4722110552763819 0.07215625 0.15814070351758794 0.021140625
31 0.8586934673366834 0.071234375 0.03841708542713568 0.017468749999999998
23 0.48035175879396985 0.110296875 0.8187939698492462 0.038609375
23 0.4781155778894472 0.174625 0.8202763819095478 0.088234375
23 0.4795979899497487 0.24310937500000002 0.7877638190954773 0.041359375
23 0.4751758793969849 0.3019375 0.8173115577889448 0.072609375
23 0.419748743718593 0.34696875 0.6621356783919597 0.021140625
17 0.47296482412060303 0.42279687499999996 0.04434673366834171 0.018375
17 0.4234422110552764 0.4779375 0.7434170854271357 0.049625
23 0.4707286432160804 0.6355625 0.8143718592964824 0.12225
23 0.4722110552763819 0.733921875 0.8084422110552764 0.072609375
29 0.47896984924623115 0.799265625 0.797713567839196 0.015437500000000002
29 0.4704773869346734 0.818296875 0.8243216080402009 0.025546875000000004
29 0.1970603015075377 0.835109375 0.23017587939698492 0.012125
29 0.4691457286432161 0.8605625 0.8122110552763819 0.036578125
29 0.41949748743718596 0.886390625 0.6750502512562815 0.016171875
22 0.2687437185929648 0.523671875 0.4130150753768844 0.032453125
22 0.7355276381909548 0.52428125 0.2712060301507538 0.03125
22 0.7674120603015075 0.557453125 0.21979899497487437 0.020671875