19 0.40736141906873613 0.571890625 0.6095787139689579 0.08139062500000001
6 0.40957871396895784 0.470734375 0.2967184035476718 0.09617187499999999
19 0.4022616407982261 0.315453125 0.5945232815964523 0.043187500000000004
19 0.2646563192904656 0.795609375 0.30725055432372506 0.027890625000000002
31 0.41445676274944565 0.1298125 0.24219512195121953 0.021640625
27 0.6984478935698448 0.1298125 0.056274944567627494 0.019234375
13 0.4161640798226164 0.167671875 0.22172949002217296 0.02284375
19 0.29678492239467846 0.199515625 0.3513525498891353 0.021640625
19 0.16288248337028824 0.253 0.1006208425720621 0.025234374999999996
13 0.40507760532150777 0.72115625 0.23365853658536584 0.026437500000000003
19 0.13558758314855876 0.647234375 0.04946784922394678 0.025234374999999996
19 0.1662971175166297 0.737984375 0.1245011086474501 0.019234375
19 0.23197339246119736 0.40684375 0.2524390243902439 0.027640625000000002
19 0.2635254988913525 0.34675 0.3087139689578714 0.0204375
6 0.4229933481152994 0.2265625 0.4332150776053215 0.030046875
6 0.41445676274944565 0.274640625 0.3513525498891353 0.032453125
6 0.41957871396895785 0.37679687500000003 0.3308869179600887 0.037265625000000004
6 0.41445676274944565 0.6310156250000001 0.16033259423503327 0.03846875
6 0.4110421286031042 0.6700781250000001 0.17396895787139688 0.034859375
6 0.4119068736141907 0.762015625 0.5133924611973393 0.03365625
6 0.40507760532150777 0.821515625 0.162039911308204 0.027640625000000002
0 0.04527716186252772 0.00846875 0.09053215077605321 0.016921875