31 0.4188903225806451 0.13020833333333334 0.20781935483870967 0.0247
27 0.7058709677419355 0.13042499999999999 0.03655483870967742 0.02085
17 0.41823225806451614 0.20548333333333335 0.16676129032258066 0.02465
17 0.41507096774193547 0.249 0.32936774193548385 0.0334
23 0.4203612903225806 0.3815 0.6314064516129032 0.20213333333333333
23 0.3369161290322581 0.507475 0.41150967741935485 0.04766666666666667
23 0.3860903225806452 0.55495 0.5065548387096774 0.045075000000000004
23 0.42052903225806454 0.6079833333333333 0.6151741935483871 0.060441666666666664
23 0.40082580645161286 0.6647 0.5459612903225807 0.045533333333333335
23 0.31516129032258067 0.71015 0.36139354838709675 0.04445
23 0.31621935483870967 0.7956749999999999 0.3601806451612903 0.048666666666666664
20 0.43441290322580645 0.7493083333333334 0.584941935483871 0.0375