27 0.5941767955801105 0.12774166666666667 0.028331491712707182 0.01945
13 0.5942872928176796 0.15179166666666666 0.05225414364640884 0.022041666666666668
13 0.5893259668508287 0.29730833333333334 0.046651933701657454 0.022116666666666666
13 0.5846961325966851 0.4438 0.04385635359116022 0.01925
13 0.5773591160220994 0.6279166666666667 0.04644198895027624 0.020116666666666668
13 0.5774696132596685 0.7012833333333333 0.05311602209944751 0.018941666666666666
19 0.5907071823204421 0.22267499999999998 0.5817900552486187 0.11991666666666667
19 0.5879005524861878 0.3711916666666667 0.5804972375690608 0.11948333333333333
19 0.5802541436464088 0.53405 0.5802762430939227 0.16236666666666666
19 0.5747513812154695 0.6649166666666666 0.575756906077348 0.05998333333333334
19 0.5730276243093922 0.74105 0.5723093922651934 0.061075000000000004