31 0.4033762886597938 0.148640625 0.2862886597938144 0.0303125
21 0.4034020618556701 0.57321875 0.6858247422680412 0.104328125
27 0.7208762886597938 0.149015625 0.04631443298969072 0.027421875000000002
13 0.4019845360824742 0.193765625 0.7025773195876289 0.045015625
21 0.40108247422680415 0.233828125 0.7080154639175257 0.037328125000000004
21 0.4019845360824742 0.27115625 0.7025773195876289 0.037328125000000004
21 0.4019845360824742 0.338125 0.7025773195876289 0.101
21 0.406520618556701 0.415515625 0.6971649484536082 0.0581875
21 0.4074226804123712 0.46765625 0.7062113402061856 0.04171875
21 0.250798969072165 0.49565625 0.36396907216494845 0.020859375
21 0.250798969072165 0.51321875 0.36760309278350517 0.014265625