28 0.4400246609124538 0.12096666666666667 0.07549938347718865 0.016933333333333335
21 0.44181257706535143 0.15695833333333334 0.6339334155363748 0.051416666666666666
17 0.44051787916152896 0.198575 0.16279901356350185 0.024225
21 0.43647348951911225 0.23402499999999998 0.6386806411837238 0.04720833333333333
21 0.440616522811344 0.2643666666666667 0.592268803945746 0.015016666666666666
21 0.30337854500616523 0.2796583333333333 0.2902959309494451 0.009433333333333334
21 0.4438840937114673 0.3028166666666667 0.6319605425400739 0.029791666666666668
21 0.4452157829839704 0.5042333333333334 0.6354747225647349 0.051941666666666664
21 0.44657213316892724 0.6270916666666667 0.6420098643649814 0.04998333333333333
21 0.4458076448828607 0.7153583333333333 0.6373489519112207 0.06095
6 0.43329223181257703 0.39708333333333334 0.3240443896424168 0.15666666666666668
9 0.4313810110974106 0.46334166666666665 0.08286066584463625 0.020433333333333335
10 0.44462392108508014 0.5663999999999999 0.6210604192355117 0.06404166666666666
10 0.4339580764488286 0.6675583333333334 0.1866584463625154 0.026775000000000004
10 0.4355363748458693 0.76345 0.1774845869297164 0.031058333333333337
25 0.22790382244143034 0.7992166666666666 0.1968557336621455 0.029683333333333332