17 0.5806005221932115 0.147078125 0.45101827676240214 0.02778125
23 0.5590861618798956 0.536734375 0.6625065274151436 0.06559374999999999
35 0.5573890339425587 0.12085937499999999 0.08819843342036554 0.030609375
17 0.551201044386423 0.36153124999999997 0.46389033942558744 0.032718750000000005
17 0.5494516971279373 0.605375 0.6226370757180156 0.028499999999999998
23 0.5582767624020888 0.754203125 0.6155874673629244 0.030609375
23 0.553864229765013 0.7167343749999999 0.6279373368146214 0.050671875
23 0.5177023498694517 0.6687031250000001 0.5027154046997389 0.049609375
22 0.5494516971279373 0.6349218750000001 0.22049608355091385 0.028499999999999998
22 0.5573890339425587 0.173109375 0.23281984334203656 0.027437499999999997
22 0.5582767624020888 0.19632812500000002 0.16404699738903394 0.014781250000000001
23 0.5282767624020888 0.2290625 0.513289817232376 0.044328125
23 0.5494516971279373 0.273921875 0.6332375979112271 0.045390625000000004
23 0.5485639686684073 0.30928125 0.5856135770234987 0.027437499999999997
23 0.553864229765013 0.407984375 0.6420626631853786 0.045390625000000004
23 0.5430809399477807 0.465625 0.6161879895561357 0.071875