21 0.6406818181818181 0.672765625 0.5785 0.08703125
21 0.6350454545454546 0.370609375 0.5868636363636365 0.102390625
21 0.6423863636363636 0.50246875 0.5975227272727274 0.06425
21 0.6309545454545454 0.25059375 0.5938181818181818 0.0804375
21 0.6408636363636364 0.5814375 0.5966136363636363 0.098546875
17 0.628 0.44954687499999996 0.16974999999999998 0.0258125
21 0.6385 0.787625 0.5824545454545454 0.068640625
13 0.6302727272727272 0.181390625 0.5806136363636364 0.046359375
27 0.3569090909090909 0.144234375 0.030363636363636363 0.023421875
17 0.6285909090909091 0.30459375 0.25663636363636366 0.023625
31 0.6216363636363635 0.137078125 0.3211818181818182 0.022734375
17 0.638159090909091 0.7361718749999999 0.25388636363636363 0.028499999999999998