35 0.24361559139784947 0.02969166666666667 0.06048387096774194 0.019791666666666666
31 0.4905913978494624 0.028650000000000002 0.11088709677419355 0.021875
35 0.7325268817204301 0.031775000000000005 0.05040322580645161 0.015625
15 0.25705645161290325 0.19375 0.4536290322580645 0.2916666666666667
14 0.7199327956989248 0.13906666666666667 0.4620295698924731 0.030208333333333334
15 0.7224462365591398 0.08645833333333333 0.45698924731182794 0.075
14 0.634247311827957 0.1625 0.2772177419354839 0.016666666666666666
14 0.7190860215053764 0.20781666666666665 0.4536290322580645 0.071875
14 0.7241263440860215 0.2677083333333333 0.4637096774193548 0.04375
14 0.7241263440860215 0.31406666666666666 0.4603494623655914 0.046875
7 0.49143817204301077 0.371875 0.46875 0.022916666666666665
17 0.4889112903225806 0.42656666666666665 0.026881720430107527 0.026041666666666668
14 0.25286290322580646 0.6609416666666666 0.45530913978494625 0.4114583333333333
14 0.25201612903225806 0.9135416666666667 0.45698924731182794 0.08958333333333333
15 0.7199327956989248 0.4796916666666667 0.4519489247311828 0.051041666666666666
14 0.718252688172043 0.6765666666666666 0.4519489247311828 0.3489583333333333
14 0.7207661290322581 0.88125 0.4536290322580645 0.058333333333333334
14 0.7174059139784946 0.9192750000000001 0.4603494623655914 0.017708333333333333
29 0.718252688172043 0.9453166666666668 0.4217069892473118 0.023958333333333335
34 0.8711424731182795 0.9666666666666667 0.03192204301075269 0.01875