20 0.5421852731591449 0.558765625 0.6072209026128266 0.07803125
20 0.5319952494061758 0.377328125 0.6002137767220903 0.057328124999999994
20 0.5402375296912114 0.628421875 0.5940855106888361 0.0528125
20 0.5361757719714965 0.434375 0.5965083135391924 0.05265625
20 0.5330166270783848 0.313296875 0.6034441805225653 0.05615625
20 0.5425178147268409 0.687859375 0.5862470308788599 0.053828125000000004
20 0.5288598574821853 0.21821875 0.587125890736342 0.056937499999999995
20 0.5450118764845605 0.743171875 0.596935866983373 0.061953125
20 0.5377434679334917 0.796953125 0.590166270783848 0.047515625
28 0.5260332541567696 0.148015625 0.09042755344418052 0.02409375
20 0.531686460807601 0.17867187499999998 0.5950593824228029 0.018421874999999997
20 0.5390023752969121 0.47896875000000005 0.606603325415677 0.03965625
20 0.5435866983372921 0.50840625 0.6011401425178148 0.019234375
20 0.5344418052256532 0.26503125 0.6047980997624703 0.03965625