31 0.4149180327868852 0.119234375 0.17332552693208433 0.020515625000000003
21 0.417096018735363 0.28307812499999996 0.6549180327868852 0.053031249999999995
21 0.4218501170960187 0.6506093749999999 0.6396487119437939 0.090953125
21 0.41857142857142854 0.73165625 0.6474707259953162 0.075046875
21 0.41812646370023415 0.43934375000000003 0.6385714285714286 0.105421875
27 0.7172131147540983 0.117078125 0.03552693208430913 0.021703125
21 0.42543325526932085 0.234390625 0.6604918032786885 0.0414375
13 0.41166276346604214 0.16884375000000001 0.6338173302107728 0.050796875
21 0.42515222482435594 0.7972187500000001 0.6440046838407494 0.053031249999999995
21 0.4361592505854801 0.840453125 0.6668149882903982 0.03315625
21 0.41496487119437936 0.5156875000000001 0.6378922716627634 0.056625
21 0.3195316159250585 0.336734375 0.4346604215456674 0.02084375
21 0.3095316159250585 0.318890625 0.39648711943793913 0.01946875
21 0.4092037470725995 0.363421875 0.6518735362997659 0.036640624999999996
21 0.2894613583138173 0.591890625 0.3813583138173302 0.02253125
21 0.4170023419203747 0.5651875000000001 0.6464402810304449 0.040875
21 0.2206791569086651 0.20646874999999998 0.24882903981264637 0.0191875
30 0.6802107728337237 0.8759375 0.042505854800936764 0.026703125