21 0.5324313725490196 0.12259374999999999 0.8325882352941176 0.072109375
21 0.5361960784313725 0.1845 0.8612352941176471 0.061296874999999994
21 0.530921568627451 0.25059375 0.8476666666666667 0.068515625
21 0.5354509803921569 0.303484375 0.8597254901960784 0.032453125
21 0.5377058823529413 0.3545625 0.8491764705882353 0.0625
21 0.5346862745098039 0.4296875 0.8491764705882353 0.08534375
14 0.3076862745098039 0.48557812499999997 0.28958823529411765 0.021640625
22 0.7978823529411765 0.501203125 0.18701960784313726 0.03125
21 0.5354509803921569 0.558890625 0.8506862745098039 0.074515625
21 0.5354509803921569 0.65565625 0.8386078431372549 0.11659375000000001
21 0.5384705882352941 0.73496875 0.8355882352941176 0.037265625000000004
21 0.5384705882352941 0.8028906250000001 0.8386078431372549 0.09615625
21 0.46682352941176475 0.868390625 0.680235294117647 0.030046875
27 0.530921568627451 0.066109375 0.09350980392156863 0.026437500000000003