21 0.5256000000000001 0.2895 0.7883499999999999 0.170671875
13 0.52835 0.14781249999999999 0.777875 0.10801562499999999
21 0.5053 0.713640625 0.7905249999999999 0.2185625
21 0.43365000000000004 0.4875 0.625525 0.028203125000000002
21 0.48924999999999996 0.545484375 0.7435250000000001 0.020203125
28 0.53675 0.076046875 0.14455 0.025031249999999998
21 0.5175 0.39921875 0.79 0.0546875
21 0.52625 0.45234375 0.7925 0.0578125
21 0.251925 0.5173281249999999 0.26432500000000003 0.03125
21 0.233875 0.565625 0.245 0.025
21 0.30670000000000003 0.59346875 0.4025 0.034375
21 0.49625 0.85234375 0.7925 0.0546875