19 0.5819871794871795 0.6264166666666667 0.6740512820512821 0.10211666666666668
6 0.5772564102564103 0.32560833333333333 0.24216666666666664 0.0392
6 0.5698589743589744 0.248825 0.2126923076923077 0.039716666666666664
20 0.5797051282051282 0.37609166666666666 0.6817564102564102 0.055608333333333336
6 0.4556410256410256 0.1325 0.4323974358974359 0.04175
27 0.2804230769230769 0.08325833333333334 0.04756410256410257 0.021266666666666666
20 0.5791666666666667 0.5363 0.6718846153846154 0.05491666666666667
20 0.5748589743589744 0.19325833333333334 0.6697435897435897 0.068425
31 0.5621538461538462 0.08693333333333332 0.47605128205128205 0.020666666666666667
20 0.28717948717948716 0.1025 0.07692307692307693 0.015
27 0.2692307692307692 0.13666666666666666 0.041025641025641026 0.03
20 0.4307692307692308 0.2833333333333333 0.36923076923076925 0.02666666666666667
6 0.5794871794871795 0.45416666666666666 0.3435897435897436 0.10833333333333334