31 0.4527139364303178 0.10393749999999999 0.2908557457212714 0.02346875
27 0.798044009779951 0.105515625 0.04767726161369193 0.023375
19 0.37855745721271394 0.796578125 0.47828850855745725 0.032390625
19 0.44877750611246947 0.62746875 0.6749633251833741 0.048078125
19 0.45955990220048903 0.510390625 0.7324205378973105 0.043375000000000004
19 0.45327628361858185 0.297125 0.7485819070904646 0.039
19 0.4514669926650367 0.145125 0.7521515892420538 0.037859375
19 0.45506112469437654 0.378 0.7485819070904646 0.04015625
19 0.19300733496332517 0.45862499999999995 0.21899755501222493 0.019125
16 0.17359413202933985 0.17578125 0.09290953545232274 0.0171875
16 0.39975550122249387 0.1734375 0.13447432762836187 0.021875
16 0.18163814180929097 0.19196875 0.10828850855745721 0.013390625
16 0.18075794621026897 0.209265625 0.1065281173594132 0.021203125
16 0.17987775061124692 0.22767187500000002 0.1047921760391198 0.015625
16 0.18163814180929097 0.24553124999999998 0.1012958435207824 0.017859375
16 0.23400977995110023 0.265625 0.18860635696821515 0.017859375
16 0.39119804400978 0.264515625 0.10828850855745721 0.015625
16 0.39293398533007334 0.244421875 0.11176039119804401 0.013390625
16 0.38508557457212717 0.22545312499999998 0.09606356968215159 0.013390625
16 0.3885819070904646 0.20814062500000002 0.1030317848410758 0.01896875
16 0.3885819070904646 0.190296875 0.1100244498777506 0.016734375000000003
16 0.6225916870415648 0.172984375 0.08207823960880195 0.015625
16 0.6278484107579463 0.190296875 0.09606356968215159 0.01896875
16 0.6304645476772617 0.20982812499999998 0.09080684596577017 0.017859375
16 0.18599022004889973 0.329796875 0.09606356968215159 0.01896875
16 0.3824694376528118 0.3286875 0.09080684596577017 0.016734375000000003
16 0.6313202933985329 0.3275625 0.1100244498777506 0.014515624999999999
16 0.6295843520782396 0.346546875 0.09256723716381418 0.014515624999999999
16 0.39557457212713937 0.346546875 0.13097799511002445 0.014515624999999999
16 0.18687041564792178 0.34765625 0.1012958435207824 0.016734375000000003
16 0.2226650366748166 0.4056875 0.18337408312958436 0.016734375000000003
16 0.22616136919315402 0.42298437499999997 0.1728850855745721 0.013390625
16 0.24449877750611246 0.439734375 0.2130562347188264 0.013390625
16 0.2628361858190709 0.474328125 0.2637163814180929 0.017859375
16 0.23400977995110023 0.539625 0.19559902200489 0.016734375000000003
16 0.23400977995110023 0.55859375 0.18860635696821515 0.016734375000000003
16 0.24973105134474327 0.575328125 0.22354523227383866 0.01228125
16 0.24623471882640585 0.592640625 0.22354523227383866 0.015625
16 0.23488997555012223 0.658484375 0.19036674816625918 0.013390625
16 0.22354523227383866 0.678015625 0.1676528117359413 0.01896875
16 0.2654523227383863 0.6953125 0.2479951100244499 0.015625
16 0.25149144254278727 0.71428125 0.22354523227383866 0.017859375
16 0.26022004889975553 0.73103125 0.23400977995110023 0.017859375
16 0.24449877750611246 0.751109375 0.20608801955990222 0.022328124999999997
16 0.2907823960880196 0.767859375 0.3021271393643032 0.015625
16 0.23053789731051347 0.8175156250000001 0.18163814180929097 0.01228125
16 0.26022004889975553 0.8348281249999999 0.22704156479217605 0.017859375
16 0.28029339853300733 0.8526718750000001 0.28117359413202936 0.017859375
16 0.26633251833740834 0.87109375 0.2567237163814181 0.016734375000000003