19 0.4204263565891473 0.60165625 0.5720542635658915 0.1144375
20 0.43112403100775193 0.192828125 0.5777906976744186 0.09496875
19 0.42426356589147285 0.49106249999999996 0.5762209302325582 0.09740625
19 0.42926356589147285 0.30196875 0.5854457364341085 0.11021875
19 0.42709302325581394 0.714640625 0.5867054263565892 0.09273437500000001
19 0.4279069767441861 0.4054375 0.5901744186046511 0.068703125
19 0.4316860465116279 0.816453125 0.5776162790697674 0.07478125
27 0.6993217054263566 0.124140625 0.031957364341085266 0.02353125
31 0.42534883720930233 0.12375 0.07658914728682172 0.0249375
25 0.7625968992248062 0.2671875 0.0755813953488372 0.04375
25 0.7635658914728682 0.38671875 0.05813953488372093 0.0390625
25 0.7577519379844961 0.56796875 0.07364341085271318 0.0328125