6 0.6470469798657719 0.48978124999999995 0.2753467561521253 0.1358125
6 0.6410290827740492 0.68990625 0.6556599552572706 0.112984375
6 0.6410290827740492 0.8311249999999999 0.1703579418344519 0.04928125
6 0.6418791946308725 0.32871875 0.47841163310961965 0.04446875
6 0.6444742729306487 0.272234375 0.1221923937360179 0.0420625
27 0.33472035794183447 0.106375 0.04646532438478747 0.025234374999999996
31 0.6496196868008949 0.105171875 0.11530201342281879 0.030046875
20 0.6401565995525726 0.17246875 0.653937360178971 0.099765625
19 0.595503355704698 0.237984375 0.5686577181208053 0.019234375
19 0.3613870246085011 0.300484375 0.09637583892617449 0.02403125
19 0.6393064876957494 0.39242187500000003 0.6694183445190157 0.04446875
19 0.642751677852349 0.59675 0.6591051454138702 0.061296874999999994
19 0.6281208053691275 0.777640625 0.6401565995525726 0.055281250000000004
0 0.0523489932885906 0.011234375000000001 0.10467561521252797 0.018562500000000003