21 0.7138761467889908 0.407609375 0.42197247706422014 0.06498437500000001
21 0.7186697247706422 0.160203125 0.43112385321100916 0.1
17 0.49543577981651377 0.263265625 0.14834862385321101 0.0198125
21 0.7173165137614679 0.64540625 0.425045871559633 0.050703125
21 0.2734403669724771 0.432875 0.42302752293577983 0.09148437499999999
21 0.27155963302752295 0.868578125 0.42284403669724774 0.04840625
21 0.2662614678899083 0.931125 0.4260550458715596 0.057374999999999995
21 0.2751146788990826 0.71559375 0.4275688073394495 0.06834375000000001
21 0.27298165137614677 0.657265625 0.42543577981651376 0.051828125
21 0.7104816513761467 0.8307499999999999 0.42451834862385324 0.050921875000000005
21 0.27961009174311924 0.148 0.42612385321100915 0.066171875
21 0.7124770642201834 0.87384375 0.4243807339449541 0.039781250000000004
21 0.7127522935779816 0.5500625 0.43011467889908256 0.06359375
13 0.7153899082568808 0.095203125 0.4261467889908257 0.040015625
21 0.2700917431192661 0.5428437500000001 0.4223394495412844 0.12796875000000002
21 0.2739678899082569 0.8139531249999999 0.4273853211009174 0.0526875
21 0.2754357798165138 0.7703125 0.4281880733944954 0.039234375
13 0.2756422018348624 0.097 0.4264678899082569 0.04321875
21 0.27474770642201835 0.35259375 0.425045871559633 0.07115625
13 0.7069266055045872 0.332515625 0.41706422018348627 0.027250000000000003
21 0.7088073394495413 0.9121874999999999 0.4269036697247706 0.03878125
21 0.7149770642201835 0.70465625 0.4251834862385321 0.04134375
21 0.7164449541284403 0.5945625 0.42497706422018344 0.037593749999999995
21 0.710665137614679 0.7835156249999999 0.42185779816513763 0.0393125
21 0.7132798165137615 0.455734375 0.4188073394495413 0.036015625
21 0.7144036697247707 0.49728125 0.428394495412844 0.04253125
21 0.7107339449541284 0.36146875 0.420045871559633 0.0251875
21 0.7125229357798166 0.74725 0.42527522935779816 0.03871875
21 0.18137614678899083 0.8988437499999999 0.23926605504587153 0.01690625
21 0.2831651376146789 0.19765625 0.4294266055045871 0.0345625
21 0.7131192660550459 0.952953125 0.42704128440366973 0.032265625
28 0.09020642201834862 0.050296875 0.03784403669724771 0.022296875
32 0.49692660550458717 0.047984375 0.4918577981651376 0.0309375
21 0.6487155963302752 0.678390625 0.276697247706422 0.022109375
17 0.49314220183486235 0.28775 0.3098853211009175 0.02334375
21 0.6123394495412845 0.613546875 0.21454128440366974 0.01521875
21 0.27190366972477065 0.618109375 0.42759174311926607 0.026390625