28 0.44724700761697495 0.098175 0.028019586507072904 0.02165
17 0.44442872687704027 0.12965833333333335 0.12392818280739935 0.02536666666666667
17 0.43393906420021766 0.29696666666666666 0.39312295973884653 0.02665
17 0.44321001088139284 0.6931583333333333 0.368139281828074 0.024591666666666668
21 0.44379760609358 0.19386666666666666 0.5990424374319913 0.08711666666666668
21 0.4464200217627856 0.25637499999999996 0.601860718171926 0.036199999999999996
21 0.44017410228509246 0.3695083333333333 0.6014581066376496 0.105075
21 0.44258977149075085 0.5054916666666667 0.6063003264417846 0.16406666666666667
21 0.441588683351469 0.6025666666666667 0.601860718171926 0.03784166666666666
21 0.4180087051142546 0.6300333333333333 0.5523068552774755 0.022416666666666665
21 0.43957562568008707 0.65735 0.5978346028291621 0.034458333333333334
21 0.44622415669205656 0.7559833333333333 0.6087159956474428 0.07801666666666666