28 0.35883254716981133 0.13630833333333334 0.02695754716981132 0.013091666666666668
32 0.6031014150943397 0.13094999999999998 0.18530660377358488 0.016666666666666666
17 0.6025943396226415 0.16583333333333333 0.19811320754716982 0.015
17 0.6096698113207547 0.23791666666666667 0.2429245283018868 0.014166666666666666
17 0.6049528301886793 0.3229166666666667 0.18396226415094338 0.0125
17 0.6031839622641509 0.39375 0.16627358490566038 0.015833333333333335
17 0.6102594339622641 0.48375 0.1733490566037736 0.014166666666666666
17 0.6143867924528302 0.5704166666666667 0.1957547169811321 0.014166666666666666
17 0.6149764150943396 0.65375 0.1615566037735849 0.015833333333333335
17 0.6185141509433962 0.7291666666666666 0.20400943396226415 0.013333333333333334
15 0.49764150943396224 0.19166666666666668 0.3113207547169811 0.015
15 0.47877358490566035 0.2608333333333333 0.2665094339622642 0.013333333333333334
15 0.5047169811320755 0.27625 0.32075471698113206 0.010833333333333334
15 0.4634433962264151 0.34958333333333336 0.25 0.0125
15 0.4634433962264151 0.41833333333333333 0.23113207547169812 0.015
15 0.47818396226415094 0.43333333333333335 0.26297169811320753 0.011666666666666667
15 0.4982311320754717 0.5066666666666667 0.30306603773584906 0.01
15 0.46462264150943394 0.5216666666666666 0.23820754716981132 0.011666666666666667
15 0.47700471698113206 0.5933333333333334 0.24882075471698112 0.011666666666666667
15 0.4829009433962264 0.60625 0.27240566037735847 0.010833333333333334
15 0.45931603773584906 0.6804166666666667 0.21108490566037735 0.0125
15 0.49764150943396224 0.75125 0.2688679245283019 0.0125