35 0.45633734939759035 0.1558125 0.2006265060240964 0.021765625
31 0.7277831325301204 0.1558125 0.03869879518072289 0.021765625
24 0.4493975903614458 0.19632812500000002 0.6195421686746988 0.036421875
23 0.44898795180722895 0.23195312499999998 0.6092289156626506 0.036859375
23 0.3272048192771084 0.263390625 0.3730843373493976 0.024781249999999998
23 0.44537349397590364 0.303609375 0.5923614457831325 0.045906249999999996
23 0.44689156626506027 0.357890625 0.5953734939759037 0.054546874999999995
23 0.45472289156626505 0.44653124999999994 0.615855421686747 0.1163125
23 0.4507951807228916 0.5359375 0.593566265060241 0.0578125
23 0.4516867469879518 0.583109375 0.603132530120482 0.035453125
23 0.4556144578313253 0.64175 0.6080240963855422 0.078984375
23 0.4553253012048193 0.74171875 0.6146265060240964 0.12281249999999999