27 0.5068478260869566 0.0916875 0.13669565217391305 0.026234374999999997
21 0.5069347826086956 0.146796875 0.7579782608695652 0.051625
21 0.5112826086956521 0.199453125 0.7542608695652173 0.049796875000000004
21 0.5176086956521739 0.266640625 0.7548478260869566 0.0703125
21 0.5070434782608696 0.346734375 0.7387173913043479 0.084203125
17 0.5062608695652174 0.430828125 0.37154347826086953 0.043796875
21 0.506 0.490390625 0.749891304347826 0.04240625
21 0.38530434782608697 0.52565625 0.5101521739130435 0.020999999999999998
21 0.5138695652173912 0.56984375 0.762304347826087 0.066546875
21 0.5185217391304348 0.656203125 0.7716304347826086 0.0858125
21 0.5126304347826087 0.7369687500000001 0.764804347826087 0.0725
21 0.5067391304347826 0.825984375 0.7579782608695652 0.05071875
21 0.5113913043478261 0.786921875 0.7672826086956521 0.02384375