21 0.4321896162528217 0.23290625 0.6077878103837472 0.13559375
21 0.4432054176072235 0.637203125 0.6008126410835215 0.08753125
21 0.43598194130925505 0.37820312500000003 0.6183069977426637 0.054359375
21 0.43907449209932276 0.7696875000000001 0.6123250564334085 0.0656875
21 0.43571106094808126 0.32628124999999997 0.6067945823927765 0.05334375
21 0.44726862302483067 0.708890625 0.6197516930022574 0.05315625
28 0.43598194130925505 0.144421875 0.08679458239277653 0.022593750000000003
21 0.4498645598194131 0.8263281250000001 0.6277652370203161 0.03984375
21 0.43975169300225736 0.52190625 0.6090519187358917 0.0405
21 0.4433408577878104 0.558390625 0.614198645598194 0.035109375
17 0.4408126410835215 0.444546875 0.11117381489841986 0.024906249999999998
17 0.43792325056433407 0.4765625 0.22573363431151242 0.028125