28 0.11882051282051283 0.128484375 0.059333333333333335 0.02090625
32 0.4087692307692307 0.12451562499999999 0.34735897435897434 0.015390625
28 0.7261538461538461 0.125 0.031384615384615386 0.01634375
21 0.4164871794871795 0.1766875 0.6507179487179487 0.066828125
21 0.17138461538461539 0.22418749999999998 0.16428205128205126 0.01803125
21 0.41823076923076924 0.258171875 0.6594102564102564 0.044234375
21 0.41525641025641025 0.323078125 0.6535128205128206 0.0875
21 0.41802564102564105 0.392671875 0.6558717948717948 0.0516875
21 0.4197948717948718 0.45276562499999995 0.6562564102564102 0.066109375
21 0.41546153846153844 0.512984375 0.657051282051282 0.05384375
25 0.28905128205128205 0.5585312499999999 0.3721794871794872 0.0204375
25 0.41707692307692307 0.609140625 0.6558461538461539 0.080765625
25 0.41525641025641025 0.6641874999999999 0.6377179487179487 0.025484374999999997
25 0.4268974358974359 0.6860625 0.642051282051282 0.015390625
25 0.4168461538461538 0.706125 0.6503333333333333 0.026687499999999996
25 0.41823076923076924 0.733046875 0.6594102564102564 0.024765625
25 0.25274358974358974 0.7538437499999999 0.28425641025641024 0.014421875
25 0.4174358974358975 0.773921875 0.661 0.027640625000000002
25 0.4205897435897436 0.8 0.6546923076923077 0.027890625000000002