31 0.4697783572359843 0.111825 0.16246414602346806 0.02215
27 0.8244980443285528 0.11428333333333332 0.04192959582790091 0.02065
13 0.671838331160365 0.44301666666666667 0.10920469361147328 0.016066666666666667
25 0.6764537157757498 0.8046416666666667 0.3716688396349413 0.114975
30 0.7678096479791394 0.8643166666666667 0.02980443285528031 0.0172
30 0.20598435462842243 0.869 0.02165580182529335 0.009883333333333333
25 0.2960104302477184 0.8533333333333334 0.37053455019556714 0.02478333333333333
20 0.28259452411994784 0.3128166666666667 0.3771577574967405 0.37018333333333336
19 0.28970013037809644 0.667625 0.38229465449804434 0.33973333333333333
20 0.6648500651890482 0.26926666666666665 0.3767926988265971 0.2888833333333334
19 0.656232073011734 0.46145833333333336 0.3504823989569752 0.018216666666666666
19 0.6695306388526727 0.5855416666666666 0.3770925684485007 0.22580833333333336
19 0.6736114732724902 0.7209916666666667 0.3761799217731421 0.044533333333333334