27 0.21761658031088082 0.14296875 0.05181347150259067 0.0171875
31 0.5582901554404145 0.14609375 0.11658031088082901 0.0265625
21 0.5479274611398963 0.1921875 0.7435233160621761 0.034375
21 0.5621761658031088 0.2265625 0.7357512953367875 0.0375
21 0.5582901554404145 0.2671875 0.7383419689119171 0.053125
21 0.5582901554404145 0.31015625 0.7383419689119171 0.0359375
21 0.2694300518134715 0.33046875 0.15544041450777202 0.0171875
21 0.5531088082901554 0.3828125 0.727979274611399 0.0875
21 0.5505181347150259 0.43984375 0.7227979274611399 0.0328125
21 0.39896373056994816 0.46484375 0.43005181347150256 0.0203125
21 0.4067357512953368 0.48125 0.46113989637305697 0.021875
21 0.5440414507772021 0.503125 0.7305699481865285 0.034375
21 0.3134715025906736 0.52734375 0.25906735751295334 0.0171875
21 0.3173575129533679 0.54453125 0.28756476683937826 0.0203125
21 0.5427461139896373 0.56875 0.7435233160621761 0.03125
21 0.5401554404145078 0.6 0.7383419689119171 0.034375
21 0.533678756476684 0.62578125 0.7357512953367875 0.0234375
21 0.533678756476684 0.6921875 0.7357512953367875 0.1125
21 0.538860103626943 0.76640625 0.7512953367875648 0.0328125
21 0.5310880829015544 0.79453125 0.7253886010362695 0.0328125
21 0.5284974093264249 0.8640625 0.7409326424870466 0.1