28 0.4681434058898848 0.10729166666666666 0.07699103713188221 0.016425000000000002
20 0.46930857874519843 0.14485833333333334 0.6939180537772087 0.03600833333333334
20 0.4695134443021767 0.188175 0.6886427656850193 0.05226666666666666
20 0.3357362355953905 0.22105 0.42393085787451984 0.019875
20 0.46259923175416134 0.2905833333333333 0.6966453265044815 0.11883333333333333
20 0.4509346991037132 0.35794166666666666 0.6772983354673496 0.0156
20 0.4631370038412292 0.39164166666666667 0.6927272727272727 0.0519
20 0.46516005121638926 0.43320833333333336 0.6915364916773368 0.03729166666666667
20 0.46572343149807943 0.48459166666666664 0.6932522407170294 0.06414166666666667
20 0.46387964148527533 0.5422916666666666 0.6912548015364917 0.0506
20 0.4612163892445582 0.5846083333333333 0.6937259923175415 0.032633333333333334
20 0.4626888604353393 0.61975 0.6765685019206146 0.032725000000000004
20 0.46322663252240714 0.6536833333333333 0.684033290653009 0.029658333333333335
20 0.4667989756722151 0.6886083333333334 0.685416133162612 0.037608333333333334
20 0.46959026888604355 0.7313333333333334 0.6883738796414853 0.04646666666666666
20 0.46910371318822025 0.7726083333333333 0.6864916773367478 0.03811666666666667
20 0.36674775928297054 0.7992083333333333 0.4814852752880922 0.010841666666666666
20 0.469910371318822 0.8223833333333334 0.6820230473751601 0.03065
20 0.4698335467349552 0.8493416666666667 0.6878617157490398 0.01798333333333333