21 0.34212290502793297 0.7030624999999999 0.38456238361266293 0.14946874999999998
21 0.7411359404096834 0.256234375 0.38359404096834265 0.14384375
21 0.34567970204841714 0.353140625 0.3875418994413408 0.07165625
21 0.7389944134078212 0.570015625 0.38258845437616384 0.15718749999999998
21 0.3420856610800745 0.8292187500000001 0.3881191806331471 0.10115624999999999
13 0.7426443202979516 0.1369375 0.387877094972067 0.090765625
21 0.7368901303538175 0.76153125 0.37793296089385475 0.170609375
21 0.341806331471136 0.134890625 0.3865735567970205 0.07528125
21 0.7399441340782124 0.408859375 0.3854562383612663 0.163203125
31 0.5420856610800745 0.076953125 0.2245996275605214 0.022546875
21 0.3400558659217877 0.198671875 0.3891806331471136 0.026828125
21 0.3379329608938548 0.2279375 0.3911173184357542 0.0305625
27 0.5459590316573557 0.8973906250000001 0.077243947858473 0.023328124999999998
21 0.34039106145251397 0.29476562500000003 0.4024581005586592 0.0471875
21 0.34212290502793297 0.40326562499999996 0.38947858472998137 0.02971875
21 0.34130353817504655 0.46706250000000005 0.3894972067039106 0.04775
21 0.3451582867783985 0.43084375 0.39011173184357545 0.0305625
21 0.3394785847299814 0.25775000000000003 0.3990316573556797 0.02915625
21 0.7398882681564246 0.86425 0.38379888268156426 0.030656250000000003
21 0.7366852886405959 0.6634218749999999 0.381098696461825 0.028390625000000003
17 0.3435754189944134 0.5953125 0.09869646182495345 0.028125
17 0.3472998137802607 0.54453125 0.05027932960893855 0.0203125
21 0.24368715083798886 0.17865625000000002 0.19148975791433892 0.015078125000000001