21 0.6370680628272252 0.23303124999999997 0.7034293193717277 0.079296875
21 0.6105497382198952 0.478515625 0.6981937172774868 0.08603125
21 0.5889790575916231 0.8231093749999999 0.6843717277486911 0.042249999999999996
13 0.6244240837696335 0.17295312499999999 0.6843455497382199 0.037578125000000004
21 0.6329581151832461 0.30196875 0.7102094240837696 0.050046875000000005
21 0.6212303664921466 0.378375 0.6944240837696335 0.084546875
21 0.5981413612565445 0.7064375 0.6933769633507854 0.072125
27 0.6389005235602094 0.13768750000000002 0.07534031413612566 0.0236875
21 0.5907068062827225 0.764203125 0.6774607329842932 0.05015625
21 0.6088743455497382 0.55646875 0.6821989528795812 0.072625
21 0.6059947643979058 0.643265625 0.6968324607329843 0.049765625
21 0.6054188481675393 0.607328125 0.6933507853403141 0.027765625