20 0.43235531628532975 0.6034666666666666 0.6828263795423957 0.12960000000000002
20 0.4318842530282638 0.5014083333333333 0.6838761776581427 0.07003333333333334
20 0.4318842530282638 0.7664083333333334 0.6863122476446837 0.14986666666666668
30 0.43519515477792736 0.13974999999999999 0.2923149394347241 0.026425
20 0.4342530282637954 0.26285833333333336 0.6924899057873486 0.09521666666666667
20 0.43235531628532975 0.400525 0.683378196500673 0.05935
28 0.7486944818304172 0.134025 0.03702557200538358 0.026591666666666666
20 0.4327052489905787 0.45640833333333336 0.6831628532974428 0.018416666666666668
20 0.432678331090175 0.3330416666666666 0.6885868102288022 0.040841666666666665
20 0.4300942126514132 0.36080833333333334 0.6828802153432032 0.018808333333333333
13 0.43523553162853296 0.18859166666666666 0.6893674293405115 0.05239166666666666
20 0.42939434724091524 0.6807916666666667 0.6735666218034994 0.01745
20 0.43103633916554507 0.43870833333333337 0.6820053835800808 0.021891666666666667