35 0.3825 0.0903 0.2202116402116402 0.022575
31 0.7112037037037037 0.09339166666666666 0.048716931216931214 0.02505
23 0.3841931216931217 0.12641666666666665 0.7086111111111112 0.03925833333333333
23 0.3849338624338624 0.17240833333333333 0.7012698412698413 0.038650000000000004
24 0.3817460317460318 0.2611583333333333 0.7095899470899472 0.03651666666666667
24 0.38345238095238093 0.36240833333333333 0.7100793650793652 0.06864166666666667
24 0.2534126984126984 0.512425 0.4470502645502646 0.024233333333333332
24 0.3819841269841269 0.70165 0.7071428571428572 0.06565
23 0.38761904761904764 0.8186416666666667 0.7213492063492064 0.07
10 0.3927777777777778 0.21455 0.5170767195767196 0.043291666666666666
10 0.38273809523809527 0.3006666666666667 0.25304232804232807 0.04516666666666667
10 0.38248677248677254 0.4272333333333333 0.5729232804232804 0.04273333333333333
10 0.38248677248677254 0.47106666666666663 0.47298941798941796 0.04891666666666667
10 0.3922751322751323 0.5954666666666666 0.5396031746031746 0.13105833333333333
10 0.3832142857142857 0.7573666666666667 0.6596296296296297 0.03449166666666667