21 0.4495377128953771 0.2109375 0.6705109489051094 0.1564375
21 0.45063260340632605 0.331796875 0.6696350364963505 0.08442187500000001
21 0.44742092457420923 0.42378125000000005 0.6861800486618005 0.046156249999999996
21 0.45265206812652065 0.46725000000000005 0.693625304136253 0.040984375
21 0.44771289537712894 0.574578125 0.6893187347931874 0.06298437500000001
13 0.44695863746958636 0.11485937500000001 0.669610705596107 0.031859375
27 0.4486131386861314 0.088546875 0.09710462287104622 0.026453125
21 0.4544282238442823 0.688890625 0.6868126520681265 0.083765625
21 0.45038929440389297 0.51775 0.6912165450121653 0.054171875
21 0.45644768856447687 0.7708437499999999 0.6745255474452555 0.01884375
27 0.6885644768856448 0.8453125 0.043795620437956206 0.03125
21 0.45742092457420924 0.74765625 0.6763990267639902 0.0296875
21 0.2798053527980535 0.378125 0.3309002433090024 0.015625
21 0.3077858880778589 0.39609375 0.39172749391727496 0.0171875
7 0.45953771289537715 0.80575 0.2540632603406326 0.0236875
21 0.45581508515815083 0.626421875 0.6845985401459854 0.039234375