17 0.5449072164948453 0.4050625 0.256 0.025640625
21 0.5398762886597938 0.7147812499999999 0.6833814432989691 0.099484375
25 0.43583505154639174 0.79940625 0.43764948453608243 0.05065625
28 0.5414432989690722 0.1355 0.06736082474226804 0.019265625
17 0.5369278350515464 0.59271875 0.13554639175257732 0.02803125
21 0.5363298969072166 0.6390156250000001 0.6747010309278351 0.04984375
21 0.5435670103092783 0.54453125 0.657298969072165 0.042078125
21 0.5462680412371134 0.32356250000000003 0.6736701030927835 0.10112499999999999
13 0.5422680412371134 0.19784375 0.6663505154639175 0.09225
21 0.5417113402061856 0.47406249999999994 0.6534845360824743 0.09503125
21 0.5392989690721649 0.258296875 0.6700412371134021 0.030484375