31 0.172669220945083 0.06161666666666667 0.05763729246487868 0.027266666666666665
35 0.5159642401021711 0.06166666666666667 0.46998722860791825 0.03
23 0.5159642401021711 0.11333333333333333 0.7662835249042146 0.05
23 0.5172413793103449 0.165 0.7790549169859514 0.056666666666666664
23 0.5108556832694764 0.21666666666666667 0.7867177522349936 0.05
23 0.5169220945083014 0.256875 0.7694763729246488 0.027916666666666666
23 0.5166028097062579 0.2925 0.7752234993614304 0.04833333333333333
23 0.5178799489144317 0.3416666666666667 0.7777777777777778 0.05
23 0.5178799489144317 0.37854166666666667 0.7777777777777778 0.02375
23 0.5181992337164751 0.4025 0.777139208173691 0.025
23 0.5156449553001277 0.42833333333333334 0.777139208173691 0.02
23 0.5172413793103449 0.5 0.7790549169859514 0.12
23 0.5156449553001277 0.6333333333333333 0.7873563218390804 0.15
23 0.5159642401021711 0.8116666666666666 0.7867305236270753 0.21333333333333335