21 0.46326113116726836 0.6023583333333333 0.7016245487364621 0.147575
21 0.4655114320096269 0.7371 0.7010589651022865 0.07869999999999999
17 0.4559687123947052 0.6910166666666667 0.2961853188929001 0.016558333333333335
21 0.4640673886883273 0.32960833333333334 0.7057400722021661 0.030350000000000002
17 0.4662334536702768 0.4399333333333333 0.21531889290012035 0.024258333333333333
21 0.4642719614921781 0.36579999999999996 0.7059687123947052 0.038674999999999994
21 0.46154031287605296 0.20000833333333332 0.7154873646209386 0.04654166666666667
21 0.462575210589651 0.24499166666666666 0.7118652226233453 0.047400000000000005
21 0.46649819494584843 0.7913666666666667 0.7068712394705174 0.045208333333333336
21 0.4645728038507822 0.16039166666666665 0.7173044524669074 0.028216666666666668
21 0.4633935018050541 0.12448333333333333 0.7171600481347774 0.027033333333333333
28 0.7826594464500601 0.07103333333333332 0.031985559566787 0.0202
21 0.46481347773766546 0.29191666666666666 0.7090493381468111 0.034741666666666664
17 0.4556438026474127 0.5204916666666667 0.21770156438026475 0.019625
32 0.4591696750902527 0.07356666666666667 0.045595667870036105 0.017008333333333334
21 0.18646209386281587 0.14595833333333333 0.12302045728038509 0.012875
17 0.46717208182912157 0.09906666666666666 0.24631768953068592 0.017033333333333334
21 0.48031287605294826 0.8442333333333334 0.6953429602888087 0.026125000000000002
17 0.4651624548736462 0.4782916666666667 0.5191335740072202 0.02225
25 0.3790734055354994 0.8729416666666666 0.478014440433213 0.019575
17 0.4722262334536703 0.8244416666666667 0.32252707581227436 0.02225
21 0.279482551143201 0.31545 0.3405174488567991 0.011566666666666668