23 0.4971850170261067 0.43771666666666664 0.7880817253121453 0.11876666666666667
31 0.8692395005675368 0.049049999999999996 0.03175936435868332 0.03166666666666667
32 0.4864472190692395 0.7081333333333333 0.7969012485811579 0.4061416666666667
18 0.34846765039727584 0.2808333333333333 0.5017026106696936 0.175
19 0.32349602724177073 0.12083333333333333 0.45629965947786605 0.12833333333333333
17 0.49035187287173665 0.5366666666666666 0.4585698070374574 0.043333333333333335
17 0.4858115777525539 0.6708333333333333 0.4767309875141884 0.041666666666666664
17 0.492622020431328 0.8016666666666666 0.4948921679909194 0.02666666666666667
2 0.1373439273552781 0.4091666666666667 0.06583427922814983 0.07166666666666667
2 0.13280363223609534 0.6008333333333333 0.07945516458569807 0.065
2 0.1271282633371169 0.735 0.06356413166855845 0.06666666666666667
2 0.12485811577752554 0.865 0.05448354143019296 0.07
23 0.49035187287173665 0.5958333333333333 0.7945516458569807 0.04833333333333333
23 0.48354143019296253 0.735 0.7809307604994324 0.06666666666666667
23 0.48467650397275824 0.855 0.7741203178206584 0.06
34 0.699205448354143 0.8933333333333333 0.05902383654937571 0.03666666666666667