19 0.35048678720445064 0.14461666666666667 0.43072322670375524 0.022716666666666666
19 0.3802225312934631 0.5909916666666667 0.4847009735744089 0.021366666666666666
27 0.4272322670375522 0.12085000000000001 0.10025034770514603 0.027558333333333334
17 0.41910987482614737 0.253125 0.44273991655076494 0.05793333333333333
19 0.4074269819193324 0.6603583333333333 0.5383727399165508 0.02076666666666667
19 0.377663421418637 0.639875 0.47855354659248955 0.026383333333333335
19 0.36606397774687066 0.5694833333333333 0.44392211404728793 0.0224
19 0.3747705146036161 0.7038 0.46351877607788594 0.023424999999999998
19 0.35367176634214187 0.17024166666666665 0.4331432545201669 0.023808333333333334
19 0.3248539638386648 0.32321666666666665 0.35962447844228096 0.022616666666666667
19 0.26723226703755215 0.34524166666666667 0.24438108484005563 0.021425
19 0.4341307371349096 0.4261916666666667 0.5821557719054242 0.023808333333333334
19 0.2871070931849791 0.4517833333333333 0.2880945757997218 0.022616666666666667
19 0.3725452016689847 0.4744083333333333 0.4510292072322671 0.025
19 0.37154381084840055 0.4982166666666667 0.4490403337969402 0.022616666666666667
19 0.3735326842837274 0.522025 0.4530041724617524 0.017858333333333334
19 0.3745340751043116 0.5446416666666667 0.4549930458970793 0.022616666666666667
19 0.3765090403337969 0.6113083333333333 0.47089012517385254 0.017858333333333334
19 0.3139221140472879 0.6821416666666668 0.33777468706536856 0.023808333333333334
19 0.2900834492350487 0.7273833333333334 0.29406119610570236 0.021425
19 0.31094575799721835 0.75 0.33578581363004173 0.026191666666666665
17 0.42717663421418633 0.37380833333333335 0.12716272600834494 0.021425
21 0.1967037552155772 0.4005916666666666 0.09934631432545203 0.020241666666666665
21 0.19769123783031986 0.2952416666666667 0.11723226703755217 0.023808333333333334