14 0.4027777777777778 0.14661666666666667 0.6788888888888889 0.05079166666666667
14 0.25702380952380954 0.176325 0.38945767195767195 0.013933333333333332
14 0.4001984126984127 0.194975 0.6757936507936507 0.02260833333333333
14 0.40105820105820106 0.21829166666666666 0.6713095238095238 0.023700000000000002
14 0.3998544973544974 0.24865 0.6792328042328042 0.03759166666666667
14 0.3076190476190476 0.27369166666666667 0.4989021164021164 0.013508333333333334
14 0.24842592592592594 0.2863833333333334 0.3722486772486773 0.011558333333333332
14 0.3602777777777778 0.29830833333333334 0.595952380952381 0.011991666666666668
14 0.25306878306878305 0.309475 0.37947089947089946 0.012216666666666667
14 0.39916666666666667 0.32715 0.669589947089947 0.022841666666666666
14 0.3767989417989418 0.3465666666666667 0.6289814814814815 0.013525
14 0.31226190476190474 0.35784166666666667 0.49785714285714283 0.010058333333333334
14 0.399510582010582 0.374975 0.6661507936507937 0.02610833333333333
14 0.399510582010582 0.398725 0.6661507936507937 0.025466666666666665
14 0.39916666666666667 0.42464166666666664 0.6737301587301587 0.023958333333333335
14 0.40054232804232803 0.44828333333333337 0.6723412698412699 0.027
14 0.3041798941798942 0.46715 0.48788359788359786 0.012691666666666667
14 0.20058201058201056 0.47896666666666665 0.28070105820105823 0.014208333333333333
14 0.37972222222222224 0.492525 0.6286375661375662 0.014
14 0.39899470899470896 0.5103083333333334 0.6713095238095238 0.02355
14 0.31621693121693123 0.5296083333333333 0.5037169312169312 0.015308333333333334
14 0.4017460317460318 0.5463083333333334 0.6726851851851852 0.025291666666666667
14 0.30142857142857143 0.5647416666666667 0.4823809523809524 0.015316666666666666
14 0.3977910052910053 0.582525 0.6709656084656085 0.024866666666666665
14 0.3998544973544974 0.6117 0.6668386243386243 0.03506666666666666
14 0.4012301587301587 0.6356583333333333 0.6778571428571429 0.016641666666666666
14 0.2983201058201058 0.649975 0.4679232804232804 0.014041666666666668
14 0.23052910052910053 0.66255 0.32406084656084655 0.010575
14 0.22812169312169314 0.6730750000000001 0.3275132275132275 0.014700000000000001
14 0.3996825396825397 0.698125 0.6726851851851852 0.037475
14 0.26701058201058203 0.721325 0.4094179894179894 0.016233333333333332
14 0.23671957671957672 0.7336916666666666 0.34470899470899474 0.012333333333333333
14 0.32826719576719576 0.7462666666666666 0.5236772486772486 0.014066666666666667
14 0.2923015873015873 0.7576499999999999 0.4538095238095238 0.014725000000000002