31 0.5608210526315789 0.116390625 0.19056842105263158 0.02378125
27 0.23 0.110671875 0.03246315789473684 0.030375000000000003
21 0.5652631578947368 0.14453125 0.6884210526315789 0.0234375
21 0.5631578947368421 0.1859375 0.7136842105263158 0.046875
21 0.5578947368421052 0.2359375 0.6989473684210527 0.053125
21 0.5578947368421052 0.27890625 0.7031578947368421 0.0328125
21 0.4863157894736842 0.30234375 0.5010526315789474 0.0109375
21 0.56 0.325 0.7115789473684211 0.025
21 0.56 0.35703125 0.6947368421052632 0.0359375
21 0.5568421052631579 0.3875 0.7010526315789474 0.03125
21 0.5515789473684211 0.41796875 0.6989473684210527 0.0296875
21 0.5557894736842105 0.4484375 0.7031578947368421 0.028125
21 0.4126315789473684 0.471875 0.42526315789473684 0.021875
21 0.5547368421052632 0.5015625 0.7136842105263158 0.040625
21 0.5505263157894736 0.53984375 0.7178947368421053 0.0328125
21 0.5557894736842105 0.60390625 0.7242105263157895 0.0953125
21 0.3063157894736842 0.65390625 0.14947368421052631 0.0140625
21 0.32526315789473687 0.671875 0.1957894736842105 0.01875
21 0.5547368421052632 0.69453125 0.7136842105263158 0.0265625
21 0.5410526315789473 0.715625 0.6273684210526316 0.01875
21 0.5442105263157895 0.73515625 0.6168421052631579 0.0140625
21 0.5421052631578948 0.76015625 0.6926315789473684 0.0296875
21 0.30105263157894735 0.78125 0.15157894736842106 0.0125
21 0.5484210526315789 0.8 0.7010526315789474 0.03125
21 0.3031578947368421 0.8265625 0.21473684210526317 0.021875
21 0.5463157894736842 0.8515625 0.7010526315789474 0.028125
21 0.29157894736842105 0.8765625 0.1957894736842105 0.028125