27 0.5611772486772487 0.120725 0.09062169312169313 0.020733333333333333
13 0.567962962962963 0.16011666666666666 0.6244444444444445 0.049875
21 0.5661243386243386 0.21373333333333336 0.63255291005291 0.053399999999999996
21 0.5669047619047619 0.4357916666666667 0.6399867724867725 0.12343333333333334
21 0.5658068783068783 0.52725 0.6291005291005292 0.043658333333333334
21 0.5718253968253968 0.5971500000000001 0.6347089947089947 0.0946
21 0.5670238095238096 0.66865 0.6266931216931216 0.04419166666666667
21 0.571005291005291 0.7169833333333333 0.6334126984126984 0.049375
21 0.5717857142857142 0.7826166666666666 0.6377248677248677 0.07736666666666667
17 0.5686507936507936 0.29425 0.6140740740740741 0.08295000000000001
17 0.48173280423280423 0.354775 0.3314814814814815 0.026216666666666666