25 0.5759325396825397 0.1 0.0828968253968254 0.02403125
23 0.5681746031746032 0.148796875 0.61375 0.06875
10 0.566329365079365 0.272234375 0.6100793650793651 0.17379687500000002
23 0.5686309523809523 0.400484375 0.6055158730158731 0.0673125
23 0.5730555555555555 0.46129687500000005 0.5991071428571428 0.03990625
10 0.5690873015873016 0.52175 0.5972619047619048 0.0670625
23 0.5686309523809523 0.59278125 0.6055158730158731 0.0673125
10 0.5661904761904762 0.66815625 0.4760714285714286 0.07620312500000001
23 0.45337301587301587 0.719109375 0.38416666666666666 0.024281249999999997
10 0.5678571428571428 0.7578125 0.30176587301587304 0.048796875
28 0.8500396825396825 0.788484375 0.032916666666666664 0.0124375