35 0.5209144196951934 0.10558333333333333 0.33234466588511136 0.029066666666666668
31 0.8847596717467762 0.10496666666666667 0.04400937866354045 0.024125
24 0.3274208675263775 0.16276666666666667 0.3726611957796014 0.056133333333333334
24 0.7139976553341149 0.16776666666666665 0.36790152403282533 0.06865
23 0.3265416178194607 0.267975 0.3709026963657679 0.15521666666666667
23 0.32726846424384526 0.38295833333333335 0.374126611957796 0.07367499999999999
23 0.32668229777256746 0.5305083333333334 0.3729542790152403 0.2224
23 0.3312309495896835 0.6864833333333333 0.37324736225087923 0.08898333333333333
23 0.32814771395076203 0.800875 0.37588511137162955 0.14135833333333334
23 0.7147362250879249 0.24366666666666664 0.3640914419695193 0.08283333333333334
23 0.714443141852286 0.33355 0.3635052754982415 0.09745
23 0.7150293083235638 0.4376083333333333 0.37172332942555686 0.11291666666666667
23 0.7163423212192263 0.54365 0.36908558030480654 0.09605000000000001
23 0.7162016412661195 0.6421833333333333 0.3740679953106682 0.09670000000000001
23 0.7147362250879249 0.7653166666666666 0.371137162954279 0.15156666666666666
23 0.7148769050410316 0.85665 0.3696717467760844 0.031475