0 0.042287104622871045 0.00853125 0.0845985401459854 0.0170625
27 0.7727007299270072 0.144109375 0.043649635036496354 0.018515625
27 0.18330900243309003 0.143265625 0.05143552311435523 0.014421875
31 0.4844768856447689 0.144234375 0.500316301703163 0.01634375
20 0.4747445255474453 0.18365625000000002 0.6305839416058394 0.047109374999999995
19 0.4797566909975669 0.28053125 0.64330900243309 0.1485625
13 0.4796107055961071 0.378 0.5280048661800486 0.019953125
19 0.47773722627737225 0.46585937499999996 0.6365693430656935 0.130765625
19 0.4851824817518248 0.55625 0.6362043795620438 0.044234375
19 0.3379075425790754 0.6544531250000001 0.30824817518248177 0.024765625
19 0.48523114355231145 0.7826875 0.6216058394160584 0.03365625
19 0.48333333333333334 0.8171875 0.6174939172749392 0.029562500000000002
34 0.47287104622871046 0.609375 0.6193430656934307 0.047593750000000004
34 0.4725060827250608 0.7109375 0.6111192214111922 0.084859375