19 0.5587677725118484 0.654875 0.693909952606635 0.0530625
19 0.5580568720379147 0.7565625 0.704478672985782 0.03878125
19 0.5584597156398105 0.70828125 0.6962796208530805 0.056359375
19 0.5639810426540285 0.41782812500000005 0.7081990521327014 0.048843750000000005
20 0.39364928909952607 0.136453125 0.36440758293838865 0.020765625
19 0.2648815165876777 0.228421875 0.1068483412322275 0.023734375
19 0.3059241706161137 0.336328125 0.2069431279620853 0.02003125
19 0.30030805687203793 0.48428125 0.18445497630331753 0.023734375
13 0.5623696682464455 0.605546875 0.6523459715639811 0.028921875000000003
19 0.5578672985781991 0.839890625 0.7153317535545024 0.031890625
31 0.5618009478672986 0.11273437500000001 0.410521327014218 0.02225
27 0.225521327014218 0.11273437500000001 0.039360189573459714 0.02225
6 0.566872037914692 0.181328125 0.5511137440758294 0.070453125
6 0.5590047393364929 0.284421875 0.6298578199052133 0.086765625
6 0.5556161137440758 0.369703125 0.3846682464454977 0.0393125
6 0.5612559241706161 0.45757812500000006 0.43414691943127964 0.03559375
6 0.5567535545023696 0.5328593749999999 0.5511137440758294 0.073421875
6 0.5533649289099526 0.803921875 0.23618483412322275 0.0445