22 0.3704422604422605 0.23948437500000003 0.3307125307125307 0.016953125
22 0.5122850122850123 0.211375 0.6245454545454545 0.045375
22 0.519017199017199 0.572828125 0.6459213759213759 0.205375
22 0.5174447174447174 0.34384375 0.6294103194103194 0.103390625
22 0.5203194103194103 0.4528125 0.6488206388206388 0.033015625
22 0.517002457002457 0.254328125 0.6263636363636363 0.015046875000000001
30 0.5156511056511056 0.127859375 0.18938574938574937 0.018953125
13 0.5185995085995085 0.1498125 0.6307862407862408 0.021734375
28 0.21955773955773955 0.126234375 0.030515970515970516 0.022093750000000002
22 0.5216216216216216 0.727171875 0.6402457002457002 0.046656249999999996
22 0.5173218673218674 0.419796875 0.6358230958230957 0.013796875
22 0.5205405405405406 0.688640625 0.6426044226044226 0.02709375
22 0.45054054054054055 0.402734375 0.5004176904176904 0.012578125
22 0.5204668304668305 0.7668125 0.6374692874692874 0.028484375
22 0.5159213759213759 0.17553125 0.6307616707616708 0.028796875
22 0.5180835380835381 0.275296875 0.6285995085995086 0.030859375
22 0.5207862407862408 0.795734375 0.6404668304668305 0.030859375
22 0.5218673218673219 0.8193906249999999 0.6383046683046684 0.019203124999999998