1 0.044247191011235955 0.009046875 0.08849438202247191 0.018062500000000002
27 0.3658426966292135 0.15228124999999998 0.04303370786516854 0.015625
31 0.6244719101123595 0.151921875 0.35285393258426967 0.022109375
21 0.6239550561797753 0.203609375 0.5557977528089888 0.07259375
21 0.624629213483146 0.2920625 0.5630337078651686 0.09664062500000001
21 0.6202921348314606 0.37259375 0.5682022471910112 0.055765625
21 0.4883370786516854 0.4020625 0.31164044943820224 0.020874999999999998
21 0.6220224719101124 0.44976562500000006 0.5578426966292135 0.06971875
21 0.6202921348314606 0.5201875 0.5682022471910112 0.068265625
21 0.617191011235955 0.6735625 0.5564494382022472 0.030765625
21 0.5842696629213483 0.700484375 0.507370786516854 0.0173125
21 0.6156404494382022 0.7439843749999999 0.5671685393258427 0.06778125
21 0.6154606741573033 0.80696875 0.564067415730337 0.05721875
21 0.6176456914366355 0.613341354406797 0.5656679721214157 0.08197116851806663
17 0.4578202247191011 0.57884375 0.22696629213483147 0.0201875