17 0.5390930787589499 0.35596875 0.1660381861575179 0.023015625
17 0.5296420047732696 0.6210625000000001 0.1570167064439141 0.026046875000000004
24 0.5534844868735084 0.15890625 0.6412649164677804 0.042125
17 0.5390692124105012 0.378546875 0.19758949880668258 0.0208125
17 0.547255369928401 0.196859375 0.15837708830548927 0.025171875
31 0.5425775656324583 0.1266875 0.09894988066825776 0.022921875
23 0.5384964200477327 0.277828125 0.6532696897374702 0.08885937499999999
23 0.5286396181384249 0.49140625 0.6467780429594272 0.1984375
23 0.5310262529832935 0.7078125 0.6515513126491647 0.09375
17 0.5250596658711217 0.6453125 0.1766109785202864 0.034375
17 0.545346062052506 0.22265625 0.15513126491646778 0.0234375