30 0.48918767507002797 0.060375000000000005 0.48824929971988795 0.024024999999999998
28 0.8505042016806723 0.05820833333333333 0.06644257703081233 0.024499999999999997
20 0.488375350140056 0.10138333333333333 0.7777731092436976 0.045891666666666664
20 0.4920028011204482 0.19361666666666666 0.7769607843137255 0.14229166666666668
20 0.48917366946778706 0.2965833333333333 0.7793977591036415 0.06333333333333334
20 0.488375350140056 0.3889416666666667 0.7777731092436976 0.12294166666666667
20 0.48593837535014 0.4726666666666667 0.7729271708683474 0.040141666666666666
13 0.488375350140056 0.6137416666666666 0.7777731092436976 0.08889166666666667
25 0.4873529411764706 0.7147 0.7798039215686274 0.06705
25 0.4889775910364146 0.8190916666666667 0.7830392156862745 0.141075
19 0.49369747899159666 0.5333333333333333 0.5858963585434174 0.052774999999999996