27 0.2581336161187699 0.13675833333333334 0.03906680805938494 0.015183333333333332
31 0.5542417815482502 0.13979166666666668 0.5225980911983032 0.019166666666666665
1 0.03711558854718982 0.00625 0.07423117709437964 0.0125
13 0.5347826086956522 0.21246666666666666 0.5950265111346765 0.127025
21 0.544559915164369 0.3000583333333333 0.6128950159066808 0.035291666666666666
21 0.5411134676564157 0.37833333333333335 0.6065217391304348 0.05374166666666666
21 0.544814422057264 0.47330833333333333 0.6123860021208908 0.13463333333333333
21 0.5323541887592789 0.5685916666666666 0.6054931071049842 0.05239166666666666
21 0.3424284199363733 0.6095166666666666 0.17410392364793215 0.02055
21 0.4580911983032874 0.6644166666666667 0.459745493107105 0.021166666666666667
21 0.5354612937433723 0.7405166666666667 0.5992682926829268 0.07105
14 0.6979957582184518 0.7853249999999999 0.2052810180275716 0.015008333333333335
10 0.526829268292683 0.3318833333333333 0.28748674443266176 0.028350000000000004
10 0.5341145281018028 0.6358333333333334 0.3471155885471898 0.02584166666666667
10 0.531558854718982 0.6903583333333333 0.121983032873807 0.02655