28 0.47833127317676144 0.08390833333333333 0.07058096415327565 0.019016666666666668
23 0.2818541409147095 0.14030833333333334 0.3800988875154512 0.059916666666666674
23 0.2827812113720643 0.201325 0.35412855377008656 0.0366
23 0.281742892459827 0.25101666666666667 0.3821755253399258 0.04845
23 0.262274412855377 0.30378333333333335 0.3154140914709518 0.039891666666666666
23 0.2860321384425216 0.35605 0.37915945611866503 0.04908333333333333
23 0.2512608158220025 0.4075416666666667 0.2818046971569839 0.04108333333333333
23 0.28707045735475895 0.465975 0.3882076637824475 0.06417500000000001
23 0.23271940667490731 0.5256583333333333 0.23545117428924597 0.041308333333333336
23 0.2415203955500618 0.5713583333333333 0.2530655129789864 0.037375
23 0.2881087762669963 0.621675 0.37870210135970334 0.050475
23 0.29239802224969097 0.6771416666666668 0.3849567367119901 0.05825
23 0.294610630407911 0.7294416666666667 0.3824103831891224 0.04563333333333333
23 0.23086526576019778 0.7741333333333333 0.24101359703337452 0.04123333333333333
23 0.2985414091470952 0.8224916666666666 0.37637824474660075 0.05198333333333333
23 0.22170580964153278 0.8817083333333333 0.22038318912237329 0.061016666666666663
23 0.6183436341161929 0.12866666666666668 0.24859085290482077 0.03820833333333334
23 0.6759456118665019 0.18984166666666666 0.38002472187886277 0.06208333333333333
23 0.6768726823238567 0.2575 0.3818788627935723 0.050475
23 0.6791965389369592 0.31405833333333333 0.3772435105067985 0.063575
23 0.6839431396786155 0.3751583333333333 0.3658838071693449 0.038849999999999996
23 0.6807045735475897 0.42738333333333334 0.3779357231149567 0.05263333333333333
23 0.6151050679851668 0.4710583333333333 0.22355995055624228 0.03526666666666667
23 0.6426823238566131 0.5164416666666667 0.27409147095179237 0.04945833333333333
23 0.6841779975278122 0.5702333333333333 0.37098887515451173 0.053875000000000006
23 0.6487144622991347 0.6232 0.2861433868974042 0.037899999999999996
23 0.6840667490729295 0.6692916666666666 0.3823485784919654 0.051941666666666664
23 0.6133621755253399 0.719175 0.21776266996291715 0.03916666666666667
23 0.6593819530284303 0.765425 0.2889245982694685 0.04414166666666666
23 0.6504573547589617 0.8167083333333333 0.2733992583436341 0.04355
23 0.6877750309023486 0.8699166666666668 0.3804944375772559 0.04836666666666667
31 0.8139060568603215 0.9010166666666667 0.025686032138442522 0.011341666666666667