35 0.5021973094170403 0.073671875 0.2737219730941704 0.018671874999999998
31 0.875560538116592 0.07709375 0.03917040358744394 0.016328125
6 0.7850896860986547 0.611515625 0.21423766816143497 0.20445312499999999
26 0.3253139013452915 0.104265625 0.4467937219730942 0.0213125
26 0.2810762331838565 0.124 0.3636322869955157 0.0213125
26 0.42957399103139016 0.142046875 0.6597982062780269 0.017046875
26 0.4368161434977578 0.16007812500000002 0.669798206278027 0.01846875
26 0.5075336322869956 0.191046875 0.8030941704035874 0.04403125
26 0.3813677130044843 0.22151562500000002 0.5466816143497758 0.02003125
26 0.5044843049327354 0.287640625 0.7847533632286996 0.109375
17 0.5075336322869956 0.36931250000000004 0.6522645739910314 0.0255625
17 0.5024439461883408 0.40554687500000003 0.026502242152466368 0.026984374999999998
17 0.4983632286995516 0.723015625 0.04280269058295964 0.0255625
18 0.4549103139013453 0.5003124999999999 0.3301121076233184 0.166453125
18 0.46966367713004487 0.6602187500000001 0.3703811659192825 0.08978125
18 0.4777354260089686 0.8229374999999999 0.3596412556053812 0.16459375
17 0.5032286995515695 0.600375 0.09930493273542601 0.0224375
17 0.4966367713004484 0.91796875 0.09641255605381166 0.0265625