21 0.5573933649289099 0.397703125 0.6833175355450237 0.14575
28 0.24189573459715638 0.12471874999999999 0.04286729857819905 0.0241875
13 0.5606161137440758 0.160265625 0.6913033175355451 0.036671875
21 0.5604265402843602 0.683984375 0.686042654028436 0.09978125
21 0.5597630331753555 0.537015625 0.6826066350710901 0.031
21 0.5567772511848341 0.29431250000000003 0.6845971563981043 0.034625
21 0.5586729857819905 0.750890625 0.6899052132701421 0.0315
21 0.5605924170616113 0.25103125 0.6887914691943129 0.050578124999999995
21 0.5603791469194312 0.486203125 0.6911611374407584 0.03175
21 0.5555213270142181 0.617390625 0.675260663507109 0.032937499999999995
21 0.566350710900474 0.203125 0.7014218009478673 0.05
21 0.4940758293838863 0.3171875 0.5 0.01875
21 0.5592417061611374 0.5765625 0.6777251184834123 0.05
21 0.5604265402843602 0.79765625 0.6848341232227488 0.0671875
21 0.5651658767772512 0.84609375 0.7085308056872038 0.0328125
21 0.5604265402843602 0.87421875 0.7037914691943128 0.0234375
32 0.5616113744075829 0.1265625 0.3412322274881517 0.028125
21 0.4372037914691943 0.5125 0.43364928909952605 0.01875