20 0.62 0.42806249999999996 0.7064356435643564 0.067484375
20 0.6269554455445544 0.659328125 0.7213118811881188 0.20825
20 0.6268564356435643 0.807390625 0.7066831683168316 0.08384375
20 0.6258168316831684 0.19015625 0.7165346534653466 0.07325000000000001
20 0.6238118811881188 0.259984375 0.7148267326732674 0.08149999999999999
20 0.6191089108910891 0.32229687500000004 0.7084405940594058 0.046046875
28 0.6141089108910891 0.10478125 0.10616336633663366 0.020109375
13 0.6178217821782178 0.13568750000000002 0.7016584158415842 0.0323125
20 0.6216831683168317 0.5199374999999999 0.7103712871287129 0.036984375
20 0.6212128712871288 0.47601562499999994 0.7073019801980198 0.0340625
20 0.4347772277227723 0.545203125 0.2274257425742574 0.0200625
20 0.6162128712871286 0.372609375 0.7039851485148515 0.050671875