32 0.5381874229346486 0.118775 0.27801479654747224 0.019575
28 0.24180024660912453 0.11946666666666668 0.031467324290998765 0.020958333333333332
30 0.5584217016029593 0.161275 0.6103575832305795 0.05778333333333334
30 0.5492231812577065 0.24830833333333335 0.6395807644882862 0.06216666666666666
30 0.5454254007398274 0.31266666666666665 0.6384956843403207 0.0139
30 0.5410974106041924 0.39385 0.6384956843403207 0.085575
30 0.5443526510480888 0.47942499999999993 0.6298397040690505 0.025599999999999998
30 0.5367694204685574 0.5419583333333333 0.6341676942046856 0.03510833333333334
30 0.541639950678175 0.6012000000000001 0.630924784217016 0.02779166666666667
30 0.5432675709001232 0.6608083333333333 0.6233538840937115 0.02998333333333333
30 0.543810110974106 0.7218833333333333 0.628754623921085 0.042416666666666665
30 0.5389395807644882 0.8089166666666667 0.6406658446362516 0.077525
17 0.5454254007398274 0.7639333333333334 0.13852034525277435 0.016825
17 0.5448951911220715 0.6922583333333333 0.12877928483353884 0.021208333333333333
17 0.5443526510480888 0.6370416666666667 0.13203452527743526 0.019016666666666668
17 0.5410974106041924 0.5788916666666666 0.11471023427866832 0.018283333333333335
17 0.5383970406905055 0.5137999999999999 0.11796547472256473 0.022675
17 0.5405548705302096 0.4556583333333333 0.12229346485819977 0.024866666666666665
17 0.5405548705302096 0.33936666666666665 0.12662145499383476 0.024866666666666665
17 0.5400246609124537 0.29694166666666666 0.12769420468557338 0.021941666666666665
17 0.5372503082614056 0.20655 0.10954377311960543 0.016158333333333334