31 0.4271047619047619 0.128 0.17436190476190477 0.01803125
27 0.7084190476190476 0.13040625 0.03956190476190476 0.025234374999999996
19 0.28864761904761904 0.150234375 0.3194095238095238 0.019234375
19 0.42784761904761903 0.18690625 0.5978095238095239 0.0516875
19 0.42857142857142855 0.23678125 0.5992761904761905 0.050484375000000005
19 0.42929523809523806 0.27164062499999997 0.5978095238095239 0.021640625
19 0.4300380952380953 0.300484375 0.6051238095238095 0.0360625
19 0.42784761904761903 0.334734375 0.6036571428571429 0.037265625000000004
19 0.42638095238095236 0.36959375 0.6007238095238095 0.034859375
19 0.4271047619047619 0.451328125 0.6051238095238095 0.121390625
19 0.42784761904761903 0.5372656250000001 0.6065904761904761 0.052890625000000004
19 0.4307619047619048 0.5889375 0.6036571428571429 0.048078125
19 0.43297142857142856 0.63221875 0.6080571428571429 0.0360625
19 0.43483809523809525 0.687140625 0.6101904761904763 0.071421875
21 0.5465142857142857 0.725359375 0.21392380952380952 0.025234374999999996
19 0.3208761904761905 0.762015625 0.3838857142857143 0.019234375
21 0.2901142857142857 0.790265625 0.17582857142857145 0.032453125
21 0.6219809523809524 0.795671875 0.18314285714285716 0.021640625