31 0.46236786469344604 0.13996875 0.20839323467230442 0.024859375
27 0.7947568710359408 0.148390625 0.04993657505285413 0.027265624999999998
20 0.28545454545454546 0.18128125 0.33211416490486256 0.030484375
19 0.2859830866807611 0.223390625 0.33536997885835096 0.052140624999999996
19 0.28382663847780126 0.2615 0.3375475687103594 0.028875
19 0.2816490486257928 0.30240625 0.3418816067653277 0.05775
19 0.2810993657505286 0.35735937500000003 0.34298097251585624 0.05053125000000001
19 0.2800211416490486 0.40267187499999996 0.349492600422833 0.04171875
19 0.6343974630021142 0.796125 0.33103594080338267 0.032890625
19 0.6343974630021142 0.838640625 0.3375475687103594 0.05375
19 0.636553911205074 0.8851718749999999 0.34839323467230443 0.04090625
19 0.6371035940803383 0.675 0.33429175475687106 0.0393125
19 0.6376532769556026 0.626078125 0.3375475687103594 0.0489375
19 0.6392811839323467 0.5875781250000001 0.3386257928118393 0.023265625
19 0.6360253699788583 0.5530781250000001 0.3451374207188161 0.042515625
19 0.6425369978858352 0.5105625 0.34731501057082453 0.037703125
20 0.6409090909090909 0.20495312499999999 0.33321353065539117 0.0681875
19 0.643615221987315 0.272328125 0.33429175475687106 0.06496874999999999
19 0.6414376321353065 0.313640625 0.34080338266384774 0.016046875
19 0.6414376321353065 0.33890625 0.3364693446088795 0.037703125
19 0.644693446088795 0.372203125 0.3386257928118393 0.030484375
19 0.6425369978858352 0.3990625 0.3451374207188161 0.028078125
19 0.6414376321353065 0.419921875 0.34298097251585624 0.018453125
19 0.6409090909090909 0.461234375 0.34839323467230443 0.064171875
19 0.283276955602537 0.451609375 0.3516490486257928 0.054546874999999995
19 0.2805708245243129 0.49090625 0.35490486257928117 0.0240625
19 0.28382663847780126 0.523 0.34623678646934464 0.0433125
19 0.2805708245243129 0.565109375 0.34623678646934464 0.0393125
19 0.2816490486257928 0.618046875 0.34623678646934464 0.063375
19 0.2800211416490486 0.695453125 0.3451374207188161 0.09465625
19 0.27513742071881603 0.7624375 0.34623678646934464 0.037703125
19 0.2783932346723045 0.80134375 0.3440591966173362 0.040109375
19 0.27405919661733613 0.839453125 0.34839323467230443 0.04090625
19 0.2745877378435518 0.8815625 0.34298097251585624 0.0433125
13 0.6389429175475688 0.7517343750000001 0.03289640591966173 0.017359375