32 0.4980812324929972 0.07430833333333334 0.2569887955182073 0.027433333333333334
28 0.8773809523809525 0.07780833333333334 0.06627450980392156 0.022366666666666667
21 0.49845938375350135 0.161525 0.8500700280112046 0.12705
21 0.4992717086834734 0.30546666666666666 0.8516806722689076 0.161475
21 0.49907563025210083 0.4473666666666667 0.8553361344537815 0.12664166666666665
21 0.49481792717086837 0.5495 0.8508823529411764 0.079875
21 0.4968347338935574 0.628775 0.8468207282913165 0.08151666666666667
21 0.49176470588235294 0.7731833333333333 0.8407282913165266 0.20378333333333332
21 0.4913585434173669 0.9026083333333335 0.8318067226890756 0.05226666666666666
31 0.8098319327731093 0.9404999999999999 0.0488375350140056 0.017008333333333334
20 0.19789915966386556 0.9371166666666666 0.12722689075630253 0.019908333333333333