6 0.703961813842482 0.609578125 0.4734844868735083 0.411796875
2 0.3101670644391408 0.23821875 0.33298329355608597 0.23504687500000002
23 0.7089976133651551 0.23203125 0.45031026252983297 0.21921875000000002
23 0.30995226730310266 0.643 0.3101431980906921 0.15717187500000002
23 0.3030071599045346 0.5119374999999999 0.3076133651551312 0.109453125
31 0.5426014319809069 0.07034375000000001 0.11023866348448687 0.023203124999999998
17 0.5436515513126492 0.1068125 0.1418854415274463 0.022609375
7 0.5417661097852029 0.88203125 0.45346062052505964 0.0546875
23 0.14797136038186157 0.728125 0.1431980906921241 0.8421875 0.9570405727923628 0.8328125 0.9451073985680191 0.8125 0.4630071599045346 0.81875 0.45823389021479716 0.721875 0.12410501193317422 0.7171875
9 0.7064439140811456 0.8046875 0.3818615751789976 0.01875
23 0.4988066825775656 0.3484375 0.4964200477326969 0.3625 0.1431980906921241 0.3609375 0.1431980906921241 0.459375 0.45584725536992843 0.453125 0.4630071599045346 0.4015625 0.9522673031026253 0.396875 0.9403341288782816 0.3421875