30 0.548987012987013 0.094296875 0.132 0.031578125
28 0.19275324675324673 0.09293749999999999 0.05550649350649351 0.0270625
13 0.5392207792207792 0.140765625 0.7484675324675325 0.032484374999999996
20 0.5452207792207792 0.18362499999999998 0.7574545454545455 0.055046874999999995
20 0.5414805194805195 0.2499375 0.7469610389610389 0.059546875
20 0.5414805194805195 0.301375 0.7469610389610389 0.037890625
20 0.5414805194805195 0.33746875 0.7409610389610389 0.032484374999999996
20 0.5287272727272727 0.364078125 0.7124675324675325 0.017140625
20 0.5392207792207792 0.40784374999999995 0.7454805194805194 0.06135937500000001
20 0.5422337662337662 0.45746875 0.7514805194805194 0.03609375
20 0.4062337662337662 0.487328125 0.4796623376623376 0.020999999999999998
20 0.3952207792207792 0.5057343750000001 0.4574805194805195 0.01534375
20 0.5414805194805195 0.5287499999999999 0.749974025974026 0.037890625
20 0.3262337662337662 0.559421875 0.3164935064935065 0.01984375
20 0.386987012987013 0.581078125 0.434987012987013 0.02165625
20 0.542987012987013 0.608609375 0.749974025974026 0.02978125
20 0.5362337662337662 0.651015625 0.7514805194805194 0.049625
20 0.4297402597402597 0.689359375 0.5504675324675324 0.02165625
20 0.5392207792207792 0.715078125 0.7514805194805194 0.02978125
20 0.5407272727272727 0.75478125 0.7454805194805194 0.047828125
25 0.43257142857142855 0.80215625 0.5158961038961039 0.018265625
25 0.5007792207792208 0.817421875 0.6455844155844156 0.014656250000000001
25 0.27181818181818185 0.8317343749999999 0.20044155844155845 0.0125
25 0.25441558441558443 0.8473593749999999 0.15927272727272726 0.01490625