31 0.2794491525423729 0.10595312500000001 0.049894067796610174 0.020125
27 0.5539618644067797 0.105265625 0.06661016949152543 0.016796875
20 0.5579449152542373 0.140828125 0.6095550847457627 0.025390625
19 0.5592372881355931 0.180859375 0.6008050847457627 0.0546875
19 0.5556567796610169 0.275484375 0.6 0.133
19 0.5563347457627118 0.370703125 0.6013347457627118 0.0578125
19 0.5565889830508474 0.46425 0.6061016949152542 0.124609375
19 0.5556567796610169 0.558203125 0.6 0.0578125
19 0.5501059322033898 0.620703125 0.5952330508474576 0.0578125
19 0.5485169491525423 0.6765625 0.5984110169491526 0.04765625
19 0.5519491525423729 0.79071875 0.6074152542372881 0.18067187499999998