31 0.39098873591989985 0.135725 0.5984105131414268 0.0196
27 0.707046307884856 0.140975 0.012340425531914893 0.018983333333333335
21 0.399837296620776 0.20615 0.6216645807259074 0.10118333333333333
34 0.3993241551939925 0.28831666666666667 0.4899249061326658 0.06921666666666666
34 0.40503128911138925 0.49595 0.41235294117647064 0.08449166666666667
34 0.4231038798498123 0.36219999999999997 0.5653066332916146 0.048475000000000004
21 0.3715269086357948 0.3310083333333333 0.5683854818523154 0.01941666666666667
21 0.39821026282853567 0.39698333333333335 0.6184105131414268 0.01805
21 0.31550688360450563 0.447325 0.45856070087609513 0.016866666666666665
34 0.3958072590738423 0.4217916666666666 0.41613266583229036 0.038025
21 0.40702127659574466 0.5910083333333334 0.630488110137672 0.10238333333333333
34 0.3989612015018773 0.7408666666666667 0.6560826032540676 0.18358333333333335
25 0.39849812265331663 0.8571166666666666 0.6245556946182729 0.029041666666666667
30 0.6119399249061327 0.8815833333333334 0.04157697121401752 0.020158333333333334