28 0.4714926931106472 0.11936666666666668 0.07375782881002087 0.015908333333333333
20 0.41120041753653447 0.21816666666666668 0.4998329853862213 0.07621666666666665
20 0.3599791231732777 0.16819166666666668 0.3937787056367432 0.022508333333333335
33 0.636544885177453 0.14453333333333332 0.2663152400835073 0.022891666666666664
33 0.42767223382045927 0.33045 0.4567536534446764 0.14326666666666665
20 0.27365344467640923 0.41583333333333333 0.21026096033402925 0.017808333333333336
20 0.42834029227557413 0.5220166666666667 0.45686847599164926 0.019191666666666666
20 0.48521920668058455 0.5403666666666667 0.5718580375782881 0.018308333333333333
20 0.40143006263048014 0.5863333333333334 0.48029227557411275 0.03799166666666667
33 0.48576200417536536 0.6774 0.5838100208768267 0.13776666666666665
16 0.2985386221294363 0.7649583333333334 0.26184759916492695 0.0253
20 0.47037578288100207 0.8098083333333334 0.6073382045929019 0.05575833333333333
20 0.4279749478079332 0.4368083333333333 0.4488517745302714 0.015274999999999999
20 0.3627348643006263 0.4805583333333333 0.39491649269311063 0.06666666666666667