31 0.19473684210526315 0.11484375 0.02736842105263158 0.0203125
35 0.5221052631578947 0.12109375 0.11789473684210526 0.0203125
24 0.5389473684210526 0.1640625 0.6989473684210527 0.053125
23 0.4622105263157895 0.199078125 0.5492842105263158 0.0203125
23 0.5305263157894737 0.22265625 0.7073684210526315 0.0296875
23 0.33263157894736844 0.244390625 0.292821052631579 0.0203125
23 0.531578947368421 0.28359375 0.7010526315789474 0.0609375
23 0.3993263157894737 0.321234375 0.43082105263157894 0.0234375
23 0.4454526315789474 0.33828125 0.5154105263157894 0.0203125
23 0.5378947368421053 0.35859375 0.7010526315789474 0.0296875
23 0.3522526315789474 0.3828125 0.32707368421052635 0.015625
23 0.5357894736842105 0.40625 0.6926315789473684 0.028125
23 0.28642105263157897 0.43046875 0.19349473684210525 0.0171875
23 0.5389473684210526 0.4609375 0.6947368421052632 0.046875
23 0.2810526315789474 0.49140625 0.18736842105263157 0.0140625
23 0.341621052631579 0.50859375 0.30621052631578943 0.0203125
23 0.4809684210526316 0.5234375 0.5887157894736842 0.01875
23 0.36372631578947373 0.53828125 0.3546315789473684 0.0234375
23 0.4489052631578947 0.55390625 0.529578947368421 0.0234375
23 0.5273684210526316 0.58515625 0.6968421052631579 0.0453125
23 0.531578947368421 0.621875 0.6884210526315789 0.034375
23 0.3235368421052632 0.646875 0.2750315789473684 0.015625
23 0.5305263157894737 0.66953125 0.7031578947368421 0.0359375
23 0.5350315789473684 0.69375 0.7025894736842105 0.0125
23 0.4469894736842105 0.7050468750000001 0.5333894736842105 0.018609375
23 0.531578947368421 0.74609375 0.6968421052631579 0.0609375
23 0.531578947368421 0.809375 0.6968421052631579 0.0625
23 0.5336842105263158 0.86484375 0.6926315789473684 0.0546875