31 0.4532266325224072 0.10820833333333332 0.46732394366197183 0.02875833333333333
27 0.7946606914212548 0.10743333333333333 0.04049935979513444 0.025358333333333333
13 0.4579641485275288 0.1843 0.44266325224071706 0.067975
2 0.6659026888604354 0.3889666666666667 0.3150704225352113 0.17730833333333335
5 0.6647247119078105 0.46489166666666665 0.0708706786171575 0.025458333333333333
19 0.22751600512163891 0.24449166666666666 0.27768245838668376 0.017991666666666666
20 0.45558258642765687 0.32366666666666666 0.7281306017925736 0.09301666666666666
19 0.2920102432778489 0.3988333333333334 0.4009603072983354 0.06000833333333334
19 0.2521766965428937 0.43495000000000006 0.3156081946222791 0.017425
20 0.4570166453265045 0.50625 0.7252752880921896 0.045225
19 0.4617541613316261 0.5885166666666667 0.7290781049935979 0.05235
19 0.18057618437900128 0.64825 0.13827144686299614 0.0218
20 0.2934314980793854 0.7155416666666666 0.3924199743918054 0.034166666666666665
20 0.33277848911651725 0.7626166666666666 0.4483738796414853 0.022758333333333332
20 0.4622279129321383 0.8362333333333334 0.712944942381562 0.03481666666666667
19 0.23795134443021768 0.862475 0.25302176696542894 0.020625
19 0.20594110115236877 0.5361916666666666 0.21460947503201025 0.016216666666666667
6 0.297708066581306 0.4621083333333333 0.1505889884763124 0.034716666666666667
6 0.45774647887323944 0.5482333333333334 0.08085787451984634 0.021775
6 0.45869398207426376 0.6271 0.23070422535211269 0.0184
6 0.45797695262483995 0.6760333333333334 0.37437900128040974 0.044033333333333334
6 0.4627144686299616 0.7961083333333334 0.44076824583866836 0.04345
6 0.45838668373879643 0.265 0.1587708066581306 0.02
6 0.4689628681177977 0.8733833333333333 0.11211267605633803 0.02225
6 0.4669142125480154 0.7367916666666666 0.08613316261203585 0.023133333333333336