15 0.5022301425661915 0.7350916666666667 0.25220977596741345 0.0389
15 0.2355193482688391 0.6645 0.24855397148676173 0.04041666666666666
15 0.46435845213849286 0.6840833333333333 0.18390020366598778 0.014775
27 0.4945315682281059 0.103775 0.08192464358452138 0.01775833333333333
15 0.2329938900203666 0.2860166666666667 0.2527596741344196 0.029091666666666665
15 0.48865580448065177 0.521375 0.23430753564154785 0.016191666666666667
15 0.23541751527494909 0.4522083333333333 0.2525152749490835 0.01485
15 0.5002545824847251 0.6667333333333334 0.2514969450101833 0.014516666666666667
15 0.21281059063136454 0.26037499999999997 0.20908350305498982 0.016083333333333335
15 0.235010183299389 0.6178166666666667 0.24842158859470467 0.013266666666666666
15 0.23038696537678208 0.3136333333333333 0.2514663951120163 0.027466666666666667
15 0.22870672097759676 0.43698333333333333 0.2424847250509165 0.014891666666666668
15 0.7452749490835031 0.8124666666666667 0.20968431771894094 0.016275
15 0.22126272912423625 0.3497083333333333 0.22472505091649694 0.0157
15 0.2335743380855397 0.7267583333333334 0.23976578411405294 0.014766666666666666
15 0.2370264765784114 0.4765416666666667 0.25614052953156824 0.023825
15 0.47911405295315684 0.7051 0.21360488798370672 0.0153
31 0.17038696537678208 0.11161666666666667 0.12689409368635438 0.014741666666666669
15 0.495020366598778 0.6507083333333333 0.24769857433808554 0.014641666666666667
15 0.2369755600814664 0.7426916666666666 0.2464663951120163 0.015825
15 0.23522403258655805 0.581725 0.25195519348268836 0.015116666666666667
15 0.235010183299389 0.386625 0.2529327902240326 0.01635
15 0.49433808553971487 0.23107500000000003 0.25671079429735233 0.027825
15 0.4961812627291242 0.4794083333333333 0.2546028513238289 0.028208333333333335
15 0.2414460285132383 0.768825 0.250050916496945 0.024966666666666668
15 0.49871690427698573 0.5472166666666667 0.25372708757637474 0.02764166666666667
15 0.2185641547861507 0.3343666666666667 0.21883910386965377 0.015058333333333333
15 0.23314663951120163 0.7120249999999999 0.23970468431771894 0.015383333333333334
15 0.23035641547861507 0.3695583333333334 0.24268839103869652 0.014825
15 0.23090631364562117 0.42073333333333335 0.2468024439918534 0.014741666666666669
15 0.22192464358452138 0.8713833333333334 0.2219959266802444 0.015108333333333333
15 0.48335030549898167 0.5995 0.22368635437881873 0.015533333333333333
15 0.23306517311608962 0.6015999999999999 0.24326883910386965 0.015816666666666666
15 0.1835234215885947 0.189125 0.15181262729124237 0.01485
15 0.2320468431771894 0.40120833333333333 0.24968431771894092 0.015383333333333334
15 0.4984623217922607 0.6308083333333333 0.24887983706720979 0.014925
15 0.49659877800407337 0.6147083333333333 0.2523930753564155 0.015416666666666667
15 0.2319551934826884 0.20900833333333332 0.2464867617107943 0.016333333333333335
15 0.49696537678207736 0.5750083333333333 0.2522912423625255 0.029666666666666668
15 0.22869653767820775 0.6950583333333333 0.23327902240325868 0.01555
15 0.20137474541751527 0.23996666666666666 0.19193482688391036 0.01475
15 0.46487780040733195 0.7646666666666667 0.17928716904276987 0.014583333333333334
15 0.4840936863543788 0.5052416666666666 0.23167006109979632 0.014658333333333334
15 0.7673319755600815 0.7861250000000001 0.25776985743380854 0.026433333333333333
15 0.23438900203665985 0.499175 0.2464765784114053 0.016175
15 0.23760692464358454 0.8461083333333334 0.25420570264765785 0.025008333333333334
15 0.2309572301425662 0.13350833333333334 0.24962321792260692 0.025733333333333334
15 0.2014663951120163 0.156825 0.18869653767820774 0.012866666666666667
15 0.20589613034623216 0.17331666666666665 0.1975356415478615 0.016891666666666666
15 0.17935845213849286 0.22438333333333332 0.15036659877800407 0.014475
15 0.1970468431771894 0.5155166666666666 0.1759164969450102 0.016083333333333335
15 0.23734215885947046 0.5320083333333333 0.2565071283095723 0.015283333333333333
15 0.23537678207739307 0.5488999999999999 0.2525763747454175 0.013675
15 0.23685336048879838 0.5661833333333333 0.2515885947046843 0.016083333333333335
15 0.23438900203665985 0.6333416666666667 0.24471486761710795 0.020108333333333332
15 0.21325865580448064 0.7889583333333333 0.1985234215885947 0.016083333333333335
15 0.24028513238289206 0.8046416666666667 0.2565071283095723 0.016891666666666666
15 0.24176171079429734 0.8235416666666666 0.2555193482688391 0.020908333333333334
15 0.21375763747454174 0.8874833333333334 0.20736252545824846 0.0185
15 0.2289918533604888 0.9067833333333334 0.24372708757637476 0.0185
31 0.2309572301425662 0.9248833333333333 0.24962321792260692 0.017691666666666668
15 0.4933604887983707 0.12304999999999999 0.2555193482688391 0.012866666666666667
15 0.4963034623217923 0.13994166666666666 0.2574847250509165 0.016083333333333335
15 0.49433808553971487 0.156425 0.2574847250509165 0.012066666666666667
15 0.49286150712830956 0.17451666666666665 0.2584725050916497 0.020908333333333334
15 0.49237270875763745 0.19261666666666666 0.2574847250509165 0.016891666666666666
15 0.49384928716904275 0.20950833333333332 0.2565071283095723 0.015283333333333333
15 0.4967922606924644 0.25293333333333334 0.2525763747454175 0.015283333333333333
15 0.46633401221995924 0.7809166666666667 0.17984725050916497 0.016083333333333335
15 0.505152749490835 0.7978083333333333 0.25355397148676173 0.016083333333333335
15 0.46240325865580445 0.8134916666666667 0.1739511201629328 0.015283333333333333
15 0.46829938900203666 0.8323916666666666 0.18377800407331976 0.017691666666666668
15 0.4619042769857434 0.8504833333333334 0.17493890020366598 0.015283333333333333
15 0.49826883910386965 0.8681833333333333 0.24372708757637476 0.016891666666666666
15 0.48303462321792257 0.8854749999999999 0.21719959266802444 0.017691666666666668
15 0.4702647657841141 0.904375 0.18770875763747455 0.0185
15 0.7415071283095722 0.9039666666666667 0.20736252545824846 0.014475
15 0.7469144602851324 0.8838666666666668 0.22014256619144604 0.017691666666666668
15 0.7478920570264765 0.8653666666666667 0.22014256619144604 0.012866666666666667
15 0.7704989816700611 0.8492833333333333 0.26534623217922604 0.0193
15 0.7307026476578411 0.8295750000000001 0.18574338085539716 0.0185
15 0.7572301425661915 0.12023333333333333 0.2604378818737271 0.015283333333333333
15 0.7356109979633402 0.137525 0.20932790224032588 0.012866666666666667
15 0.7474032586558045 0.15320833333333334 0.23292260692464356 0.0185
15 0.719399185336049 0.17090000000000002 0.17690427698574338 0.016891666666666666
15 0.7395417515274949 0.1894 0.22309572301425662 0.016891666666666666
15 0.7631262729124236 0.212725 0.2682993890020367 0.02654166666666667
15 0.7557637474541751 0.23443333333333333 0.24962321792260692 0.016891666666666666
15 0.7223421588594705 0.25253333333333333 0.18280040733197556 0.014475
15 0.7267718940936864 0.26821666666666666 0.19163951120162934 0.016891666666666666
15 0.719399185336049 0.2859083333333333 0.17493890020366598 0.016891666666666666
15 0.7208655804480651 0.30239166666666667 0.1759164969450102 0.016083333333333335
15 0.6894195519348268 0.3208916666666667 0.11105906313645622 0.017691666666666668
15 0.7321690427698574 0.336575 0.1965580448065173 0.0185
15 0.7179226069246436 0.35386666666666666 0.1680549898167006 0.012866666666666667
15 0.7218533604887983 0.36955 0.17788187372708758 0.0185
15 0.7282382892057027 0.3864416666666667 0.19459266802443992 0.013675
15 0.7184114052953157 0.40373333333333333 0.17493890020366598 0.014475
15 0.46780040733197553 0.270625 0.2004887983706721 0.013675
15 0.4687881873727088 0.28751666666666664 0.19262729124236252 0.016891666666666666
15 0.4732077393075356 0.3048083333333333 0.20736252545824846 0.016083333333333335
15 0.4614154786150713 0.3225 0.18967413441955192 0.014475
15 0.46976578411405295 0.33818333333333334 0.1985234215885947 0.016891666666666666
15 0.4565071283095723 0.355875 0.17788187372708758 0.013675
15 0.4717311608961304 0.3723666666666666 0.2044195519348269 0.017691666666666668
15 0.4545315682281059 0.38925000000000004 0.1759164969450102 0.014475
15 0.4574847250509165 0.40735 0.1759164969450102 0.016891666666666666
15 0.455030549898167 0.42343333333333333 0.17100814663951122 0.015283333333333333
15 0.4904073319755601 0.440725 0.23979633401221995 0.016083333333333335
15 0.45207739307535644 0.4568083333333333 0.1670773930753564 0.014475
15 0.7488798370672097 0.41981666666666667 0.2280040733197556 0.017691666666666668
15 0.7596945010183299 0.4359 0.24765784114052952 0.017691666666666668
15 0.7478920570264765 0.4539916666666666 0.2280040733197556 0.013675
15 0.7130040733197556 0.469275 0.16019348268839104 0.0185
15 0.7115376782077393 0.488575 0.15724032586558045 0.016891666666666666
15 0.7159572301425663 0.5050666666666667 0.16608961303462322 0.016083333333333335
15 0.7125152749490835 0.5227583333333333 0.16118126272912423 0.017691666666666668
15 0.7572301425661915 0.5392416666666667 0.24471486761710795 0.016891666666666666
15 0.7252953156822811 0.5557333333333333 0.1808350305498982 0.014475
15 0.7248065173116089 0.5726249999999999 0.18181262729124237 0.017691666666666668
15 0.7213645621181263 0.5895083333333333 0.17297352342158862 0.014475
15 0.7243075356415478 0.6047916666666666 0.17493890020366598 0.016083333333333335
15 0.7066191446028512 0.6253 0.1395519348268839 0.013675
15 0.7488798370672097 0.6421916666666667 0.22210794297352343 0.0185
15 0.7233299389002036 0.6602833333333333 0.17297352342158862 0.012866666666666667
15 0.6967922606924644 0.6759666666666666 0.11989816700610997 0.015283333333333333
15 0.700234215885947 0.69245 0.12678207739307534 0.016083333333333335
15 0.7444602851323828 0.7093416666666666 0.21325865580448064 0.016083333333333335
15 0.7424949083503055 0.7258333333333333 0.20932790224032588 0.015283333333333333
15 0.7238187372708758 0.743525 0.1739511201629328 0.015283333333333333
15 0.6963034623217922 0.7644333333333334 0.114989816700611 0.0185