19 0.4746428571428571 0.5726093750000001 0.6325000000000001 0.104765625
19 0.49377232142857147 0.8190937500000001 0.6406696428571428 0.089046875
19 0.4881026785714285 0.7231875 0.6313616071428572 0.10409375000000001
19 0.47292410714285715 0.24696875000000001 0.6380133928571429 0.1285625
20 0.46252232142857147 0.157765625 0.6361160714285715 0.043953124999999996
31 0.4667857142857143 0.123734375 0.28071428571428575 0.0260625
27 0.7575446428571428 0.11529687500000001 0.055491071428571424 0.026484374999999998
19 0.4775 0.48829687499999996 0.6428125 0.065171875
19 0.47781250000000003 0.42818750000000005 0.6220089285714286 0.068015625
13 0.48312499999999997 0.652859375 0.61328125 0.040671875
19 0.47428571428571425 0.326703125 0.6314285714285715 0.041140625
13 0.4765625 0.375 0.47098214285714285 0.04375