28 0.15461538461538463 0.11815625 0.04052036199095023 0.024281249999999997
30 0.5265384615384615 0.11875 0.23791855203619908 0.023078124999999998
20 0.5303846153846155 0.16034375 0.7955656108597284 0.04375
20 0.42221719457013573 0.191921875 0.5752941176470588 0.024875
20 0.5309049773755656 0.22562500000000002 0.7974660633484163 0.04209375
20 0.5292986425339367 0.31442187499999996 0.8007692307692308 0.13365625
20 0.5284389140271493 0.404203125 0.799027149321267 0.03821875
20 0.5291176470588236 0.455171875 0.7976470588235294 0.061296874999999994
20 0.31002262443438916 0.49375 0.3635067873303167 0.019296874999999998
20 0.5369683257918552 0.53365625 0.7993891402714932 0.060578125000000003
20 0.48914027149321265 0.573171875 0.7018778280542987 0.026296874999999997
20 0.5312217194570136 0.61490625 0.7934615384615384 0.06153125
20 0.536606334841629 0.66490625 0.7931221719457013 0.03846875
20 0.5307013574660633 0.7701875 0.7979864253393665 0.05865625
20 0.288868778280543 0.8108124999999999 0.30402714932126695 0.022593750000000003
20 0.5334841628959276 0.851921875 0.792420814479638 0.05865625
20 0.5122398190045249 0.89075 0.756606334841629 0.0170625
20 0.5327828054298642 0.9200781250000001 0.7938235294117647 0.044953125
7 0.5272398190045249 0.7110624999999999 0.058303167420814477 0.025