21 0.375 0.559109375 0.1473469387755102 0.027218750000000003
22 0.7764030612244899 0.7381249999999999 0.1682142857142857 0.023515625000000002
21 0.5546428571428571 0.39437500000000003 0.7540561224489796 0.217015625
13 0.5480867346938776 0.13453125 0.7381122448979591 0.05325
14 0.7514030612244899 0.54890625 0.20017857142857143 0.026140625
25 0.4401785714285715 0.8572031250000001 0.4909183673469388 0.03984375
21 0.5522704081632653 0.6060156250000001 0.7543877551020409 0.045109375
27 0.5553826530612245 0.094609375 0.03193877551020408 0.022140625
21 0.5526275510204082 0.23942187499999998 0.7562755102040816 0.06331250000000001
21 0.5514540816326531 0.67075 0.7587755102040816 0.07964062499999999
21 0.548954081632653 0.79259375 0.7507908163265307 0.06959375
21 0.5460969387755101 0.521203125 0.7375 0.03765625
21 0.546530612244898 0.17859375 0.7425 0.037078125
21 0.39992346938775514 0.2761875 0.4525255102040816 0.019515625
21 0.5544897959183673 0.717796875 0.7584438775510204 0.018546874999999997