21 0.4116777531411678 0.23764651804182946 0.6666666666666666 0.10388416455987129
21 0.4105691056910569 0.7551137669501264 0.6733185513673319 0.04389795449321995
21 0.4122320768662232 0.4008273960009193 0.6670362158167036 0.04458745116065272
21 0.40853658536585363 0.17168467019076075 0.6662971175166297 0.029418524477131693
21 0.4131559497413156 0.6588140657320156 0.6703621581670363 0.029648356699609284
13 0.4087213599408721 0.14203631349115145 0.663710273466371 0.029418524477131693
21 0.41038433111603845 0.7027120202252356 0.6729490022172949 0.027809698919788555
21 0.41112342941611235 0.8085612502872903 0.672209903917221 0.031277867156975406
31 0.4033628972653363 0.11583544012870604 0.25461936437546195 0.018386577798207307
21 0.2474131559497413 0.724431165249368 0.32335550628233556 0.015628591128476213
27 0.7232076866223208 0.11675476901861641 0.030303030303030304 0.01700758446334176
21 0.41278640059127863 0.3635945759595495 0.6688839615668883 0.030797517811997244
21 0.413710273466371 0.31877729257641924 0.6685144124168514 0.029878188922086876
21 0.21193643754619365 0.6807630429786256 0.26570583887657057 0.016088255573431395
21 0.41038433111603845 0.6289358768099288 0.6685144124168514 0.029188692254654102
30 0.6546563192904656 0.8299241553665824 0.02697708795269771 0.015628591128476213
21 0.41334072431633406 0.5191909905768789 0.6685144124168514 0.04274879338083199
21 0.15354767184035475 0.3423350953803723 0.14227642276422764 0.015858423350953804
21 0.18791574279379158 0.2974028958860032 0.21322985957132298 0.015628591128476213
21 0.3981152993348115 0.48943231441048035 0.5925351071692535 0.01296943231441048
21 0.16759053954175906 0.47437370719374855 0.1688839615668884 0.015168926683521029
21 0.4138950480413895 0.7844173753160193 0.6674057649667405 0.017467248908296942
21 0.16808943089430894 0.6073247529303608 0.13897265336289727 0.014093311882325902
21 0.4115262379896526 0.592594805791772 0.6215853658536585 0.016138818662376465
21 0.31423503325942354 0.577354631119283 0.4289578713968958 0.014858653183176283
21 0.41236881005173687 0.5555228683061365 0.6584774575018477 0.02958400367731556
21 0.4107945306725794 0.4515835440128706 0.6592424242424243 0.028510687198345208
21 0.3763636363636364 0.43012181107791314 0.5473466371027347 0.014780510227533902