21 0.744140625 0.4122085048010974 0.43359375 0.27023319615912206
21 0.29931640625 0.6697530864197531 0.4326171875 0.15020576131687244
21 0.30078125 0.8045267489711934 0.431640625 0.12071330589849108
13 0.29736328125 0.25102880658436216 0.4326171875 0.31824417009602196
21 0.29736328125 0.5507544581618655 0.4345703125 0.09053497942386832
21 0.3017578125 0.906721536351166 0.431640625 0.0850480109739369
21 0.296875 0.47085048010973934 0.435546875 0.0720164609053498
21 0.74462890625 0.5757887517146777 0.4326171875 0.061042524005486966
21 0.74462890625 0.6255144032921811 0.4326171875 0.039780521262002745
13 0.74267578125 0.1858710562414266 0.4326171875 0.18381344307270234
31 0.51953125 0.07956104252400549 0.107421875 0.019204389574759947
17 0.2958984375 0.4255829903978052 0.2890625 0.017146776406035666
27 0.092529296875 0.08062414266117969 0.0190234375 0.0099519890260631
21 0.7455859375 0.7453155006858712 0.43326171875 0.17930727023319618
21 0.750322265625 0.6497050754458161 0.41337890625 0.009897119341563785
21 0.745888671875 0.8901920438957477 0.43228515625 0.10956104252400549
1 0.80552734375 0.9901714677640604 0.387001953125 0.018031550068587105