21 0.4466765873015873 0.6692356086819755 0.6493055555555556 0.09468386284995281
21 0.44742063492063494 0.5857187794904057 0.6488095238095238 0.07360805284680717
21 0.4469246031746032 0.769267065114816 0.6498015873015873 0.07392261717521233
21 0.44742063492063494 0.44007549543881724 0.6478174603174603 0.05473419314249764
21 0.4506448412698413 0.2658068575023592 0.6473214285714286 0.056621579112928595
21 0.4469246031746032 0.5084932368669393 0.6488095238095238 0.03806228373702422
13 0.44990079365079366 0.1988046555520604 0.6458333333333334 0.07612456747404844
21 0.4489087301587302 0.37181503617489775 0.6488095238095238 0.03711859075180875
21 0.4489087301587302 0.33453916325888644 0.6488095238095238 0.03932054105064486
31 0.4521329365079365 0.14501415539477824 0.1671626984126984 0.023277760301981754
21 0.44915674603174605 0.8378420887071406 0.6413690476190477 0.022963195973576597
30 0.6371527777777778 0.8540421516200063 0.03422619047619048 0.0213903743315508
27 0.7425595238095238 0.14627241270839886 0.04563492063492063 0.024536017615602392
21 0.21354166666666666 0.47908147216105695 0.17906746031746032 0.022648631645171436
21 0.24280753968253968 0.3043409877319912 0.2296626984126984 0.02170493865995596
21 0.22718253968253968 0.40169864737338784 0.20436507936507936 0.022648631645171436
21 0.2924107142857143 0.5377477194086191 0.33482142857142855 0.021075810003145644
21 0.3159722222222222 0.815979867882982 0.34226190476190477 0.020761245674740483
21 0.18055555555555555 0.7234979553318653 0.1130952380952381 0.019502988361119848