21 0.4506490872210953 0.810880149812734 0.7362018255578093 0.1335486891385768
21 0.44514705882352945 0.4899219725343321 0.7425659229208924 0.10406367041198503
21 0.45042596348884384 0.7161953807740324 0.737079107505071 0.05660736579275905
21 0.44269776876267747 0.17649812734082396 0.7393509127789046 0.06835205992509363
21 0.4421906693711968 0.2507802746566791 0.7393509127789046 0.05087390761548065
21 0.4424442190669371 0.3238139825218477 0.7388438133874239 0.09893882646691636
17 0.44726166328600403 0.625 0.2839756592292089 0.03277153558052434
31 0.44269776876267747 0.07303370786516854 0.2697768762677485 0.024968789013732832
27 0.7809330628803245 0.0749063670411985 0.04969574036511156 0.02746566791510612
21 0.4434584178498986 0.4058988764044944 0.7378296146044625 0.06585518102372034
17 0.4490314401622718 0.6613264669163545 0.47717545638945236 0.024416354556803996
21 0.22279918864097364 0.21813670411985017 0.24833671399594323 0.014559925093632959
21 0.2572261663286004 0.13561173533083645 0.31184584178498986 0.014300873907615481
21 0.37735294117647056 0.11947565543071162 0.5533671399594321 0.015240324594257178
21 0.2850050709939148 0.10310861423220974 0.37223630831643 0.01869538077403246