17 0.4368576449912126 0.18325891967311142 0.6862495606326889 0.1326470001993223
17 0.4230966608084359 0.27528602750647796 0.570854130052724 0.04163643611720151
17 0.4269068541300527 0.41632648993422366 0.4343655536028119 0.03868447279250548
17 0.422231985940246 0.4668267889176799 0.17896660808435852 0.02806657364959139
17 0.4310193321616872 0.5711540761411202 0.15436203866432338 0.029423958540960735
17 0.42867486818980666 0.7130237193541957 0.14264674868189806 0.026139126968307752
14 0.44447100175746923 0.5168327685868048 0.6944499121265378 0.06230217261311541
14 0.43861511423550087 0.6180027905122584 0.6827346221441125 0.06731313533984452
14 0.4362706502636204 0.6691668327685868 0.685079086115993 0.042074945186366355
14 0.4351001757469244 0.7509009368148296 0.6827346221441125 0.04209886386286626
14 0.4421300527240773 0.7886107235399641 0.6897644991212654 0.03978273868845924
14 0.4409560632688928 0.8286466015547139 0.6944499121265378 0.038132350009966114