17 0.5700527240773287 0.47011202560585275 0.07472407732864675 0.022240512117055328
17 0.57192618629174 0.7255235482395976 0.14932864674868188 0.01930498399634202
27 0.5708857644991213 0.16412437128486512 0.09306151142355008 0.016200274348422496
15 0.5661792618629173 0.18973708276177412 0.5442284710017574 0.026755829903978054
15 0.5640949033391915 0.21995656149977139 0.5483971880492091 0.024842249657064473
15 0.5640949033391915 0.2757818930041152 0.5567311072056239 0.07142661179698218
15 0.5673251318101933 0.3422588020118884 0.5486045694200351 0.04035665294924554
15 0.56701230228471 0.3984956561499771 0.554231985940246 0.05794010059442158
15 0.5698242530755712 0.5198719707361683 0.5536063268892795 0.04585048010973937
15 0.5699297012302285 0.5705555555555556 0.5517293497363797 0.044195244627343394
15 0.5678453427065027 0.6192729766803841 0.5558980667838312 0.04538637402834934
15 0.5708646748681898 0.6677892089620484 0.5515219683655536 0.04481710105166895
15 0.5698242530755712 0.7747393689986283 0.5552724077328647 0.04725194330132602
24 0.9069173989455184 0.1976634659350709 0.0461195079086116 0.03583219021490626
24 0.886182776801406 0.23913122999542755 0.05258347978910369 0.03743484224965707
24 0.8942038664323375 0.2857475994513031 0.04986994727592267 0.03849108367626886
24 0.9042073813708259 0.3733470507544582 0.0948822495606327 0.12015775034293553
24 0.8914973637961335 0.5196090534979424 0.05695606326889279 0.05481252857796068
24 0.9021230228471001 0.5916620941929583 0.09905096660808436 0.07285322359396434
24 0.921817223198594 0.6720941929583905 0.061328646748681895 0.05071787837219936
24 0.8928506151142355 0.7829401005944215 0.0409103690685413 0.04602880658436214