28 0.5864112478031634 0.11379544971294916 0.1438347978910369 0.01988305337018924
15 0.5793989455184535 0.1439846906230066 0.6536239015817223 0.04044227089092069
15 0.5807697715289982 0.18429300446523497 0.6508822495606327 0.0381075908994259
15 0.5761054481546573 0.23297682330427388 0.6580140597539543 0.05750159472677015
15 0.46039367311072055 0.2729576865830321 0.4156168717047452 0.021326812672762065
15 0.49768365553602817 0.3035594301509675 0.49020035149384883 0.041058898575377416
15 0.5769279437609841 0.35556240697427177 0.6541757469244288 0.060450776100361474
15 0.5766537785588752 0.40540931320433765 0.6591107205623902 0.039036785030831384
15 0.5501933216168717 0.43858600893046995 0.5979613356766257 0.02575802679140974
15 0.5617117750439367 0.46338507335743145 0.6209947275922671 0.023925154156921112
15 0.5703514938488576 0.5487731235381671 0.6547311072056239 0.0453880501807357
15 0.5166080843585237 0.5824473740165852 0.5472442882249561 0.023149053795449712
15 0.3833427065026362 0.6117244312141187 0.2807170474516696 0.04022751435254093
15 0.5700773286467486 0.6530278545609186 0.6486994727592267 0.03988305337018924
15 0.5698031634446397 0.7018775249840526 0.653634446397188 0.06292579204762917
15 0.568158172231986 0.7635849457792898 0.6503444639718805 0.06025302998086328
16 0.5751739894551845 0.5029917074207952 0.11861511423550088 0.026823304273867744