28 0.37837258347978914 0.14938666094788763 0.10720562390158173 0.015460004289084282
13 0.4145026362038664 0.17806133390521123 0.5264780316344464 0.032095217671027236
15 0.38447100175746923 0.22302594895989708 0.5898734622144113 0.0507720351704911
15 0.3800210896309315 0.27392665665880334 0.5843128295254832 0.04874973193223247
15 0.38187346221441126 0.3266030452498392 0.5915008787346221 0.0525305597254986
15 0.38020386643233745 0.4193244692258203 0.5948365553602811 0.12868754021016515
15 0.38145518453427063 0.5629273000214454 0.5873286467486819 0.05014582886553721
15 0.37835500878734624 0.5125434269783401 0.5976590509666081 0.04858889127171349
15 0.3814130052724077 0.6088312245335621 0.5904288224956064 0.03453141754235471
15 0.38502636203866436 0.655236971906498 0.5876485061511423 0.04896633068839803
15 0.38062214411247797 0.7001930087926228 0.5923339191564148 0.03619558224319108
15 0.38210896309314585 0.7369311601972979 0.5834797891036907 0.030156551576238474
15 0.3836379613356766 0.7745142612052327 0.5848681898066784 0.03508685395668025
15 0.3864182776801406 0.8198177139180785 0.5904288224956064 0.05036886124812353