15 0.39807732864674866 0.17811177552897883 0.5153673110720562 0.048978840846366146
15 0.3116555360281195 0.2261499540018399 0.3445518453427065 0.028183072677092916
15 0.3111493848857645 0.26555657773689056 0.3212126537785589 0.027306807727690893
15 0.3207873462214411 0.2968836246550138 0.3587592267135325 0.024880404783808648
15 0.32822847100175745 0.33319227230910764 0.37770123022847096 0.031090156393744253
15 0.3669595782073814 0.36894434222631095 0.4409525483304042 0.02689282428702852
15 0.37761335676625657 0.4024862005519779 0.4561722319859402 0.02623735050597976
15 0.4065342706502636 0.4496228150873965 0.5119824253075571 0.04613845446182153
15 0.3256906854130053 0.49611315547378104 0.3746572934973638 0.02755519779208832
15 0.38437961335676624 0.5288799448022079 0.4818804920913884 0.029335326586936522
15 0.4045026362038664 0.5659613615455382 0.5241616871704745 0.0277966881324747
15 0.3667908611599297 0.5987258509659614 0.44670298769771527 0.021605335786568536
15 0.3277223198594025 0.6358095676172953 0.37059753954305796 0.025379484820607173
15 0.39757117750439364 0.6790915363385465 0.512323374340949 0.04420883164673413
15 0.3459894551845343 0.7223712051517939 0.3908892794376098 0.025846366145354186
15 0.3473391915641476 0.7579047838086477 0.40983479789103694 0.029176632934682614
15 0.31182425307557116 0.7978633854645815 0.33880140597539543 0.036051057957681695
28 0.4332724077328647 0.13983670653173874 0.09861159929701231 0.017587396504139836