27 0.42214411247803163 0.14693516264660322 0.10755711775043937 0.02212878955521133
13 0.41757469244288226 0.18521796857711884 0.15184534270650263 0.019030759017481743
13 0.4179261862917399 0.2535959283027218 0.27065026362038663 0.015047576897543704
13 0.4186291739894552 0.38504093826067715 0.1834797891036907 0.01858818322637752
13 0.4172231985940246 0.4556317769418013 0.19050966608084358 0.01726045585306484
10 0.4235500878734622 0.21818986501438373 0.6446397188049209 0.035406063288338126
10 0.4196836555360281 0.2927638858154459 0.6355008787346221 0.04735560964815225
10 0.42214411247803163 0.3374640407169728 0.6291739894551845 0.04470015490152689
10 0.42144112478031637 0.41712768311573356 0.6333919156414762 0.030537729586191636
10 0.4172231985940246 0.5182562513830493 0.6319859402460457 0.08763000663863686
10 0.4186291739894552 0.5830936047798185 0.6277680140597539 0.04381500331931843
10 0.4186291739894552 0.6441690639522019 0.6333919156414762 0.07568046027882275
10 0.41370826010544814 0.7039167957512724 0.6319859402460457 0.04558530648373534
10 0.41757469244288226 0.771630891790219 0.6369068541300528 0.08895773401194955