27 0.5167908611599297 0.12724736379613358 0.13657293497363795 0.027781195079086114
17 0.510091388400703 0.18928822495606326 0.6644745166959578 0.044217926186291744
21 0.5194165202108963 0.24485061511423548 0.39841124780316345 0.05428822495606327
17 0.5164217926186292 0.28855887521968365 0.5927732864674868 0.03186072056239016
15 0.3129384885764499 0.33402021089630934 0.2350158172231986 0.021733304042179262
15 0.3106537785588752 0.3565333919156415 0.23396133567662566 0.02062170474516696
15 0.37777855887521966 0.3756392794376099 0.3752407732864675 0.019292618629173988
15 0.3196168717047451 0.3994683655536028 0.25539894551845344 0.020817223198594026
15 0.5178242530755712 0.43229789103690686 0.651817223198594 0.04473637961335676
15 0.44630931458699474 0.4671111599297012 0.5052688927943761 0.02429261862917399
15 0.5037680140597539 0.6314345342706502 0.6237047451669596 0.023413884007029876
15 0.5222179261862917 0.6665707381370826 0.6570896309314588 0.040964411247803166
15 0.4329525483304042 0.7003954305799648 0.49261862917398946 0.020738137082601055
15 0.5183514938488577 0.7415685413005272 0.6563866432337434 0.061344463971880495
15 0.5169455184534271 0.7977943760984183 0.6535746924428822 0.05077108963093146
17 0.5213427065026363 0.546768453427065 0.6026115992970124 0.03641915641476274
21 0.5232794376098419 0.5875087873462215 0.511585237258348 0.03222319859402461