16 0.45840070298769775 0.18521234567901235 0.20131810193321617 0.020903703703703702
16 0.4558664323374341 0.29620246913580245 0.09080140597539542 0.02395308641975309
16 0.4482530755711775 0.41720493827160493 0.08728646748681898 0.02234074074074074
16 0.4445413005272408 0.5369753086419753 0.08689982425307556 0.023195061728395062
16 0.4437609841827768 0.6578419753086421 0.08065026362038664 0.026246913580246913
16 0.44473813708260107 0.7323382716049383 0.07088576449912126 0.022150617283950617
28 0.4558664323374341 0.1398024691358025 0.09548681898066785 0.02720246913580247
15 0.454091388400703 0.23570123456790124 0.6191739894551845 0.06591851851851853
15 0.3769701230228471 0.32569876543209875 0.4250966608084359 0.025333333333333333
15 0.3802882249560633 0.3509407407407407 0.4293919156414762 0.026437037037037037
15 0.4048892794376099 0.37879259259259257 0.4879683655536028 0.024523456790123455
15 0.44823198594024605 0.4689308641975309 0.6168330404217927 0.07476049382716049
15 0.447841827768014 0.590483950617284 0.6207381370826011 0.0808320987654321
15 0.44842882249560634 0.6887111111111112 0.5820773286467487 0.036955555555555554
15 0.4361300527240773 0.7626469135802468 0.5598172231985941 0.025155555555555556
15 0.37599297012302285 0.7878888888888889 0.44423198594024604 0.0229679012345679
15 0.38633040421792614 0.8179975308641975 0.46959226713532515 0.03380246913580247