15 0.3165623901581722 0.16875113739763423 0.28410896309314587 0.02282302092811647
15 0.4426748681898067 0.19687670609645133 0.5342249560632688 0.033989990900818924
15 0.4400351493848858 0.2320586897179254 0.5352794376098418 0.034681528662420386
15 0.3802355008787346 0.25710873521383076 0.4114551845342706 0.019203821656050956
15 0.4416203866432338 0.29024567788899003 0.5278910369068541 0.04858962693357598
15 0.31726537785588754 0.3261101000909918 0.2812970123022847 0.020589171974522293
15 0.446896309314587 0.36915377616014555 0.5384463971880492 0.06569153776160144
15 0.44039015817223204 0.4361055505004549 0.5275395430579964 0.06570973612374886
15 0.41259753954305795 0.48027297543221115 0.4677363796133568 0.020156960873521382
15 0.4456660808435853 0.5137511373976341 0.5338734622144112 0.046126023657870795
15 0.4393321616871705 0.5582529572338489 0.5254305799648505 0.038132393084622386
15 0.4393321616871705 0.6268039126478616 0.5296520210896309 0.10145814376706096
15 0.44390509666080846 0.7412374886260237 0.5387978910369069 0.12403548680618744
28 0.43864674868189807 0.14872838944494995 0.09763796133567662 0.01556869881710646