24 0.1279226713532513 0.19565198802907224 0.05252021089630931 0.03335185976913211
24 0.12113181019332162 0.28389910218041897 0.09573286467486819 0.031122274476271913
24 0.11907205623901582 0.35161821291150064 0.07680140597539543 0.02688542112013681
24 0.11989806678383129 0.4125801624625908 0.05375395430579965 0.03315946985891407
24 0.09211599297012302 0.5753078238563488 0.05499472759226714 0.040213766566908934
24 0.09726186291739894 0.724640872167593 0.06281195079086116 0.030991876870457458
28 0.22916695957820737 0.11153270628473706 0.04262565905096661 0.021312526720820863
30 0.5540843585237258 0.1086532706284737 0.3195571177504394 0.023063274903805046
13 0.5719718804920914 0.15321932449764858 0.6640316344463972 0.05211628901239846
15 0.5581862917398945 0.22394399315946983 0.6981933216168716 0.08693458743052587
15 0.5590087873462215 0.31181701581872595 0.6998383128295255 0.09146430098332621
15 0.5596239015817224 0.4347392047883711 0.7035430579964851 0.07597691321077384
15 0.558597539543058 0.5515262932877298 0.7187697715289982 0.07075032064985037
15 0.5606537785588752 0.6237516032492518 0.7179472759226714 0.0695190252244549
15 0.5602425307557118 0.7046173578452329 0.7121862917398946 0.09307396323215049
15 0.5655922671353251 0.7906113723813596 0.7179472759226714 0.0743202223172296
16 0.5606643233743409 0.38166096622488244 0.40680843585237253 0.023888413852073537
16 0.5629314586994727 0.49794784095767425 0.3594762741652021 0.023670371953826423