17 0.4121265377855888 0.7146139705882353 0.2759226713532513 0.02502042483660131
17 0.4160808435852373 0.5095996732026143 0.4226713532513181 0.02246732026143791
17 0.414323374340949 0.43530433006535946 0.09402460456942004 0.02399918300653595
17 0.4121265377855888 0.20782271241830066 0.08963093145869948 0.023488562091503268
17 0.4130052724077329 0.36611519607843135 0.08260105448154657 0.02246732026143791
31 0.7605448154657294 0.09625204248366014 0.0641476274165202 0.02502042483660131
14 0.4121265377855888 0.8560559640522876 0.7592267135325131 0.02399918300653595
14 0.414323374340949 0.8256740196078431 0.7688927943760984 0.03676470588235294
14 0.4116871704745167 0.7970792483660131 0.7583479789103691 0.01940359477124183
14 0.4160808435852373 0.7590379901960784 0.7653778558875219 0.05872140522875817
14 0.4156414762741652 0.6773386437908496 0.7609841827768014 0.04136029411764706
14 0.4156414762741652 0.6477226307189542 0.7539543057996485 0.01582924836601307
14 0.4173989455184534 0.6206597222222222 0.7521968365553603 0.03727532679738562
14 0.4152021089630931 0.5905330882352942 0.7601054481546573 0.01685049019607843
14 0.4156414762741652 0.5540236928104575 0.7574692442882249 0.05514705882352941
14 0.4195957820738137 0.4700265522875817 0.7618629173989455 0.04238153594771242
14 0.4156414762741652 0.3995608660130719 0.7644991212653779 0.03727532679738562
14 0.4134446397188049 0.33905228758169936 0.7636203866432337 0.03982843137254902
14 0.413884007029877 0.30943627450980393 0.7627416520210897 0.02042483660130719
14 0.4156414762741652 0.2798202614379085 0.7680140597539543 0.03880718954248366
14 0.4116871704745167 0.24356617647058823 0.7688927943760984 0.041870915032679736
14 0.4156414762741652 0.18356821895424835 0.7644991212653779 0.021956699346405227
14 0.414323374340949 0.1613562091503268 0.7636203866432337 0.02042483660130719
15 0.4248681898066784 0.13276143790849673 0.7390158172231986 0.03676470588235294
35 0.4134446397188049 0.10033700980392157 0.19595782073813708 0.02297794117647059