31 0.43233743409490333 0.1115741717661954 0.11072056239015818 0.022684110571850602
14 0.4305799648506151 0.15087571217556447 0.6766256590509666 0.041147921502426674
14 0.4305799648506151 0.2054758387845537 0.6836555360281195 0.06383203207427728
14 0.437609841827768 0.28196876978265456 0.6748681898066784 0.08282338046001265
14 0.4367311072056239 0.3666385313357248 0.680140597539543 0.08229584300485335
14 0.4384885764499121 0.432844481958219 0.6818980667838312 0.03745515931631146
14 0.43804920913884005 0.4884996834775269 0.6775043936731108 0.06119434479848069
14 0.44200351493848855 0.5539143279172821 0.6783831282952548 0.06646971935007386
14 0.44024604569420034 0.6217028909052543 0.6818980667838312 0.06172188225364001
14 0.44551845342706503 0.6968769782654568 0.6783831282952548 0.08335091791517198
14 0.4507908611599297 0.7812829710909475 0.680140597539543 0.0844059928254906