17 0.47765553602811955 0.19690470615780847 0.3952934973637961 0.026249121985483494
17 0.47574340949033395 0.5288316553500351 0.2324007029876977 0.028789510653242797
17 0.47464674868189805 0.6159587918520253 0.2631142355008787 0.03132053383282604
17 0.46970474516695954 0.728019199250761 0.4068119507908612 0.023432451416530085
17 0.4686151142355009 0.7663778974479044 0.21814411247803164 0.027073284944977755
15 0.4705166959578207 0.827239522360103 0.6442917398945518 0.07207211425895575
15 0.4077223198594025 0.6612783891360338 0.5132231985940245 0.030615780847576678
15 0.3556239015817223 0.5698595176773589 0.4199929701230229 0.03228752048700539
15 0.4121089630931459 0.4838796534769375 0.5219964850615114 0.02291734956684617
15 0.28460456942003515 0.4620510419105596 0.26150087873462213 0.021278389136033714
15 0.4236274165202109 0.43958557714820884 0.5450298769771529 0.0238421915242332
15 0.3020175746924429 0.4142870522125966 0.277128295254833 0.018918286115663777
15 0.43185237258347975 0.3969351439943807 0.5505131810193322 0.024404120814797474
15 0.47462917398945514 0.3596698665417935 0.6360667838312829 0.04487239522360103
15 0.47243585237258345 0.30569421681105124 0.6536168717047451 0.06662374151252634
15 0.4716133567662566 0.24916413018028566 0.6464850615114236 0.043809412315616955
28 0.47547275922671356 0.1507632872863498 0.10570826010544816 0.02713416061812222