24 0.05929701230228471 0.26053677478300596 0.046717047451669595 0.03138647784376428
24 0.07640773286467487 0.5411123800822293 0.04671353251318102 0.04020100502512563
24 0.1110615114235501 0.8079259936043856 0.039008787346221444 0.027051164915486526
13 0.481792618629174 0.1602055733211512 0.586523725834798 0.08650296939241663
15 0.44614059753954305 0.23154865235267247 0.6464217926186292 0.05496116948378255
15 0.44585588752196836 0.31033348560986757 0.6515571177504393 0.10132023755139333
15 0.4512759226713533 0.37955002284148015 0.6452794376098419 0.034017816354499776
15 0.4469982425307557 0.4329488350845135 0.6424288224956063 0.0703860210141617
15 0.4481370826010545 0.49511649154865234 0.6447100175746925 0.055710370031978075
15 0.44685413005272406 0.5687163088168113 0.6449947275922672 0.08428506167199634
15 0.4465694200351494 0.6373709456372773 0.6387205623901582 0.05663544997715852
15 0.44956414762741653 0.6967565098218365 0.6418594024604569 0.06234582000913659
21 0.4930615114235501 0.7451233439926908 0.5434586994727593 0.029335312928277756
17 0.4438734622144112 0.7850022841480128 0.28821441124780317 0.02012791228871631
15 0.4475676625659051 0.8348401096391046 0.6321616871704745 0.07161032434901782
31 0.6593532513181019 0.8789470077661032 0.026084358523725832 0.018965280950205575
32 0.4487205623901581 0.10620146185472819 0.30361335676625656 0.021123800822293287
28 0.7469068541300526 0.10740520785746917 0.03576449912126538 0.021681132937414346