15 0.5216485061511423 0.19017024253731343 0.6796274165202109 0.05099813432835821
15 0.5245764499121266 0.24996035447761192 0.6737715289982426 0.05144589552238806
15 0.469609841827768 0.3031669776119403 0.5911634446397188 0.02706856343283582
15 0.44717047451669595 0.34169542910447764 0.5345729349736379 0.027728544776119406
15 0.522298769771529 0.39134328358208953 0.6848330404217926 0.04673507462686567
15 0.4247275922671353 0.44185167910447765 0.4935922671353251 0.0312080223880597
15 0.5203479789103691 0.4807042910447762 0.6809279437609842 0.031219682835820897
15 0.5239261862917399 0.5333558768656717 0.6919894551845343 0.05364738805970149
15 0.5214868189806678 0.5957369402985074 0.6929630931458699 0.051504197761194026
15 0.522298769771529 0.6600606343283583 0.6848330404217926 0.05324860074626866
15 0.5193708260105447 0.7186637126865671 0.6867838312829526 0.05002798507462687
15 0.45725131810193326 0.7662569962686567 0.5547381370826011 0.03255597014925373
15 0.5255536028119508 0.8147154850746269 0.691335676625659 0.05048507462686567
28 0.5242706502636204 0.12888526119402985 0.12278031634446397 0.02425139925373134