15 0.4395992970123023 0.19008853575482407 0.6386010544815466 0.04297616345062429
15 0.4392970123022847 0.22903745743473325 0.634390158172232 0.026474460839954597
15 0.44531107205623904 0.30888308740068104 0.6428084358523726 0.08127809307604994
15 0.4395992970123023 0.36123269012485815 0.6349912126537786 0.01932349602724177
15 0.43779261862917396 0.3863904653802497 0.6349912126537786 0.021854710556186152
15 0.4386959578207381 0.4104790011350738 0.6404042179261863 0.021085130533484677
15 0.4394481546572935 0.44564358683314415 0.6401054481546573 0.0401316685584563
15 0.4392970123022847 0.47973666288308736 0.634390158172232 0.02557094211123723
15 0.4350861159929701 0.5023677639046538 0.6404042179261863 0.01839046538024972
15 0.4394481546572935 0.5381066969353008 0.6581476274165202 0.0455800227014756
15 0.43779261862917396 0.573850170261067 0.6349912126537786 0.021500567536889895
15 0.43779261862917396 0.5949262202043133 0.6422108963093146 0.022867196367763905
15 0.43704042179261865 0.6187241770715096 0.6461195079086116 0.02034733257661748
15 0.44020035149384884 0.6418410896708286 0.6470193321616872 0.01996594778660613
15 0.4359894551845343 0.7026401816118047 0.6349912126537786 0.04133484676503973
15 0.4408014059753954 0.7486810442678774 0.6446151142355009 0.04018161180476731
15 0.43569068541300526 0.8191850170261068 0.638 0.043666288308740066
16 0.4358523725834798 0.7853802497162315 0.28645342706502636 0.02034506242905789
16 0.43841476274165203 0.6721225879682179 0.1562390158172232 0.019927355278093077
16 0.43991212653778555 0.2545811577752554 0.2819437609841828 0.018127128263337115
16 0.4375114235500879 0.15764358683314414 0.14 0.01771396140749149
28 0.4378137082601054 0.12442451759364359 0.10812302284710018 0.016538024971623155