15 0.5679261862917399 0.17139401820546163 0.6523514938488577 0.05959167750325097
15 0.5696836555360281 0.24046814044213263 0.6550861159929702 0.06943823146944084
15 0.5712442882249561 0.31098829648894666 0.6425905096660809 0.057895968790637194
15 0.570854130052724 0.37197139141742525 0.6558664323374341 0.061958387516254876
15 0.5702671353251318 0.434109232769831 0.6664112478031634 0.061396618985695706
15 0.5181370826010544 0.4882990897269181 0.5285659050966608 0.04320416124837451
15 0.5714411247803164 0.5417659297789337 0.6546959578207381 0.059981794538361506
15 0.565195079086116 0.5958101430429128 0.6234551845342706 0.03976592977893368
15 0.5677293497363797 0.6550611183355006 0.6543057996485061 0.07504291287386217
15 0.537469244288225 0.7196540962288687 0.5633181019332162 0.0395110533159948
15 0.4964674868189807 0.7635838751625488 0.4719437609841828 0.03720936280884265
27 0.5687275922671353 0.12832769830949287 0.07282249560632689 0.022007802340702213