31 0.5746924428822495 0.1590576681989135 0.11423550087873462 0.023506059339740912
14 0.5799648506151143 0.2131216046803176 0.6660808435852372 0.043877977434183035
14 0.5804042179261862 0.2635290430422064 0.6581722319859402 0.04335562055996657
14 0.5250439367311072 0.3094964479732553 0.5474516695957821 0.023506059339740912
14 0.5804042179261862 0.34867321353949016 0.6616871704745168 0.0444003343083995
14 0.5782073813708261 0.3862829084830756 0.655536028119508 0.021416631842875053
14 0.429701230228471 0.4218031759297952 0.34973637961335674 0.021416631842875053
14 0.5483304042179262 0.45105516088591724 0.5957820738137083 0.020371918094442124
14 0.578646748681898 0.5017237776849144 0.6599297012302284 0.0621604680317593
14 0.5812829525483304 0.5594442122858336 0.6616871704745168 0.043877977434183035
14 0.5799648506151143 0.6108963643961555 0.6590509666080844 0.04335562055996657
14 0.5830404217926186 0.662087338069369 0.6581722319859402 0.04544504805683243
14 0.5812829525483304 0.7109277058086084 0.6616871704745168 0.04074383618888425
14 0.5812829525483304 0.7571562891767656 0.6528998242530756 0.0444003343083995