28 0.4816520210896309 0.13962423979148567 0.13172934973637962 0.027113379669852302
15 0.4829560632688928 0.21155951346655083 0.6457574692442882 0.10473935708079932
15 0.48251669595782076 0.28026064291920066 0.636091388400703 0.02602302345786273
15 0.3906994727592267 0.3065942658557776 0.44718804920913885 0.021131624674196353
15 0.4838347978910369 0.36142919200695045 0.6387275922671354 0.0808427454387489
15 0.4855922671353251 0.4570004344048654 0.644 0.09930929626411816
15 0.484274165202109 0.5452432667245873 0.6431212653778559 0.06402693310165074
15 0.4785623901581722 0.6003540399652476 0.6387275922671354 0.038494787141615985
15 0.3977293497363796 0.6389118158123371 0.47178910369068544 0.021125108601216334
15 0.33754305799648504 0.665245438748914 0.35669244288224955 0.021663770634231104
17 0.48251669595782076 0.7114226759339705 0.585128295254833 0.02605125977410947
17 0.4807732864674868 0.7374847958297133 0.17390861159929702 0.02061685490877498
15 0.4798804920913884 0.7814617723718505 0.6413637961335676 0.04123805386620331
15 0.4790017574692443 0.8292397914856646 0.6308189806678384 0.04122719374456994