15 0.3010298769771529 0.19452287581699346 0.4281687170474517 0.026721132897603486
15 0.4506748681898067 0.277119825708061 0.7114165202108963 0.07458605664488017
15 0.45051669595782073 0.3526666666666667 0.7143057996485062 0.07454248366013072
15 0.3430544815465729 0.39830065359477124 0.49296660808435855 0.01666448801742919
15 0.45195782073813706 0.46886928104575165 0.7268154657293497 0.058372549019607846
15 0.44842882249560634 0.544318082788671 0.7133427065026362 0.0442156862745098
15 0.44842882249560634 0.6371394335511982 0.7261757469244288 0.08469063180827888
15 0.30087170474516695 0.7221372549019608 0.39255887521968363 0.02599346405228758
15 0.4497117750439368 0.7808823529411765 0.715908611599297 0.04206318082788671
31 0.7400738137082602 0.8068322440087147 0.031620386643233744 0.011429193899782135
32 0.45423198594024605 0.13384531590413945 0.08327592267135325 0.024684095860566448
28 0.7880316344463971 0.13354901960784313 0.05466783831282952 0.022098039215686274
17 0.44893497363796137 0.16674945533769064 0.15289279437609843 0.020886710239651416
17 0.4497363796133568 0.22221350762527234 0.15128646748681898 0.024433551198257082
17 0.44588752196836556 0.42299346405228755 0.13075571177504394 0.022302832244008714
17 0.45101230228471006 0.5101699346405228 0.34633743409490336 0.01966884531590414
17 0.4502179261862917 0.5820370370370371 0.11696309314586995 0.02221132897603486
17 0.4502179261862917 0.692673202614379 0.11696309314586995 0.018769063180827886
17 0.45390861159929696 0.748437908496732 0.12498066783831283 0.016947712418300655