28 0.3844077328646749 0.16618717139852787 0.10903339191564147 0.018082018927444796
15 0.38808084358523726 0.20593059936908517 0.6015887521968365 0.05339221871713985
15 0.38992618629173986 0.25546161934805467 0.6000070298769772 0.038851735015772874
15 0.38676274165202107 0.29528916929547844 0.5936801405975395 0.034885383806519454
15 0.38847451669595784 0.34308096740273397 0.5944710017574693 0.04526813880126183
16 0.40286467486818983 0.4191104100946372 0.17758875219683656 0.02692744479495268
15 0.3868927943760984 0.48045636172450057 0.6124007029876977 0.040750788643533126
15 0.38834446397188044 0.525173501577287 0.6073919156414762 0.04340694006309148
15 0.3896625659050966 0.5740694006309148 0.6047521968365553 0.04022502628811777
15 0.3896625659050966 0.6211545741324922 0.6047521968365553 0.03814721345951629
15 0.39124428822495605 0.6674490010515247 0.5973708260105448 0.03764668769716088
15 0.3901898066783831 0.7166603575184016 0.6058066783831283 0.04140483701366982