28 0.5569033391915642 0.10305229936880071 0.11674868189806678 0.017752479711451757
15 0.506755711775044 0.12857303877367 0.6241898066783831 0.017348963029756536
15 0.5587275922671353 0.16457394048692514 0.7250509666080843 0.05452660054102795
15 0.5604253075571177 0.2106672678088368 0.7315289982425307 0.03512849413886385
15 0.5223304042179262 0.24251577998196572 0.6522565905096661 0.02364517583408476
15 0.5618137082601055 0.3176104598737602 0.7312196836555361 0.03731740306582507
15 0.562738137082601 0.3819972948602344 0.7268998242530756 0.08892921550946799
15 0.5619683655536027 0.4448106402164112 0.7284428822495607 0.03450856627592426
15 0.5621195079086116 0.4901104598737602 0.7256660808435852 0.05783814247069432
15 0.5619683655536027 0.5445423805229938 0.7253602811950791 0.05590847610459874
15 0.5635079086115993 0.5897475202885483 0.722274165202109 0.0335414788097385
15 0.5667486818980668 0.624761045987376 0.7256660808435852 0.036300721370604146
15 0.5656695957820738 0.6599729486023445 0.7204217926186292 0.035498196573489633
15 0.5661300527240773 0.6967673579801623 0.724432337434095 0.03786068530207394
15 0.567518453427065 0.7693688007213706 0.7241230228471002 0.03665238954012624
15 0.5650509666080843 0.8067560865644725 0.7191880492091388 0.03624661857529306
25 0.5680000000000001 0.8518620378719568 0.25926186291739894 0.01565825067628494
17 0.5650720562390159 0.7307935076645627 0.2133005272407733 0.026771866546438233
17 0.5596801405975396 0.2769251577998197 0.11304745166959579 0.025193868349864743
33 0.8193427065026363 0.8525541027953111 0.15468892794376096 0.09832957619477006