10 0.38537434094903344 0.16141509433962264 0.6485377855887522 0.042941299790356394
10 0.3867100175746925 0.20961844863731657 0.6482425307557118 0.04558071278825995
10 0.38745166959578203 0.25861844863731653 0.6467592267135325 0.0480440251572327
10 0.3883409490333919 0.3054947589098533 0.6426045694200352 0.03918448637316562
10 0.38878734622144107 0.3530796645702306 0.6464604569420035 0.04589308176100629
10 0.39249209138840074 0.4122494758909853 0.6509103690685413 0.06338784067085954
10 0.3911599297012302 0.4698490566037736 0.6512056239015818 0.04943396226415095
10 0.34074165202108964 0.5066457023060796 0.5503690685413005 0.023951781970649896
10 0.3917504393673111 0.5456498951781971 0.6523936731107205 0.043574423480083856
10 0.34059050966608084 0.5821991614255766 0.5411739894551846 0.026444444444444444
10 0.38848857644991214 0.6170461215932914 0.6399367311072056 0.043062893081761006
10 0.3875992970123023 0.6617106918238994 0.6440878734622144 0.04570230607966457
10 0.3868576449912126 0.719643605870021 0.6455711775043937 0.06425995807127882
27 0.3868787346221441 0.12796436058700209 0.12354657293497365 0.01850104821802935