24 0.16577855887521967 0.15079632465543644 0.0493567662565905 0.027471012907460072
24 0.16577855887521967 0.21210019689345877 0.058028119507908614 0.030015313935681468
24 0.1623128295254833 0.41202362721505137 0.059760984182776804 0.03595055786479983
24 0.17791564147627417 0.6224042879019909 0.05629173989455185 0.02637059724349158
24 0.17033040421792617 0.6483679719973747 0.07146221441124781 0.02838766134325093
24 0.17358172231985938 0.7403565959308686 0.06495957820738137 0.0288995843360315
28 0.21281898066783833 0.12315248304528549 0.045898066783831286 0.02209800918836141
30 0.5605413005272408 0.12530956027127543 0.3490404217926186 0.021017282870269088
15 0.5596590509666081 0.16981842047691972 0.7287451669595782 0.061470137825421135
15 0.5647521968365554 0.2987705097352877 0.7324288224956064 0.19256617807919493
15 0.5643198594024604 0.5040756945963685 0.7315606326889279 0.21195799606213084
15 0.5685448154657293 0.6240975716473419 0.7248435852372583 0.02166484357908554
15 0.5714692442882249 0.6547145044847954 0.7328611599297011 0.038109822795887115
15 0.5713637961335677 0.7558061693283745 0.7348119507908611 0.057099103040910086
16 0.5640035149384885 0.7033406256836578 0.5033497363796133 0.02501203237803544