16 0.46118101933216166 0.2152989880404784 0.16660456942003515 0.02640294388224471
16 0.45661511423550083 0.518268169273229 0.16762038664323375 0.025377184912603497
16 0.45932161687170475 0.6327230910763569 0.11214059753954307 0.023194572217111315
16 0.45813356766256597 0.7652253909843606 0.241701230228471 0.026552437902483902
28 0.4588154657293497 0.15608785648574056 0.10097715289982424 0.020869365225390984
15 0.4630263620386643 0.26866375344986204 0.5742214411247804 0.04281738730450782
15 0.4550755711775044 0.3146021159153634 0.5765905096660808 0.04305197792088317
15 0.4603198594024604 0.36142594296228153 0.5728681898066784 0.04505749770009199
15 0.4599824253075572 0.4089121435142594 0.5721933216168718 0.04307727690892364
15 0.46150439367311075 0.45629024839006443 0.5650896309314587 0.04751839926402944
15 0.4589666080843585 0.5526839926402944 0.5661054481546572 0.023820147194112233
15 0.4596449912126538 0.5813523459061637 0.5633989455184534 0.024047838086476543
15 0.45626010544815465 0.6688017479300827 0.5688119507908611 0.02628564857405704
15 0.4598137082601055 0.7056623735050598 0.573884007029877 0.04024379024839006
15 0.4603198594024604 0.8068192272309108 0.5769279437609841 0.04599126034958602
15 0.46133567662565905 0.8456715731370745 0.566780316344464 0.026741030358785646