15 0.45794376098418277 0.18448988195615515 0.7354516695957821 0.02468591905564924
15 0.45237961335676624 0.22243887015177066 0.7278383128295254 0.04156197301854975
15 0.45501230228471 0.2719814502529511 0.7366256590509666 0.04790050590219225
15 0.45208435852372586 0.3134422428330523 0.7307662565905098 0.029639544688026983
15 0.4497434094903339 0.4021627318718381 0.7260808435852372 0.027906829679595277
15 0.45120562390158175 0.43115092748735245 0.725493848857645 0.020535413153457
15 0.44564147627416517 0.45891020236087693 0.7319402460456942 0.029679595278246207
15 0.44564147627416517 0.4921142495784149 0.7319402460456942 0.02231028667790894
15 0.45325834797891035 0.5196964586846543 0.7331107205623901 0.028992411467116355
15 0.3776977152899824 0.6036741146711636 0.5749595782073814 0.028313659359190554
15 0.4567697715289982 0.6953815345699831 0.7471669595782074 0.047312394603709944
15 0.4570650263620386 0.7533579258010118 0.7442390158172233 0.03678752107925801
15 0.45823550087873466 0.8299536256323777 0.753609841827768 0.025564924114671164
17 0.45444639718804924 0.794114671163575 0.2012231985940246 0.03398819561551433
17 0.45502987697715286 0.6497027824620574 0.2656590509666081 0.027622259696458682
17 0.455908611599297 0.5685370994940978 0.3412231985940246 0.02970910623946037
17 0.4468330404217926 0.3612289207419899 0.17896309314586994 0.02824831365935919
28 0.4521054481546573 0.14847386172006746 0.14733216168717048 0.020811551433389544