15 0.459701230228471 0.8132460621541081 0.7319367311072057 0.04638782460621541
15 0.45999297012302287 0.859372073222648 0.7290087873462215 0.043561089825457644
15 0.46526537785588756 0.6741613452532993 0.725493848857645 0.061962537249893576
15 0.46584534270650263 0.6232460621541082 0.731360281195079 0.038886760323541936
15 0.4700808435852373 0.5854810557684121 0.7352548330404218 0.03911877394636015
15 0.34788752196836553 0.5558939974457217 0.4908681898066784 0.021160068114091102
15 0.4651423550087873 0.5288590889740314 0.7144007029876978 0.04154108131119625
15 0.4660562390158172 0.4884142188165177 0.7140351493848858 0.03909323116219668
15 0.46660456942003514 0.45760962111536824 0.7173286467486819 0.022684120902511706
15 0.4640421792618629 0.43723073648361005 0.7253778558875219 0.019150702426564494
15 0.46788400702987704 0.40897616006811405 0.7220843585237258 0.03842486164325245
15 0.4660562390158172 0.36941677309493404 0.7184253075571178 0.03774797786292039
15 0.4660562390158172 0.3417156236696467 0.7140351493848858 0.019567901234567902
15 0.4664217926186292 0.303156662409536 0.7235465729349736 0.05678799489144317
15 0.47044639718804926 0.25362494678586633 0.7272056239015817 0.038825031928480205
15 0.46788400702987704 0.22492550021285654 0.7220843585237258 0.019980842911877395
15 0.467701230228471 0.18404001702852277 0.7239121265377857 0.05919327373350362
28 0.4730298769771529 0.13552149851000425 0.12204569420035151 0.020655598126862497
16 0.46204920913884007 0.7681822051936995 0.2581546572934974 0.02295444870157514