31 0.5443514938488576 0.12438973647711513 0.10866432337434094 0.022963476652797042
14 0.5427943760984183 0.16710818307905687 0.5929349736379613 0.062200647249190937
14 0.44618980667838315 0.20730929264909848 0.396414762741652 0.022122052704576976
14 0.5416906854130052 0.23558714748035137 0.5874130052724078 0.03575589459084605
14 0.543469244288225 0.2735182616736015 0.5909736379613356 0.03944059177068886
14 0.5425799648506151 0.32597549699491446 0.583261862917399 0.06242256125751272
14 0.543469244288225 0.48490753582986595 0.5909736379613356 0.04280166435506241
14 0.5433216168717048 0.5329796578825705 0.5936414762741652 0.05896208969024503
14 0.4883057996485062 0.5728663892741562 0.4806467486818981 0.019738788719371243
14 0.5068400702987698 0.5920781322237633 0.5266151142355009 0.01719371243643088
14 0.5387240773286468 0.6186939435968561 0.5814833040421793 0.037265372168284794
14 0.47599648506151143 0.6499976883957466 0.4411985940246046 0.019889042995839115
14 0.5394657293497364 0.6697942672214517 0.5681335676625658 0.014613962089690244
14 0.4120843585237259 0.6876375404530743 0.3222706502636204 0.02103791030975497
14 0.4801511423550088 0.7086037910309755 0.4495043936731107 0.018102172907998152
14 0.4258769771528998 0.7255709662505779 0.33502284710017577 0.01692094313453537
14 0.48697012302284715 0.7441955617198336 0.46907908611599297 0.017105871474803514
14 0.4297293497363796 0.7639898289412852 0.34866432337434095 0.019630143319463708
14 0.433884007029877 0.7831021729079981 0.35697012302284714 0.018839574664817383
14 0.4593884007029877 0.8022145168747111 0.40798242530755713 0.018046694405917704
17 0.5429033391915641 0.43781091077207585 0.2836906854130053 0.03249190938511327