14 0.4110509666080844 0.16620803295571576 0.7348471001757468 0.03527085478887745
14 0.4131107205623901 0.22072708547888778 0.7340210896309315 0.06905664263645726
14 0.24808435852372582 0.2695715756951596 0.4039753954305799 0.023478887744593203
14 0.2820386643233743 0.29164366632337796 0.46940949033391915 0.016972193614830072
14 0.3575536028119508 0.3158867147270855 0.6179718804920914 0.026387229660144184
14 0.188414762741652 0.3385602471678682 0.28463268892794374 0.013849639546858908
14 0.21372231985940246 0.3585829042224511 0.3426572934973638 0.019161688980432544
14 0.20610896309314586 0.3806549948506694 0.31014411247803164 0.021338825952626157
14 0.3322425307557118 0.40212358393408854 0.5747592267135325 0.02086302780638517
14 0.2489103690685413 0.42552214212152417 0.39574340949033393 0.021351184346035015
14 0.2431458699472759 0.447956745623069 0.39409841827768016 0.01990937178166838
14 0.2353286467486819 0.4701483007209063 0.3982144112478032 0.02377548918640577
14 0.3155782073813708 0.4930463439752832 0.5389560632688928 0.0232605561277034
14 0.4172231985940246 0.5215097837281153 0.7422530755711775 0.036776519052523174
14 0.21228119507908613 0.5519031925849639 0.33236906854130055 0.02231101956745623
14 0.29664674868189805 0.5754232749742533 0.5010966608084358 0.021594232749742533
14 0.3102284710017575 0.5977363542739444 0.5233181019332162 0.024253347064881567
14 0.4184604569420035 0.6376601441812565 0.7546010544815466 0.05345211122554068
14 0.2369736379613357 0.6742039134912462 0.37187346221441125 0.026685890834191556
14 0.22545166959578206 0.7003769309989701 0.36364499121265376 0.019697219361483005
14 0.41681195079086114 0.7277569515962925 0.7414305799648506 0.03538619979402678
14 0.38903339191564146 0.7593553038105046 0.6932829525483304 0.02333264675592173
14 0.38224604569420034 0.7801009268795056 0.6673532513181019 0.018512873326467557
14 0.4159894551845343 0.8097713697219362 0.7447240773286466 0.03733676622039135
14 0.22627416520210897 0.8446282183316169 0.3504745166959578 0.0274562306900103
31 0.41354305799648505 0.13246549948506695 0.12738137082601053 0.01698867147270855