31 0.4883796133567663 0.1237539010254124 0.08983831282952548 0.01767498885421311
14 0.41272407732864674 0.14855550601872491 0.48906151142355014 0.021921533660276417
14 0.412182776801406 0.16958091841283995 0.49014411247803163 0.02273294694605439
14 0.41272407732864674 0.19239411502452075 0.48906151142355014 0.018874275523851985
14 0.41445694200351496 0.21286892554614353 0.4838594024604569 0.018586714222024073
14 0.41077328646748684 0.23320552831029873 0.48949384885764496 0.020773517610343288
14 0.4148927943760984 0.25601872492197947 0.48299121265377853 0.02240971912617031
14 0.48618980667838313 0.2863174320107 0.6229841827768015 0.03764600980829246
14 0.4124007029876977 0.31671868033883194 0.4862425307557117 0.02147124386981721
14 0.4148892794376098 0.33870485956308516 0.4933954305799649 0.021460098082924654
14 0.483261862917399 0.36041685242978155 0.623634446397188 0.0208983504235399
14 0.362231985940246 0.38219794917521177 0.3837398945518454 0.02459429335711101
14 0.48716344463971883 0.413664734730272 0.6314376098418278 0.04079358002674989
14 0.3582214411247803 0.44543914400356666 0.3778910369068541 0.021870263040570666
14 0.4170579964850615 0.46632857779759246 0.48906151142355014 0.01965893892108783
14 0.41694903339191564 0.48693936691930445 0.49101230228471004 0.02239634418189924
14 0.4648435852372583 0.5084083816317432 0.5824604569420034 0.01859563085153812
14 0.41391564147627413 0.5292264823896567 0.4849420035149385 0.023116362015158272
14 0.41434797891036906 0.5514199732501115 0.4858101933216169 0.01939366919304503
14 0.44978207381370827 0.5705884975479268 0.5588400702987698 0.020619705751226035
14 0.45519859402460455 0.5906531431119038 0.5653427065026362 0.022258136424431564
14 0.4606151142355009 0.6133259028087383 0.5805096660808435 0.02087160053499777
14 0.4600738137082601 0.6335956308515381 0.5815957820738138 0.01879848417298261
14 0.457908611599297 0.652146678555506 0.5772618629173989 0.020160499331252787
14 0.4583409490333919 0.6752340615247436 0.5781265377855888 0.022347302719572002
14 0.4860808435852373 0.706112349531877 0.6336063268892794 0.03599197503343736
14 0.4469630931458699 0.7365514935354436 0.548871704745167 0.021270619705751226
14 0.35302284710017573 0.7563419527418636 0.35881898066783835 0.016863575568435134
14 0.4364534270650264 0.7768836379848417 0.538688927943761 0.020835934016941594
14 0.4361300527240773 0.796535889433794 0.5272021089630932 0.018901025412394117
14 0.43753602811950787 0.817561301827909 0.5278523725834798 0.019712438698172092
14 0.4609420035149385 0.8391350869371378 0.5833286467486819 0.021625055728934466
36 0.280207381370826 0.8217342844404816 0.23052724077328648 0.1366540347748551