17 0.6020632688927944 0.23056504599211564 0.2644639718804921 0.03552124397722295
28 0.5967943760984183 0.146598773543583 0.14145166959578206 0.025275952693823916
17 0.5997188049209139 0.32073587385019714 0.3019543057996485 0.031894437144108626
17 0.590347978910369 0.4512483574244415 0.2621230228471002 0.0322952255803767
17 0.5882917398945519 0.562593079281647 0.36697715289982424 0.031594393342093734
17 0.5865342706502636 0.6715659220324135 0.3915817223198594 0.032720105124835745
17 0.5888787346221441 0.75991020586947 0.38923725834797895 0.029824791940429262
15 0.6046854130052723 0.38426193604905823 0.6458066783831282 0.08448094612352168
15 0.5903339191564148 0.5041830924222515 0.6346783831282953 0.05932544897065265
15 0.5926748681898067 0.6129741568112134 0.6463936731107206 0.053512921594393345
15 0.5909173989455185 0.7135479632063074 0.6428787346221441 0.04222295225580377
15 0.5792021089630931 0.8221572492334647 0.647567662565905 0.06452255803766974