27 0.4201968365553603 0.13306901943265578 0.11773637961335676 0.0242014742014742
13 0.4261335676625659 0.1624972079517534 0.11536028119507909 0.01968058968058968
13 0.4235606326889279 0.22764351127987492 0.13633391915641477 0.020201027473754747
13 0.42257293497363796 0.2839870448961358 0.11773637961335676 0.02122403395130668
13 0.42455184534270646 0.34070582979673886 0.09319859402460456 0.018472191199463927
13 0.4194059753954306 0.4057248157248157 0.1304007029876977 0.020250167522894796
13 0.42376098418277675 0.46131337949519774 0.11536028119507909 0.022780880053607327
13 0.42850615114235496 0.5289546571364754 0.17709314586994726 0.025273620728166184
13 0.4241546572934974 0.5868058968058968 0.168390158172232 0.023276747822202366
13 0.4213848857644991 0.6425195443377262 0.12960632688927945 0.024549921822649094
13 0.4217750439367311 0.7118159481795846 0.28235852372583475 0.022807683716774624
13 0.4217785588752197 0.7754523118159481 0.1398980667838313 0.02332812150993969
10 0.4284885764499121 0.19996649542104086 0.6044850615114236 0.03727719454992182
10 0.39762390158172234 0.2560553942372124 0.5475043936731108 0.02572258208621845
10 0.40771528998242534 0.31327898146079963 0.5843057996485062 0.026995756086665178
10 0.41701230228471003 0.3765400938128211 0.6005272407732865 0.03732633459906187
10 0.41345166959578206 0.4342640160821979 0.5886572934973638 0.03356935447844538
10 0.4207732864674868 0.49953763681036406 0.6104217926186292 0.044905070359615815
10 0.4104850615114235 0.5571364753182936 0.5708506151142355 0.024295287022559748
10 0.379817223198594 0.6192628992628992 0.5403831282952549 0.02783337056064329
10 0.4207732864674868 0.6769912888094706 0.6056731107205624 0.039169086441813716
10 0.4182003514938488 0.7480477998659817 0.6266467486818981 0.04396694214876033
10 0.40533919156414766 0.8016216216216216 0.5795571177504394 0.030399821308912216