28 0.8097328646748682 0.14134607480476777 0.056070298769771536 0.022735306206329634
30 0.44579261862917396 0.1438779284833539 0.2412548330404218 0.01935881627620222
15 0.3093743409490334 0.1703534730785039 0.5025413005272408 0.023781339909576656
15 0.2611212653778559 0.19279079325935058 0.40259753954305805 0.017829839704069053
15 0.21171177504393676 0.21616728318947798 0.3037785588752197 0.02276407727085902
15 0.3137785588752197 0.24055898068228523 0.5122530755711775 0.019588984792437317
15 0.21636906854130056 0.26222564734895193 0.31526186291739894 0.01983559391697493
15 0.4505237258347979 0.29206329634196465 0.7727346221441124 0.035158240854911635
15 0.4452161687170475 0.33149609535552815 0.781627416520211 0.03925606247431155
15 0.2879929701230229 0.3645026715988492 0.47368365553602815 0.02290176736539252
15 0.22417223198594025 0.3886415947390054 0.330871704745167 0.019221126181668723
15 0.28745166959578206 0.4094204685573366 0.4660984182776801 0.020228113440197287
15 0.44651669595782073 0.4403349773941636 0.7755571177504393 0.03643649815043157
15 0.20174340949033392 0.47156802301685163 0.3011845342706503 0.021602959309494452
15 0.4435922671353251 0.5036868064118373 0.776207381370826 0.03641800246609125
15 0.3216906854130053 0.5345108919030004 0.5280773286467487 0.02203247020139745
15 0.45095957820738136 0.5738512124948624 0.7844428822495606 0.05787710645293876
15 0.2526713532513181 0.6164262227702425 0.39220035149384885 0.02238799835593917
15 0.304896309314587 0.6385367858610769 0.48365202108963096 0.019720509658857376
15 0.2754235500878735 0.6612803123715577 0.43337434094903343 0.020854911631730373
15 0.44900878734622146 0.692764077270859 0.7675395430579965 0.036935881627620216
15 0.21409841827768014 0.7249486230990546 0.3063831282952548 0.020201397451705714
15 0.32830228471001754 0.7460460337032471 0.5304604569420035 0.020575421290587752
15 0.21041476274165202 0.7699917796958488 0.29468189806678385 0.020314426633785448
15 0.42571177504393676 0.7917858610768598 0.7274481546572935 0.018281956432387995
15 0.4471669595782074 0.8246013152486642 0.7660210896309314 0.040826140567200984