35 0.41267486818980664 0.10476906318082789 0.20242530755711774 0.020653594771241828
31 0.7688400702987698 0.10206971677559913 0.04566256590509666 0.024087145969498912
17 0.4118804920913884 0.15898910675381264 0.28631985940246046 0.02901089324618736
14 0.41443585237258346 0.23504575163398692 0.7639683655536027 0.08398692810457517
14 0.4162179261862918 0.31870588235294117 0.7604077328646749 0.08057298474945533
14 0.41522671353251317 0.3999128540305011 0.7655500878734621 0.08403050108932461
14 0.41542706502636206 0.4735119825708061 0.7683198594024604 0.06049891067538126
14 0.2929560632688928 0.5169237472766884 0.5210052724077329 0.023690631808278868
14 0.224896309314587 0.5414575163398693 0.3706397188049209 0.01977124183006536
14 0.41681195079086114 0.5831677559912853 0.7671318101933216 0.05903703703703704
14 0.411469244288225 0.6341960784313726 0.7699050966608084 0.043348583877995644
14 0.41562390158172235 0.6779891067538126 0.7568435852372583 0.044095860566448805
14 0.4158207381370826 0.7220261437908496 0.762780316344464 0.0423921568627451
14 0.3653708260105448 0.7552679738562091 0.665834797891037 0.02203703703703704
14 0.38218629173989455 0.7794335511982571 0.6970931458699473 0.02768627450980392
14 0.20570474516695958 0.8034771241830065 0.33937785588752195 0.01984313725490196