14 0.5130087873462215 0.1438266068759342 0.6768646748681898 0.049912449284646596
14 0.517402460456942 0.19988682468503097 0.6891669595782074 0.04885970531710442
14 0.49221441124780313 0.24171044202434339 0.6458242530755711 0.03214178945120649
14 0.483427065026362 0.27748238308776424 0.6282495606326889 0.033220158018364296
14 0.509493848857645 0.3086269485372624 0.6698383128295256 0.0250416399743754
14 0.5179859402460457 0.33816997651078373 0.6903374340949033 0.02006619688234038
14 0.4526783831282952 0.3700277599829169 0.5702636203866432 0.03039718129404228
14 0.4503339191564148 0.4018855434550502 0.551518453427065 0.023642963912022207
14 0.5247240773286467 0.4362353192398036 0.7002952548330404 0.030416399743754003
14 0.4608752196836556 0.4663121930386504 0.6077504393673111 0.024373265001067693
14 0.4995360281195079 0.5001259876147769 0.6920984182776801 0.03221225710014947
14 0.491335676625659 0.5316271620755926 0.6686678383128295 0.024746957078795644
14 0.42397539543058 0.5625944907110827 0.5339472759226713 0.026890881913303438
14 0.492506151142355 0.596944266495836 0.6780421792618629 0.025120649156523595
14 0.46907557117750437 0.6250629938073884 0.6171212653778559 0.02584027332906257
14 0.5100773286467487 0.6690241298313047 0.6850685413005272 0.05610719624172539
14 0.5039297012302285 0.7122699124492846 0.6692513181019332 0.025152679906043137
14 0.47874165202108965 0.7478646166986974 0.625908611599297 0.03655135596839632
14 0.4438910369068541 0.7804334828101644 0.559718804920914 0.03122143924834508
14 0.5097855887521968 0.8126478752936153 0.6809666080843585 0.029451206491565234
14 0.5118347978910369 0.8514456544949819 0.695609841827768 0.047258167841127484
31 0.5159578207381371 0.10039931667734359 0.11334622144112479 0.018577834721332478