15 0.47627416520210897 0.10198395006687472 0.8084358523725835 0.04235399019170753
15 0.46968365553602814 0.16105662059741419 0.8110720562390158 0.04123941150245207
15 0.4710017574692443 0.22347302719572001 0.81195079086116 0.045697726259473916
15 0.47012302284710017 0.2850534997770843 0.81195079086116 0.04514043691484619
15 0.4121265377855888 0.33660276415514934 0.6889279437609842 0.028979045920642
15 0.3093145869947276 0.37756353098528755 0.4903339191564148 0.022848863129736958
15 0.40597539543058 0.41963887650468124 0.6783831282952548 0.024520731163620153
15 0.29876977152899825 0.4619928666963888 0.46572934973637964 0.024520731163620153
15 0.46660808435852374 0.5046255015604102 0.8189806678383128 0.029536335265269727
15 0.46616871704745166 0.5542242532322782 0.8110720562390158 0.040682122157824345
15 0.46616871704745166 0.6158047258136424 0.812829525483304 0.04235399019170753
15 0.4679261862917399 0.6779424877396344 0.8110720562390158 0.042911279536335264
15 0.46265377855887524 0.7395229603209986 0.8093145869947276 0.04681230494872938
15 0.46968365553602814 0.8022180115916183 0.8216168717047452 0.04514043691484619
15 0.4710017574692443 0.8598974587605885 0.81195079086116 0.04458314757021846
15 0.4679261862917399 0.9117253678109675 0.8163444639718805 0.027864467231386535
24 0.02899824253075571 0.9125613018279091 0.03690685413005272 0.037338386090057955
24 0.03646748681898067 0.8559964333481944 0.04130052724077329 0.03566651805617477
24 0.028558875219683654 0.7977596968345966 0.03427065026362039 0.037338386090057955
24 0.03163444639718805 0.7294917521176995 0.03690685413005272 0.02229157378510923
24 0.03690685413005272 0.6667967008470798 0.03866432337434095 0.03065091395452519
24 0.027240773286467488 0.6102318323673651 0.0351493848857645 0.03343736067766384
24 0.030755711775043937 0.5453076237182345 0.043936731107205626 0.022848863129736958
24 0.032952548330404216 0.509083816317432 0.03954305799648506 0.037338386090057955
24 0.03427065026362039 0.4424877396344182 0.029876977152899824 0.032322781988408385
24 0.059314586994727594 0.4380294248773963 0.020210896309314587 0.07133303611234953
24 0.029876977152899824 0.35861569326794474 0.028119507908611598 0.03399465002229157
24 0.056678383128295255 0.35443602318323675 0.023725834797891036 0.06241640659830584
24 0.038224956063268895 0.27948060633080696 0.04481546572934974 0.03288007133303611
24 0.03163444639718805 0.21678555506018726 0.028119507908611598 0.028979045920642
24 0.02899824253075571 0.15799152920196166 0.028119507908611598 0.026192599197503344
24 0.031195079086115993 0.09752563530985288 0.03251318101933216 0.034551939366919304
28 0.46968365553602814 0.05990860454748105 0.10281195079086115 0.019505127061970575