31 0.5275922671353251 0.11845002201673271 0.11599297012302284 0.017613386173491855
17 0.529701230228471 0.15940114487010126 0.24253075571177504 0.02553940995156319
14 0.5265377855887522 0.2005724350506385 0.6256590509666081 0.04007045354469397
14 0.5286467486818981 0.25297225891677677 0.6270650263620386 0.06120651695288419
14 0.5304042179261863 0.31329810656098633 0.6263620386643234 0.06120651695288419
14 0.529701230228471 0.37362395420519595 0.6305799648506151 0.06120651695288419
14 0.5286467486818981 0.424262439453985 0.6298769771528998 0.039189784236019376
14 0.5258347978910369 0.4647732276530163 0.6256590509666081 0.041831792162043156
14 0.5244288224956063 0.5061646851607221 0.6242530755711775 0.039189784236019376
14 0.5240773286467487 0.5667107001321003 0.6319859402460457 0.07837956847203875
14 0.5251318101933217 0.6287978863936592 0.6270650263620386 0.04051078819903126
14 0.5254833040421792 0.6695288419198591 0.6193321616871704 0.04007045354469397
14 0.5279437609841828 0.7212681638044914 0.6284710017574693 0.05900484368119771
29 0.524780316344464 0.8110964332892999 0.5912126537785589 0.026420079260237782
36 0.8084358523725835 0.7876486129458389 0.16520210896309315 0.10788199031263761