28 0.5452899824253076 0.13452146690518785 0.1256133567662566 0.028749999999999998
15 0.5012302284710017 0.16932468694096603 0.6380913884007029 0.03042710196779964
15 0.4241652021089631 0.1939423076923077 0.47728998242530757 0.020225849731663685
15 0.3385940246045694 0.21813282647584972 0.3094833040421793 0.026153846153846153
15 0.5399261862917398 0.2532513416815742 0.7154903339191564 0.047567084078711984
15 0.5482671353251318 0.30110465116279067 0.7254973637961336 0.051996869409660106
15 0.5269173989455185 0.33860912343470484 0.6827943760984183 0.027238372093023256
15 0.5455992970123023 0.3738327370304114 0.7201616871704746 0.04674194991055456
15 0.5449314586994727 0.4108676207513417 0.7188260105448154 0.025286225402504473
15 0.5464323374340949 0.4484257602862254 0.7184920913884006 0.04521243291592129
15 0.5038980667838312 0.48577817531305906 0.6300843585237258 0.026516100178890875
15 0.5474340949033392 0.5215339892665475 0.7138207381370826 0.04495974955277281
15 0.5474340949033392 0.567265205724508 0.7138207381370826 0.0451453488372093
15 0.5464323374340949 0.6299083184257602 0.7184920913884006 0.07703264758497316
15 0.5280843585237258 0.6816949910554562 0.6884674868189807 0.027768336314847944
15 0.5404288224956063 0.8037075134168157 0.7331739894551845 0.09773032200357783
16 0.5431072056239016 0.7322003577817532 0.4982882249560633 0.035380143112701254