31 0.39234094903339195 0.132853690685413 0.11440070298769772 0.01959358523725835
15 0.42637258347978907 0.1631129173989455 0.5257715289982425 0.036039103690685415
14 0.3913005272407733 0.1982688927943761 0.607792618629174 0.037695518453427064
14 0.3957539543057997 0.27713532513181016 0.6092759226713533 0.06691564147627417
14 0.3934340949033392 0.32856326889279436 0.6064920913884008 0.036392794376098415
14 0.3949173989455184 0.3656085237258348 0.6168857644991212 0.037414323374340946
14 0.39018629173989455 0.433695079086116 0.6055676625659051 0.048326010544815466
14 0.3913919156414763 0.47439367311072056 0.6209666080843586 0.03461994727592267
14 0.3857328646748682 0.5488554481546573 0.6189279437609841 0.05132249560632689
14 0.3855465729349737 0.5937543936731107 0.6148435852372583 0.03905755711775044
14 0.38638312829525484 0.6652921792618629 0.6146572934973639 0.054554042179261866
14 0.38434094903339194 0.7436072056239016 0.6068646748681898 0.05576669595782074
14 0.3861054481546573 0.8328844463971881 0.6122460456942003 0.07658611599297012
17 0.3850087873462214 0.7833831282952548 0.18695254833040423 0.02165641476274165
17 0.38203866432337436 0.7052328646748681 0.21070650263620389 0.01845342706502636
17 0.38797539543057996 0.6227108963093145 0.2745342706502636 0.0215817223198594
17 0.3845413005272408 0.5112587873462214 0.2992161687170474 0.021364235500878733
17 0.3924217926186292 0.3943914762741652 0.41704042179261863 0.018433655536028118
17 0.3909279437609842 0.22894112478031636 0.6070509666080843 0.022717486818980667