27 0.5456063268892795 0.14812258796821795 0.10511423550087874 0.013480136208853575
15 0.5493462214411248 0.18959364358683314 0.5741265377855888 0.053838819523269014
15 0.5455887521968366 0.23442224744608403 0.5700773286467486 0.033677639046538026
15 0.5464569420035149 0.27355732122587967 0.5718137082601055 0.036862656072644724
15 0.5458769771528998 0.3101679909194098 0.5741265377855888 0.03612485811577752
15 0.5442882249560632 0.345377979568672 0.5692091388400703 0.03370715096481271
15 0.5432759226713532 0.3815232690124858 0.568920913884007 0.03539841089670829
15 0.5434200351493849 0.4283155505107832 0.5674762741652021 0.05390238365493757
15 0.5411072056239016 0.4826742338251986 0.5697891036906854 0.05279682179341657
15 0.5421195079086115 0.5357230419977299 0.5631388400702988 0.051316685584562996
15 0.5412513181019332 0.5986742338251986 0.5752829525483304 0.0786061293984109
32 0.5798664323374341 0.6750669693530079 0.19272056239015817 0.12381611804767309
25 0.5399507908611599 0.7876685584562996 0.5466572934973638 0.035246311010215664