15 0.45727943760984185 0.13491548652352672 0.6330931458699474 0.0526290543627227
15 0.4571072056239016 0.18673366834170854 0.6371810193321616 0.04803334856098675
15 0.4572970123022847 0.23928962996802192 0.6398453427065026 0.05076747373229785
15 0.45444288224956064 0.2872704431247145 0.6318558875219684 0.03693238921882138
15 0.4572970123022847 0.3257286432160804 0.6352794376098417 0.035210141617176796
15 0.45786994727592273 0.3617131110095934 0.6250052724077328 0.031509821836455
15 0.46053075571177504 0.3974531749657378 0.6303339191564148 0.03325262677021471
15 0.453493848857645 0.4330676107811786 0.6322355008787346 0.03622887163088168
15 0.45767662565905093 0.47647327546825036 0.6360421792618629 0.04737094563727729
15 0.45748681898066784 0.5388008222932846 0.6425096660808436 0.07113065326633167
15 0.46681195079086113 0.5955596162631339 0.6406045694200352 0.03775696665143902
15 0.45843936731107204 0.6483645500228414 0.6375641476274165 0.06769757880310644
15 0.45881898066783827 0.7239104613978986 0.6474551845342706 0.0659661946094107
15 0.4567275922671354 0.7961306532663317 0.64098769771529 0.06796482412060302
15 0.4565377855887522 0.8485587026039287 0.645933216168717 0.027418912745545913
24 0.09507205623901582 0.7533394243947007 0.05239015817223199 0.023931018730013704
24 0.12627768014059754 0.5851598903608953 0.028035149384885768 0.025863407948835085
24 0.12285061511423549 0.5161557788944724 0.0394481546572935 0.024360438556418458
24 0.11790509666080844 0.44826633165829144 0.03412302284710018 0.026566925536774783
24 0.1167627416520211 0.3777798081315669 0.03184182776801406 0.025063956144358156
24 0.10591915641476274 0.2354454088624943 0.053532513181019335 0.03269301050708086
31 0.4533181019332162 0.09658291457286432 0.24145166959578204 0.02055504796710827
27 0.7506924428822495 0.09856098675194153 0.043922671353251314 0.018576975788031063