6 0.19782425307557117 0.1335835405833145 0.25870298769771527 0.08177029165724621
6 0.47502987697715293 0.12579018765543748 0.2510017574692443 0.08526791770291657
6 0.7477820738137083 0.11712412389780691 0.25812653778558875 0.08605923581279674
6 0.7612548330404217 0.2151616549853041 0.25095957820738135 0.09037983269274248
6 0.48404920913884003 0.21881980556183586 0.26162741652021093 0.09197151254804432
6 0.19918453427065025 0.2264503730499661 0.24807732864674867 0.07479990956364457
6 0.20684710017574692 0.3204340945059914 0.21001054481546574 0.07387067601175673
6 0.48886818980667834 0.3122450825231743 0.2668189806678383 0.08515939407641873
6 0.7637293497363796 0.3130386615419398 0.21437609841827768 0.06957494912955009
6 0.768920913884007 0.4022360388876328 0.16246748681898068 0.06480217047252995
6 0.4972724077328647 0.4073276056974904 0.2717609841827768 0.08643002486999773
6 0.22019332161687172 0.41281030974451727 0.2189068541300527 0.062102645263395886
6 0.21648506151142355 0.5020235134524078 0.29750790861159926 0.08979651820031653
6 0.5034551845342706 0.4964571557766222 0.24852372583479787 0.082480217047253
6 0.7729947275922672 0.4964571557766222 0.25515641476274165 0.082480217047253
6 0.3034903339191564 0.5993126836988469 0.2846432337434095 0.0878498756500113
6 0.6801792618629173 0.5877051774813475 0.2994165202108963 0.08943703368754238
6 0.7175008787346221 0.7058602758308841 0.3592267135325132 0.11205064435903234
6 0.31226010544815463 0.715957494912955 0.36892794376098414 0.12175220438616323
6 0.3178207381370826 0.8375175220438617 0.3726326889279438 0.11205968799457382
6 0.7319613356766256 0.8306014017635089 0.36886467486818986 0.12016730725751752
36 0.5187838312829526 0.890388876328284 0.0804463971880492 0.05657472303866154
29 0.22279086115992972 0.9213949807822744 0.18405623901581722 0.019373728238751976
9 0.3175887521968365 0.8787768482930137 0.036973637961335674 0.02190594619036853
9 0.7291318101933216 0.8756771422111689 0.03542706502636204 0.01856432285778883
9 0.7209736379613357 0.747185168437712 0.033947275922671355 0.015349310422789962
9 0.3135079086115993 0.7536264978521365 0.03623198594024604 0.01582862310648881
9 0.3049806678383128 0.6349152159167986 0.03845694200351494 0.014047026904815737
9 0.6858769771528997 0.6234795387745874 0.029996485061511424 0.012161428894415556
9 0.4982706502636204 0.527908659281031 0.030520210896309314 0.015634184942346824
9 0.2234165202108963 0.5353018313361971 0.029571177504393673 0.01229708342753787
9 0.21636906854130056 0.4355279222247343 0.03476274165202109 0.017861180194438164
9 0.49407029876977154 0.4394257291431155 0.03397891036906854 0.01515939407641872
9 0.7689244288224957 0.4237621523852589 0.028994727592267133 0.015313135880624012
9 0.7742390158172232 0.5255347049513904 0.03220738137082601 0.012796744291205064
9 0.7643514938488576 0.3369477730047479 0.03913181019332162 0.015950712186298892
9 0.48344112478031637 0.3397309518426408 0.03645342706502636 0.014203029617906399
9 0.21031634446397188 0.3454555731404024 0.030066783831282955 0.01229708342753787
9 0.20289982425307557 0.25458738412841964 0.036 0.016592810309744518
9 0.204506151142355 0.16187881528374407 0.03773286467486819 0.016249152159167987
9 0.48010544815465733 0.1506669681211847 0.03126186291739894 0.013859371467329866
9 0.7607697715289982 0.24321727334388424 0.033444639718804924 0.013884241465068958
9 0.48640773286467487 0.24886276283065792 0.03348681898066784 0.012774135202351345
9 0.7553321616871705 0.14470269048157358 0.037402460456942004 0.01624463034139724
31 0.8092126537785589 0.04628080488356319 0.09473813708260105 0.0197422563870676