17 0.43670650263620386 0.2537578334825425 0.36984534270650266 0.017186660698299015
17 0.4321792618629174 0.5184780662488809 0.15248506151142355 0.01845344673231871
15 0.43372583479789106 0.16840868397493286 0.6097258347978911 0.03170322291853178
15 0.4384182776801406 0.20954118173679498 0.6191072056239015 0.04585720680393912
15 0.43357117750439367 0.29309982094897047 0.6075360281195079 0.04448522829006266
15 0.43185237258347975 0.3372202327663384 0.60597539543058 0.0407117278424351
15 0.43935676625659054 0.4262623097582811 0.6172337434094903 0.13276186213070723
15 0.4302882249560633 0.5675559534467324 0.6103514938488577 0.060445389435989254
15 0.43310017574692444 0.6194427036705461 0.6159824253075571 0.04113921217547001
15 0.43169420035149386 0.6567905102954342 0.6112899824253075 0.028601163831692034
15 0.4312231985940246 0.6866696508504924 0.6159824253075571 0.030998209489704567
15 0.43435149384885763 0.7174418084153984 0.614731107205624 0.030011190689346465
15 0.4341968365553603 0.7471217547000895 0.6162952548330404 0.028824977618621305
15 0.4359156414762742 0.7709243509400179 0.6178594024604569 0.025047000895255148
28 0.43390158172231985 0.1422224709042077 0.094 0.016374216651745748