15 0.5478277680140597 0.1245787795992714 0.6404710017574693 0.025412112932604737
15 0.511792618629174 0.15053734061930782 0.5705940246045694 0.02186247723132969
15 0.5242284710017575 0.17827185792349728 0.5954727592267135 0.023292349726775956
15 0.5542284710017574 0.20482240437158472 0.6686432337434095 0.02235200364298725
15 0.4181335676625659 0.23101548269581057 0.3920597539543058 0.02496584699453552
15 0.5202038664323374 0.29750910746812387 0.6049841827768014 0.020006830601092897
15 0.46221792618629176 0.3213342440801457 0.4955957820738137 0.02356785063752277
15 0.37112126537785584 0.3470537340619308 0.30901230228471 0.019544626593806923
15 0.3709384885764499 0.37147085610200364 0.2976731107205624 0.02287112932604736
15 0.4699015817223198 0.3980191256830601 0.497792618629174 0.02193078324225865
15 0.4353286467486819 0.4203028233151184 0.43084007029876975 0.020988160291438983
15 0.5094130052724077 0.4431785063752277 0.5680316344463971 0.02549863387978142
15 0.44795079086115996 0.4665277777777777 0.4582811950790861 0.02242258652094718
15 0.5213040421792619 0.4926047358834244 0.5940070298769772 0.023378870673952643
15 0.4766678383128295 0.6034061930783242 0.5135219683655536 0.024556010928961747
15 0.44795079086115996 0.6277049180327869 0.4538875219683655 0.0205327868852459
15 0.4484991212653779 0.6520036429872496 0.44840070298769774 0.02504326047358834
15 0.4481335676625659 0.677959927140255 0.45205975395430575 0.0214936247723133
15 0.4486818980667838 0.7004804189435337 0.45096309314586996 0.021024590163934428
15 0.5088646748681899 0.7253711293260473 0.5691318101933216 0.019610655737704916
15 0.5264253075571178 0.7490755919854281 0.6042530755711775 0.02151183970856102
15 0.4865483304042179 0.7727823315118397 0.5244956063268893 0.023415300546448088
15 0.5692302284710018 0.8072745901639344 0.6942530755711775 0.03693761384335155
15 0.5489244288224956 0.8444899817850637 0.642664323374341 0.02604280510018215
16 0.5650404217926186 0.5607377049180329 0.18312478031634447 0.03592213114754099
16 0.566140597539543 0.26643670309653916 0.1501933216168717 0.023278688524590162
28 0.5747381370826011 0.09837431693989071 0.11689982425307556 0.01993169398907104