28 0.4189595782073814 0.12116732324279494 0.13905448154657293 0.020491395397055773
15 0.42513181019332164 0.16233049968899024 0.6731072056239016 0.058538254198631554
15 0.42325483304042183 0.22994816504250465 0.6768611599297013 0.07200082935931992
15 0.42025307557117747 0.295355587808418 0.6708541300527241 0.054478540327596935
15 0.42550790861159926 0.3450943396226415 0.6813637961335677 0.04104291934480613
15 0.4270087873462214 0.3927907941115488 0.6843655536028119 0.05894464026539498
15 0.4249420035149385 0.46881608957080656 0.6764850615114235 0.08922247563756998
15 0.4262565905096661 0.5530852166701223 0.6678523725834797 0.07399751192204022
15 0.4273813708260106 0.6361932407215426 0.677609841827768 0.09187849885963094
15 0.42850966608084357 0.7097947335683185 0.6723550087873462 0.05088948787061995
15 0.4313251318101933 0.7687808417997097 0.6667240773286467 0.05151980095376322
15 0.43732864674868194 0.8234522081691893 0.6787346221441125 0.04130624092888244