15 0.42455536028119506 0.16762391304347826 0.7249138840070299 0.08017391304347826
15 0.42543057996485056 0.22777391304347827 0.7301862917398946 0.03960434782608696
15 0.42748330404217927 0.26944565217391303 0.7237398945518453 0.04034130434782609
15 0.42718804920913883 0.33304347826086955 0.7336977152899824 0.08275652173913044
15 0.43187697715289985 0.40823478260869567 0.72901230228471 0.061395652173913046
15 0.42982425307557115 0.460595652173913 0.7284253075571178 0.037856521739130435
15 0.42718804920913883 0.5020869565217391 0.7336977152899824 0.04040434782608696
15 0.4333391915641476 0.5462956521739131 0.7190544815465729 0.046215217391304346
15 0.4295325131810193 0.5977521739130435 0.7313567662565905 0.05782391304347826
15 0.43890685413005276 0.65845 0.72901230228471 0.05965217391304347
15 0.44241827768014064 0.7104478260869566 0.72901230228471 0.03973695652173913
15 0.434804920913884 0.7646239130434782 0.7348681898066783 0.06765434782608695
15 0.3378664323374341 0.8088304347826086 0.5093602811950791 0.021282608695652176
15 0.44476274165202107 0.8524978260869565 0.7196379613356766 0.06296739130434782
27 0.41901230228471 0.11308260869565216 0.11277328646748681 0.021093478260869564