15 0.34080140597539543 0.19131147540983606 0.3324534270650264 0.026673497267759565
15 0.306829525483304 0.23021174863387978 0.2504499121265378 0.02023224043715847
15 0.36481898066783836 0.2706329690346084 0.3664253075571178 0.030489526411657558
15 0.32147275922671353 0.30763661202185794 0.2727065026362039 0.024806466302367942
15 0.4394973637961335 0.3545104735883424 0.5193040421792618 0.04797131147540983
15 0.3958629173989455 0.40479735883424406 0.435543057996485 0.027868852459016394
15 0.44096309314586996 0.45129098360655734 0.4976274165202109 0.05027322404371585
15 0.393518453427065 0.5008173952641166 0.41679789103690684 0.028654371584699453
15 0.3677469244288225 0.5345947176684882 0.36525131810193323 0.023349271402550092
15 0.373311072056239 0.5723588342440802 0.37286818980667835 0.03284836065573771
15 0.3390439367311072 0.6158151183970856 0.3078523725834798 0.026409380692167576
15 0.3554481546572935 0.6518715846994535 0.32659402460456943 0.030214025500910745
15 0.4435992970123023 0.6865983606557376 0.506414762741652 0.02453096539162113
15 0.44799297012302286 0.7317622950819672 0.5116871704745167 0.051108834244080144
15 0.4444780316344464 0.7951457194899818 0.5187170474516696 0.05492258652094718
28 0.46089630931458697 0.15601548269581056 0.09460808435852373 0.028941256830601093