15 0.4438875219683655 0.1854096109839817 0.6300140597539543 0.047402745995423344
15 0.4421300527240773 0.2399565217391304 0.6405588752196837 0.05123340961098398
15 0.4421300527240773 0.30747368421052634 0.6288435852372584 0.06727231121281466
15 0.44974692442882247 0.374604118993135 0.620639718804921 0.05050572082379863
15 0.4544323374340949 0.4400228832951945 0.6300140597539543 0.06921510297482839
15 0.4494516695957821 0.5081098398169337 0.6165413005272408 0.047491990846681924
15 0.38853778558875224 0.5552151029748283 0.5017363796133568 0.025
15 0.45853075571177504 0.5950755148741419 0.6382108963093146 0.05056979405034325
15 0.46116695957820736 0.6498146453089245 0.6399683655536028 0.0494370709382151
15 0.45296660808435857 0.6929153318077803 0.6165413005272408 0.02580091533180778
15 0.4599964850615114 0.7411693363844394 0.6235676625659051 0.051370709382151034
15 0.4617539543057997 0.796858123569794 0.6200527240773286 0.04833409610983982
27 0.4456625659050967 0.13582151029748282 0.13444288224956064 0.02602974828375286