31 0.45901230228471007 0.14924949743131563 0.10184885764499121 0.020205494750949297
17 0.46091036906854127 0.19686620504802324 0.414481546572935 0.0272347554165736
14 0.29279789103690684 0.22938351574715213 0.2899437609841828 0.023908867545231183
14 0.4556942003514939 0.2581527808800536 0.6192056239015817 0.026316729953093587
14 0.3601089630931459 0.28802546348000896 0.41068189806678385 0.02651999106544561
14 0.4442460456942004 0.3169041769041769 0.5893673110720562 0.026944382398927852
14 0.40902987697715293 0.3428076837167746 0.5293427065026363 0.02803216439580076
14 0.38248857644991213 0.37201920929193655 0.4658488576449912 0.02250390886754523
14 0.460207381370826 0.4100424391333482 0.6351669595782073 0.05224257315166406
14 0.45589806678383127 0.4537033727942819 0.629427065026362 0.028842975206611568
14 0.40698769771529003 0.4833035514853697 0.5280949033391916 0.027732856823765913
14 0.46028822495606325 0.5225843198570471 0.6276695957820738 0.04598838507929417
14 0.4561898066783831 0.5756421710967166 0.619469244288225 0.0515881170426625
14 0.40054481546572934 0.6151060978333706 0.5081792618629174 0.02330131784677239
14 0.3677434094903339 0.6432164395800759 0.4355465729349737 0.028150547241456332
14 0.4567768014059754 0.6843600625418808 0.620639718804921 0.05012731740004467
14 0.4585342706502636 0.725499218226491 0.6171247803163444 0.03189412553048916
14 0.4289525483304042 0.7537949519767702 0.5685096660808436 0.021478668751396025
14 0.46380316344463973 0.7934509716327899 0.6276660808435852 0.04941255304891669