15 0.42800000000000005 0.1870363466915191 0.587427065026362 0.06361835973904939
15 0.43385237258347975 0.2588397017707363 0.5859613356766257 0.06169850885368127
15 0.4342179261862917 0.3182688723205965 0.5866924428822496 0.04376281453867661
15 0.43147627416520207 0.36775396085740913 0.583402460456942 0.04377679403541472
15 0.43220738137082604 0.4131174277726002 0.5892548330404218 0.044275396085740916
15 0.4261687170474517 0.45908434296365336 0.583768014059754 0.0416192917054986
15 0.42690333919156415 0.4943779123951538 0.5940105448154658 0.02343429636533085
15 0.43824253075571173 0.527854147250699 0.5947416520210896 0.04090866728797764
15 0.4355008787346221 0.5926164958061511 0.5914481546572935 0.08602749301025163
15 0.4307451669595782 0.6630824790307549 0.5863268892794375 0.047961323392357876
15 0.43476977152899826 0.7217753960857409 0.5899859402460457 0.0663932898415657
15 0.36763444639718806 0.7695619757688723 0.4447416520210896 0.02516775396085741
15 0.43495254833040425 0.8095876048462255 0.588158172231986 0.04701071761416589
28 0.42984885764499126 0.1378308480894688 0.09934622144112477 0.017595526561043802