28 0.5734657293497364 0.17228263416920553 0.08257996485061511 0.01715490977267401
15 0.5698804920913884 0.21222404499648465 0.5916625659050967 0.03238106397937661
15 0.5444534270650264 0.23568080618701664 0.540804920913884 0.01653855167565034
15 0.5715430579964851 0.25747363487227565 0.59498769771529 0.02874853527068198
15 0.5717820738137083 0.2876681509257089 0.5954657293497363 0.03303491914694165
15 0.572017574692443 0.3178603234122334 0.5959402460456942 0.029716428404030933
15 0.5729701230228471 0.3471033513006796 0.59498769771529 0.030199203187251
15 0.5739191564147628 0.3849730489805484 0.5940386643233744 0.04698382938832903
15 0.5729701230228471 0.43870400749941413 0.6006924428822495 0.05936020623388798
15 0.5715430579964851 0.4838668853995781 0.6006924428822495 0.031783454417623626
15 0.5734446397188049 0.5223810639793766 0.5959402460456942 0.044155144129364894
15 0.5727311072056239 0.5596273728614951 0.5973637961335677 0.03116943988750879
15 0.5730896309314587 0.5974244199671901 0.5995043936731107 0.04115069135223811
15 0.5734446397188049 0.642191235059761 0.5959402460456942 0.04606515116006562
15 0.5738031634446398 0.6949730489805483 0.5980773286467487 0.06034216076868995
15 0.5724956063268892 0.7483852823998125 0.5968892794376098 0.04545816733067729
15 0.5734446397188049 0.7867400984298102 0.5930861159929701 0.03088821185844856