17 0.45562390158172233 0.12615515564202334 0.47012302284710017 0.03951848249027237
14 0.45474516695957823 0.19242461089494164 0.7126537785588752 0.05167801556420233
14 0.45474516695957823 0.25018239299610895 0.7179261862917399 0.05167801556420233
14 0.45166959578207383 0.3021643968871595 0.7117750439367311 0.036478599221789886
14 0.45430579964850615 0.34563472762645914 0.7205623901581723 0.03708657587548638
14 0.45562390158172233 0.4061284046692607 0.7196836555360281 0.06566147859922179
14 0.4538664323374341 0.46388618677042803 0.7144112478031635 0.03526264591439689
14 0.45342706502636204 0.5149562256809338 0.718804920913884 0.047422178988326846
14 0.45254833040421794 0.5760578793774319 0.7205623901581723 0.05289396887159533
14 0.45166959578207383 0.6569187743190662 0.7205623901581723 0.06626945525291829
14 0.45210896309314585 0.7392996108949417 0.7179261862917399 0.08146887159533074
14 0.45342706502636204 0.8347519455252919 0.7205623901581723 0.09727626459143969