28 0.4472231985940246 0.05620665251238499 0.08245694200351494 0.016652512384996463
15 0.44679789103690687 0.08316820004718094 0.6427065026362039 0.015435244161358812
15 0.44679789103690687 0.09681764567114887 0.6427065026362039 0.011799952819061101
15 0.44559578207381373 0.10784383109223873 0.6403022847100176 0.01233309742863883
15 0.44719859402460455 0.1261311630101439 0.6435079086115992 0.02523708421797594
15 0.44439367311072053 0.1500141542816702 0.6403022847100176 0.024050483604623734
15 0.4447943760984183 0.16662420382165608 0.6427065026362039 0.010195800896437839
15 0.4427908611599297 0.17785090823307384 0.6386994727592267 0.012476999292285917
15 0.44439367311072053 0.19002123142250532 0.6419050966608084 0.01395376267987733
15 0.4435922671353251 0.20924982307147913 0.6403022847100176 0.022821420146260908
15 0.4436942003514938 0.22693559801840057 0.6384991212653779 0.011118188251946215
15 0.4459964850615114 0.25295352677518285 0.6370966608084359 0.03760084925690021
15 0.44509666080843585 0.2816631280962491 0.6372970123022846 0.021052134937485256
15 0.4440949033391916 0.30452465204057566 0.6393005272407732 0.023734371313989148
15 0.4447943760984183 0.32214201462609104 0.6427065026362039 0.013241330502477
15 0.44579613356766257 0.3362609105921208 0.632688927943761 0.011891955649917433
15 0.44759929701230233 0.34903514979948097 0.6483163444639719 0.013234253361641897
15 0.4440949033391916 0.36739089407879216 0.6473145869947275 0.02169851380042463
15 0.44439367311072053 0.3837980655815051 0.6419050966608084 0.01147440434064638
15 0.44509666080843585 0.3963033734371314 0.645311072056239 0.012278839348903043
15 0.44299121265377855 0.4079617834394904 0.6431107205623902 0.012729417315404577
15 0.44459402460456937 0.4193229535267752 0.6463163444639719 0.012592592592592593
15 0.44559578207381373 0.43250294880868134 0.6443128295254833 0.012050011795234725
17 0.4430087873462214 0.47105213493748527 0.29245342706502636 0.025937721160651097
15 0.4462003514938489 0.5017126680820949 0.6435114235500878 0.011943854682708187
15 0.4462003514938489 0.514689785326728 0.6435114235500878 0.009655579146025006
15 0.4457996485061511 0.5267916961547535 0.6427100175746925 0.012340174569473934
15 0.44609841827768015 0.5370134465675868 0.6453145869947277 0.011262090115593301
15 0.44669947275922667 0.5493158763859401 0.6425096660808436 0.010316112290634583
15 0.4470017574692443 0.5602760084925691 0.6451142355008787 0.012061807029959896
15 0.446298769771529 0.5723118660061336 0.6417082601054482 0.010577966501533382
15 0.44880492091388396 0.5843477235196981 0.6447135325131811 0.009096485020051899
15 0.44559578207381373 0.5960462373201226 0.6463163444639719 0.013663599905638122
15 0.443493848857645 0.6094267515923567 0.6441124780316344 0.009492804906817646
15 0.44609841827768015 0.6330927105449398 0.6453145869947277 0.0353031375324369
15 0.44399648506151146 0.6618966737438076 0.6451177504393673 0.024319414956357633
15 0.44880492091388396 0.6930927105449398 0.6387065026362039 0.0382967681056853
15 0.44359578207381367 0.7160887001651333 0.6443163444639719 0.011663128096249115
15 0.4457996485061511 0.7343099787685774 0.6447170474516696 0.022550129747581978
15 0.44690333919156416 0.7534064637886294 0.6409103690685414 0.012323661240858694
15 0.4436977152899824 0.7653739089407879 0.6425131810193322 0.01205237084217976
15 0.4449982425307557 0.7765345600377448 0.6431142355008788 0.010165133286152395
15 0.4455008787346222 0.7872257607926398 0.6421124780316344 0.011372965322009909
15 0.4457996485061511 0.813043170559094 0.6447170474516696 0.03610757254069356
15 0.4446994727592267 0.8360391601792875 0.6405096660808436 0.009476291578202407
15 0.4478031634446397 0.8481410710073131 0.6407100175746924 0.012160887001651332
15 0.4466010544815465 0.8602453408822835 0.6383057996485062 0.0116206652512385
15 0.44670298769771527 0.8718754423213022 0.6365026362038664 0.009867893371078084
15 0.44720210896309315 0.8837107808445388 0.6435149384885764 0.012016985138004246
15 0.4451001757469244 0.896485020051899 0.641311072056239 0.013356923802783674
15 0.44820386643233745 0.9067044114177872 0.6415114235500878 0.012278839348903043
15 0.4455008787346222 0.9189407879216797 0.6421124780316344 0.012543052606746874