16 0.492091388400703 0.2006060606060606 0.39015817223198596 0.025454545454545455
20 0.4868189806678383 0.2206060606060606 0.1195079086115993 0.019393939393939394
19 0.1827768014059754 0.11969696969696969 0.27065026362038663 0.14484848484848484
15 0.5039543057996485 0.2821212121212121 0.7091388400702988 0.051515151515151514
15 0.5017574692442882 0.3381818181818182 0.7100175746924429 0.041212121212121214
15 0.5061511423550088 0.38181818181818183 0.7100175746924429 0.041212121212121214
15 0.5043936731107206 0.4306060606060606 0.7082601054481547 0.040606060606060604
15 0.5013181019332161 0.47393939393939394 0.7073813708260105 0.03636363636363636
15 0.5083479789103691 0.5221212121212121 0.7091388400702988 0.04181818181818182
15 0.5048330404217927 0.5666666666666667 0.7056239015817223 0.037575757575757575
15 0.5026362038664324 0.6063636363636363 0.7117750439367311 0.021212121212121213
15 0.5 0.6351515151515151 0.7100175746924429 0.01818181818181818
15 0.5039543057996485 0.666969696969697 0.7126537785588752 0.021212121212121213
15 0.5017574692442882 0.7045454545454546 0.7065026362038664 0.03575757575757576
15 0.4986818980667838 0.7439393939393939 0.7056239015817223 0.021212121212121213
15 0.5013181019332161 0.7848484848484848 0.7056239015817223 0.03636363636363636
15 0.4978031634446397 0.8303030303030303 0.7091388400702988 0.03515151515151515
15 0.523725834797891 0.8684848484848485 0.6608084358523726 0.019393939393939394
32 0.1165377855887522 0.8868533333333334 0.16808084358523726 0.11877333333333333
31 0.48534622144112477 0.9152533333333334 0.058966608084358524 0.06688484848484848
32 0.6567205623901581 0.9215490909090909 0.22542706502636206 0.05552484848484848
24 0.08872056239015817 0.032729696969696964 0.136481546572935 0.029844848484848484