14 0.5052829525483304 0.12228968145929758 0.7858910369068541 0.027658589708685
14 0.5067346221441125 0.14924312551048188 0.7808822495606327 0.024375170160631638
14 0.5114797891036907 0.18426082221617204 0.7798277680140598 0.03926218350122516
14 0.5080527240773287 0.22428532534712767 0.7782460456942004 0.029439150558126872
14 0.5088435852372584 0.2619602504764498 0.7851001757469245 0.03738088755785462
14 0.5058101933216168 0.29657500680642523 0.7742882249560632 0.018777566022325075
14 0.5089736379613357 0.32424176422542883 0.7827275922671354 0.027135856248298396
14 0.5064710017574693 0.3642036482439423 0.785627416520211 0.03965423359651511
14 0.5039648506151142 0.4087203920500953 0.788530755711775 0.03881295943370542
14 0.5069982425307558 0.44904982303294305 0.7866818980667839 0.023473999455485978
14 0.5048892794376099 0.4796787367274707 0.7824639718804921 0.02754151919411925
14 0.5067346221441125 0.5099019874761774 0.7808822495606327 0.022624557582357745
14 0.508182776801406 0.5393493057446229 0.7864182776801406 0.028412741628096923
14 0.5034376098418277 0.5707949904710047 0.787476274165202 0.025943370541791452
14 0.5076555360281195 0.5938714946909883 0.7853637961335677 0.01898720392050095
14 0.5068646748681898 0.6234794445956984 0.7785096660808436 0.0250966512387694
14 0.5095008787346221 0.6619684181867682 0.7837820738137083 0.03467193030220528
14 0.5085799648506152 0.6998475360740539 0.7898453427065026 0.03893819765858971
14 0.5110826010544816 0.7965314456847263 0.7869455184534271 0.054606588619656955
14 0.5042284710017575 0.842992104546692 0.7943304042179261 0.027013340593520282
14 0.5085799648506152 0.8803566566839096 0.7898453427065026 0.040468282058263
31 0.5053145869947275 0.9270623468554315 0.03704042179261863 0.021538252109991832
17 0.1936414762741652 0.7517587802885924 0.0782249560632689 0.02429349305744623