28 0.4086151142355009 0.11128391019644528 0.10154305799648505 0.02327174929840973
15 0.3964534270650264 0.1996866230121609 0.727451669595782 0.0443311506080449
15 0.40154657293497364 0.25295837231057067 0.7311353251318101 0.04271515434985968
15 0.41281546572934974 0.3208161833489242 0.7536731107205623 0.07027595884003741
15 0.4039297012302285 0.4044317118802619 0.7489068541300526 0.07022684752104771
15 0.4104323374340949 0.47308933582787654 0.761908611599297 0.04891253507951356
15 0.3978629173989455 0.5279466791393826 0.7454411247803164 0.04758419083255379
15 0.3961300527240773 0.5887114125350795 0.7419718804920913 0.05518942937324603
15 0.3925518453427065 0.6709190832553789 0.7369876977152899 0.05520579981290926
15 0.39352899824253074 0.7308840037418148 0.7367697715289983 0.03813844714686623
15 0.39916344463971876 0.794099625818522 0.7480386643233744 0.0535289990645463
15 0.4024112478031634 0.8615692235734331 0.7588752196836556 0.05579513564078578