13 0.5275746924428822 0.11619390839339688 0.3309525483304042 0.025496396186933272
13 0.5302847100175747 0.2727784236224134 0.27862565905096665 0.025935828877005348
13 0.5319402460456941 0.3545524296675192 0.21878383128295256 0.02476400837014648
10 0.3886362038664324 0.13986979772146013 0.43562741652021086 0.017942338990932342
10 0.38998945518453426 0.15300162752848173 0.4437434094903339 0.015556847244826784
10 0.4181054481546573 0.1669286212508719 0.49817223198594024 0.017151825156940245
10 0.3668365553602812 0.17767263427109972 0.40104745166959577 0.012380841664729133
10 0.37224956063268894 0.19040688212043713 0.40465377855887524 0.013975819576842595
10 0.296622144112478 0.201348523599163 0.2552056239015817 0.01199023482910951
10 0.2976731107205624 0.2138828179493141 0.25189806678383125 0.010799813996744944
10 0.3116555360281195 0.22701464775633573 0.28166608084358524 0.013189955824226923
10 0.3000808435852373 0.23964891885607997 0.2494903339191564 0.013392234364101372
10 0.36067135325131805 0.29605673099279234 0.37969420035149387 0.012810974192048361
10 0.32955008787346224 0.309386189258312 0.31564499121265377 0.013213206231109043
10 0.3790158172231986 0.3237107649383864 0.40916344463971877 0.015603348058591026
10 0.39089279437609836 0.3793210881190421 0.4455500878734622 0.015817251801906535
10 0.32714235500878736 0.39295047663334104 0.3216590509666081 0.013234131597302953
10 0.32924780316344465 0.40488723552662176 0.3150439367311072 0.010850964891885608
10 0.3281968365553603 0.4171239246686817 0.3147451669595782 0.012645896303185305
10 0.3278945518453427 0.4291606603115554 0.31775043936731107 0.011653103929318762
10 0.3303022847100176 0.4412973727040223 0.3153462214411248 0.012055335968379446