31 0.5158066783831283 0.08622950819672132 0.1106115992970123 0.022374772313296903
14 0.5175852372583479 0.12946265938069218 0.7421230228471002 0.03870901639344262
14 0.5159613356766257 0.16604052823315119 0.7424850615114235 0.03471539162112933
14 0.5183057996485061 0.20203096539162113 0.743567662565905 0.04123861566484517
14 0.5183057996485061 0.2515733151183971 0.743567662565905 0.056168032786885244
14 0.5181265377855887 0.2983196721311476 0.7468154657293498 0.03744535519125683
14 0.5163233743409491 0.3368146630236794 0.7504253075571178 0.04196265938069217
14 0.511268892794376 0.37514344262295085 0.754755711775044 0.03446265938069217
14 0.5155992970123023 0.4107832422586521 0.7489806678383129 0.03794854280510018
14 0.5155992970123023 0.4479439890710382 0.7489806678383129 0.03278460837887068
14 0.5206537785588752 0.48241575591985425 0.7446502636203867 0.034867941712204004
14 0.5184885764499121 0.5165368852459017 0.7403198594024605 0.041393442622950825
14 0.5208330404217926 0.5546311475409836 0.7558347978910369 0.0380988160291439
14 0.5197504393673111 0.5920241347905283 0.7464534270650263 0.03807832422586521
14 0.40644991212653775 0.6200728597449909 0.5198488576449912 0.019364754098360654
14 0.5249841827768014 0.649867941712204 0.753311072056239 0.034537795992714025
14 0.5266080843585237 0.6855077413479053 0.7529490333919155 0.03802367941712204
14 0.5278699472759226 0.7205669398907104 0.7590826010544816 0.0333287795992714
14 0.5284112478031634 0.7556215846994536 0.7493391915641476 0.03798269581056466
14 0.5242601054481546 0.7916142987249545 0.7374305799648505 0.03515938069216758
14 0.5249841827768014 0.8249180327868852 0.7388752196836555 0.03397085610200364
14 0.522456942003515 0.8608401639344262 0.7410404217926188 0.03802367941712204
14 0.4849314586994728 0.8895901639344262 0.6515536028119508 0.025387067395264116