21 0.4877891036906854 0.134936539746159 0.7423831282952548 0.06279225116900468
21 0.4916063268892794 0.2897350256067691 0.729195079086116 0.24708750835003343
21 0.4954235500878735 0.4410732576263638 0.7298910369068541 0.05514584725005567
21 0.41753251318101936 0.514308617234469 0.494298769771529 0.016958361166778
21 0.49611599297012304 0.5560565575595636 0.7173989455184534 0.06528390113560455
21 0.49368717047451666 0.6002360276107771 0.7194797891036907 0.026138944555778223
21 0.49819683655536023 0.6303429080382988 0.7354411247803163 0.029198396793587173
21 0.49403514938488574 0.6974192830104654 0.7271142355008787 0.03145179247383656
21 0.4978523725834798 0.7343397906924961 0.7278066783831283 0.03494767312402583
21 0.4975079086115993 0.7980650189267424 0.7284956063268894 0.08325985303941216
33 0.5194692442882249 0.10971275885103542 0.21175746924428823 0.1229347584057003