10 0.5008892794376099 0.12358344827586207 0.7739156414762741 0.049933793103448275
10 0.5053427065026362 0.16947862068965516 0.768755711775044 0.03316689655172414
10 0.5044077328646749 0.2139889655172414 0.7668822495606328 0.048593103448275866
10 0.5076871704745166 0.2572137931034483 0.7734446397188048 0.03569379310344827
10 0.5052267135325131 0.30062344827586207 0.7708646748681899 0.04155310344827586
10 0.5029982425307558 0.3877544827586207 0.7734446397188048 0.03735172413793104
10 0.5027662565905097 0.42748689655172417 0.7682882249560633 0.03585931034482759
10 0.5051107205623901 0.46749241379310347 0.7729771528998242 0.03675586206896552
10 0.5006572934973638 0.5058427586206897 0.7781335676625659 0.03802206896551724
10 0.5004217926186292 0.5440468965517241 0.7729771528998242 0.03899862068965517
10 0.5001862917398946 0.5746758620689655 0.7678207381370825 0.017459310344827585
10 0.5042882249560633 0.6070455172413793 0.7689912126537787 0.038041379310344826
10 0.5020632688927943 0.6457655172413793 0.7715711775043936 0.03268689655172414
10 0.5038207381370826 0.6834179310344827 0.7774305799648507 0.03623724137931035
10 0.5028822495606327 0.7207558620689655 0.7755536028119507 0.033641379310344825
10 0.5017117750439367 0.7533158620689655 0.7778980667838312 0.021484137931034483
10 0.5012407732864674 0.7866068965517241 0.767585237258348 0.03286896551724138
10 0.49878031634446396 0.8177324137931035 0.7743831282952548 0.02152551724137931
10 0.4985448154657293 0.8433903448275862 0.7692267135325132 0.023166896551724138
10 0.5039367311072056 0.8693268965517241 0.7846959578207382 0.01984
10 0.497841827768014 0.9007779310344828 0.7725096660808436 0.034904827586206895
10 0.5012407732864674 0.9396800000000001 0.767585237258348 0.03359448275862069
13 0.49998242530755715 0.3498262068965517 0.068804920913884 0.02405241379310345
13 0.5052478031634446 0.08293793103448276 0.24578558875219683 0.023837241379310346