7 0.28324428822495606 0.19171036510659153 0.47666080843585235 0.16561136976231317
7 0.7032548330404218 0.19143592256799805 0.30203514938488574 0.10951727517765253
7 0.7067662565905096 0.350869884832149 0.40279086115992974 0.13597402597402597
7 0.27856239015817225 0.347466307277628 0.3923093145869947 0.13406763048272483
7 0.2846151142355009 0.4904239157069346 0.3973848857644991 0.12920362656211712
7 0.7016906854130053 0.4908331291350159 0.3645202108963093 0.1251188434207302
7 0.6985659050966608 0.6238495466797354 0.36295957820738134 0.11834844400882137
7 0.27563444639718804 0.623440333251654 0.29507205623901583 0.09955893163440334
7 0.48769068541300525 0.7273217348689046 0.2411458699472759 0.07698603283508944
7 0.2533743409490334 0.8363832394021073 0.3208471001757469 0.12031364861553541
7 0.7001265377855888 0.8365180102915952 0.36139543057996487 0.12331046312178388
10 0.4867205623901582 0.7565915216858613 0.035342706502636205 0.01300416564567508
10 0.25338488576449913 0.8798064199950992 0.03967311072056239 0.01930164175447194
10 0.7034586994727592 0.8892011761823082 0.047026362038664324 0.02012006861063465
10 0.700530755711775 0.6753099730458221 0.03414059753954306 0.02523646165155599
10 0.28033040421792615 0.6630556236216614 0.04201405975395431 0.01379563832394021
10 0.2826748681898067 0.5440602793432981 0.03263971880492091 0.0175765743690272
10 0.701701230228471 0.5426978681695663 0.03648506151142355 0.018120558686596424
10 0.7018980667838313 0.4051850036755697 0.03921616871704745 0.01753736829208527
10 0.28325834797891036 0.4065474148493016 0.04084007029876977 0.01699338397451605
10 0.2793532513181019 0.26195540308747856 0.03771880492091388 0.018588581230090665
10 0.7026783831282952 0.23527076696888016 0.04078031634446397 0.020759617740749817