14 0.5335571177504393 0.0951800984711065 0.7007838312829525 0.03775848665457372
14 0.4316379613356766 0.15262762373671937 0.5203760984182777 0.040365379632029026
14 0.5337539543057996 0.20619072298522934 0.7035149384885765 0.04037833635656906
14 0.47068892794376094 0.26623218450375746 0.5750439367311072 0.0308940139932625
14 0.4681511423550088 0.31792174138377816 0.5769982425307557 0.028890904379372893
14 0.5319964850615114 0.3644286084477844 0.7257750439367311 0.03379891163513864
14 0.5122776801405976 0.4161181653278051 0.674622144112478 0.042163772998186064
14 0.42109666080843583 0.46708732832339983 0.47585940246045694 0.04045089401399326
14 0.5314094903339192 0.5219461000259135 0.7082038664323375 0.04824047680746307
14 0.5357047451669595 0.5822752008292303 0.7074200351493849 0.04623995853848147
14 0.539609841827768 0.6390023322104171 0.7105448154657293 0.02840373153666753
14 0.5366818980667838 0.6905493651204975 0.7023444639718806 0.04166364343094066
14 0.544688927943761 0.7575019435086809 0.7113251318101933 0.04945581756931847
14 0.4382776801405976 0.8149520601192018 0.4961652021089631 0.0347862140450894
14 0.4753743409490334 0.8618890904379374 0.5750439367311072 0.031920186576833376