17 0.5064288224956063 0.17651527016444793 0.3489279437609842 0.035734795092665105
17 0.48652021089630937 0.20552075176194207 0.14039367311072057 0.017178282432785175
17 0.4900351493848858 0.23003132341425214 0.16616871704745168 0.019216914643696164
17 0.4873005272407733 0.2715113547376664 0.1700738137082601 0.022127381884625423
17 0.4880632688927944 0.32880187940485517 0.6871212653778559 0.03751761942051683
17 0.48532864674868187 0.37796919864265205 0.714456942003515 0.026217697729052466
17 0.49002108963093144 0.46368572174367007 0.5363796133567662 0.039295223179326544
17 0.49196836555360285 0.5150274079874706 0.6808717047451669 0.030605586008874967
17 0.4927662565905097 0.582033411641869 0.2794165202108963 0.03236491777603759
17 0.487676625659051 0.6323623074915166 0.5879297012302285 0.03382928739232576
17 0.4943198594024604 0.7881310362829548 0.5074797891036906 0.0356121117201775
17 0.4964710017574693 0.8365726964239102 0.4110228471001757 0.03504567997911772
17 0.4927627416520211 0.878775776559645 0.3215922671353251 0.030704776820673452
14 0.4859297012302285 0.6520856173322892 0.26809490333919156 0.014111198120595145
14 0.48847100175746927 0.6670242756460454 0.22865026362038665 0.014403549986948577
14 0.48846748681898067 0.6837744714173845 0.3270615114235501 0.018321587052988777
14 0.4873216168717048 0.699582354476638 0.31729701230228474 0.013578700078308536
14 0.4892478031634447 0.7140146175933176 0.37080140597539546 0.01441660140955364
14 0.48945166959578207 0.7295353693552596 0.11578910369068542 0.015870529887757764
14 0.49275922671353256 0.7486791960323675 0.4200035149384886 0.019357870007830853
14 0.4958910369068541 0.5398277212216132 0.2247451669595782 0.015820934481858524
14 0.4908014059753954 0.40175411119812054 0.5801195079086117 0.014622813886713652
14 0.484780316344464 0.41864787261811537 0.25910720562390155 0.019454450535108327
14 0.49022144112478033 0.2483059253458627 0.39852724077328644 0.020960584703732705
23 0.4939261862917399 0.29109109892978335 0.5348154657293497 0.02126337770817019
29 0.487286467486819 0.12154789872096058 0.5543444639718804 0.038911511354737666
28 0.4109595782073814 0.9308457321848082 0.03379261862917399 0.028689637170451577