1 0.18114235500878736 0.16016107736994983 0.25478383128295257 0.09828888302086085
1 0.45924077328646745 0.16147874306839186 0.2696871704745167 0.09696857670979668
1 0.7386608084358522 0.15851069448111962 0.2661335676625659 0.09498811724320043
1 0.1807029876977153 0.2598494850805387 0.2626924428822496 0.09433852653815684
1 0.43903339191564145 0.2601795616583047 0.236298769771529 0.08971745444943227
1 0.720646748681898 0.2657882228677053 0.3074340949033392 0.1114998679693689
1 0.18114235500878736 0.36712965407974646 0.2635711775043937 0.09500924214417746
1 0.45924428822495605 0.35821758648006335 0.25738488576449914 0.09171111697913915
1 0.7294340949033391 0.37504885133350935 0.26525834797891035 0.09500660153155532
1 0.48252724077328646 0.7902719831000793 0.30570826010544816 0.1161050963823607
1 0.7746889279437609 0.7130340639028255 0.20637961335676624 0.25737787166622655
1 0.6516977152899824 0.5011381040401373 0.4438242530755712 0.16102191708476365
1 0.3647908611599297 0.4978373382624769 0.12471704745166959 0.18742540269342486
1 0.17718804920913886 0.4833192500660153 0.2556625659050967 0.09897808291523633
1 0.1402847100175747 0.6905809347768682 0.18537434094903338 0.290369685767098
1 0.4491318101933216 0.6612173224188013 0.4129103690685413 0.13789807235278587
8 0.18993673110720563 0.1997861103776076 0.045659050966608085 0.017784526010034326
8 0.4561757469244288 0.20506733562186427 0.040351493848857646 0.016461579086348033
8 0.7448189806678384 0.19879588064430948 0.03416168717047451 0.017124372854502242
8 0.18510369068541302 0.29945867441246365 0.0395079086115993 0.016440454185371007
8 0.4434340949033392 0.2968180617903353 0.04123022847100176 0.015122788486928967
8 0.7237328646748682 0.3077079482439926 0.03592267135325132 0.01710060734090309
8 0.18598242530755713 0.4073989965672036 0.0395079086115993 0.014470557169263269
8 0.4601300527240773 0.39683654607869023 0.03947275922671353 0.015793504092949565
8 0.7285659050966607 0.4103670451544758 0.029771528998242532 0.01645101663585952
8 0.18246748681898067 0.5130102983892263 0.03423550087873462 0.017087404277792446
8 0.33008435852372586 0.49419857406918405 0.03597539543057996 0.015112226036440453
8 0.6402565905096661 0.5588856614734619 0.057022847100175744 0.01773699498283602
8 0.197402460456942 0.6800448904145762 0.05883655536028119 0.018436757327700025
8 0.4434340949033392 0.7133773435437021 0.06056239015817223 0.019088988645365727
8 0.7048400702987697 0.7064483760232374 0.0561335676625659 0.019751782413519936
8 0.4812161687170474 0.8361526274095591 0.058801405975395425 0.017742276208080273
8 0.49175395430579966 0.8770768418273038 0.2398066783831283 0.020372326379720095