31 0.523725834797891 0.1398876404494382 0.11423550087873462 0.02247191011235955
14 0.5320738137082601 0.18230337078651684 0.7337434094903339 0.039887640449438204
14 0.4929701230228471 0.223876404494382 0.671353251318102 0.024157303370786518
14 0.5131810193321616 0.2556179775280899 0.7082601054481547 0.017977528089887642
14 0.5298769771528998 0.2957865168539326 0.7398945518453427 0.03202247191011236
14 0.5320738137082601 0.3438202247191011 0.7425307557117751 0.03707865168539326
14 0.5355887521968365 0.3907303370786517 0.7460456942003515 0.03651685393258427
14 0.46177504393673113 0.43202247191011234 0.5949033391915641 0.020224719101123594
14 0.37609841827768015 0.4654494382022472 0.4270650263620387 0.01741573033707865
14 0.5369068541300527 0.5676966292134832 0.7416520210896309 0.037640449438202245
14 0.46704745166959577 0.6073033707865169 0.6036906854130053 0.016853932584269662
14 0.5052724077328646 0.6396067415730337 0.6766256590509666 0.01741573033707865
14 0.5369068541300527 0.6803370786516854 0.7451669595782073 0.0348314606741573
14 0.5399824253075571 0.7272471910112359 0.7530755711775043 0.03876404494382023
17 0.5347100175746925 0.5112359550561798 0.25746924428822493 0.03258426966292135
28 0.11775043936731107 0.19719101123595506 0.10193321616871705 0.03707865168539326
28 0.12214411247803164 0.24410112359550562 0.07557117750439367 0.034269662921348316
28 0.13005272407732865 0.2786516853932584 0.07205623901581722 0.033707865168539325
28 0.12873462214411246 0.31685393258426964 0.11159929701230228 0.033707865168539325
28 0.12038664323374342 0.3634831460674157 0.0913884007029877 0.04943820224719101
28 0.12126537785588752 0.41320224719101123 0.10720562390158173 0.03539325842696629
28 0.11862917398945519 0.45308988764044944 0.0913884007029877 0.039887640449438204
28 0.11511423550087874 0.5839887640449438 0.09314586994727592 0.044382022471910115
28 0.1225834797891037 0.6278089887640449 0.0852372583479789 0.034269662921348316
28 0.11862917398945519 0.6654494382022472 0.11599297012302284 0.03876404494382023