6 0.2063268892794376 0.21160409556313994 0.1680140597539543 0.1396692045156209
6 0.38137082601054484 0.2121291677605671 0.14833040421792618 0.13231819375164086
6 0.572231985940246 0.2129167760567078 0.1546572934973638 0.13179312155421372
6 0.7536028119507908 0.21764242583355212 0.15606326889279437 0.1296928327645051
6 0.21441124780316345 0.37805198214754526 0.20808435852372584 0.16277238120241533
6 0.4080843585237258 0.3562614859543187 0.14270650263620388 0.12654239957994223
6 0.5824253075571177 0.3859280651089525 0.1609841827768014 0.13546862693620373
6 0.761335676625659 0.3833027041218168 0.17715289982425309 0.14912050406930952
6 0.19121265377855887 0.5258598057232869 0.14762741652021089 0.11604095563139932
6 0.36731107205623903 0.49041743239695457 0.13989455184534272 0.12076660540824363
6 0.5873462214411248 0.5300603833027041 0.15957820738137082 0.13914413231819375
6 0.7609841827768014 0.5431871882383827 0.14270650263620388 0.12024153321081649
6 0.19894551845342706 0.6524022053032292 0.13919156414762743 0.11604095563139932
6 0.39191564147627417 0.6432134418482541 0.1609841827768014 0.13546862693620373
6 0.5715289982425308 0.6705171961144657 0.13778558875219685 0.111315305854555
6 0.7550087873462215 0.6799684956681543 0.17152899824253076 0.1396692045156209
6 0.20949033391915642 0.7912838015227094 0.16449912126537786 0.14176949330532948
6 0.3936731107205624 0.800735101076398 0.15887521968365553 0.13651877133105803
6 0.5971880492091388 0.8041480703596745 0.18769771528998241 0.15174586505644527
6 0.778207381370826 0.8193751640850617 0.1420035149384886 0.11604095563139932
9 0.20667838312829526 0.26936203728012603 0.028119507908611598 0.014702021527960095
9 0.3785588752196837 0.2677868206878446 0.03163444639718805 0.014702021527960095
9 0.5736379613356766 0.26831189288527174 0.03233743409490334 0.01680231031766868
9 0.7599297012302285 0.27224993436597533 0.02952548330404218 0.014176949330532948
9 0.21616871704745166 0.4499868731950643 0.03163444639718805 0.013651877133105802
9 0.4101933216168717 0.40850616959831976 0.028822495606326888 0.015752165922814386
9 0.5884007029876978 0.44473615122079285 0.03233743409490334 0.015752165922814386
9 0.767311072056239 0.4449986873195064 0.035852372583479786 0.01522709372538724
9 0.1936731107205624 0.5760042005775794 0.03022847100175747 0.013651877133105802
9 0.3715289982425308 0.5410868994486742 0.02601054481546573 0.01522709372538724
9 0.5884007029876978 0.5901811499081123 0.03093145869947276 0.014702021527960095
9 0.7641476274165202 0.5959569440798109 0.02671353251318102 0.014702021527960095
9 0.2007029876977153 0.7025466001575217 0.028822495606326888 0.013651877133105802
9 0.3943760984182777 0.6983460225781045 0.02671353251318102 0.014702021527960095
9 0.5718804920913884 0.7177736938829089 0.03022847100175747 0.015752165922814386
9 0.7602811950790861 0.7385140456812812 0.03163444639718805 0.014176949330532948
9 0.21757469244288224 0.852979784720399 0.03022847100175747 0.016277238120241535
9 0.39402460456942 0.8590181149908113 0.028822495606326888 0.01680231031766868
9 0.5954305799648506 0.8724074560252034 0.02952548330404218 0.016277238120241535
9 0.7859402460456942 0.8687319506432134 0.03093145869947276 0.018377526909950117
31 0.8991212653778559 0.9367288002100289 0.02671353251318102 0.019952743502231557
36 0.45342706502636204 0.5360987135731163 0.06467486818980668 0.06510895248096614