15 0.46836555360281196 0.13443513642891333 0.6707662565905096 0.03191239827668741
15 0.470414762741652 0.17252991862134995 0.670182776801406 0.04108903781713738
15 0.4548927943760984 0.20723551938726664 0.6449912126537786 0.020344662517951174
15 0.46983128295254833 0.2277812350406893 0.6666678383128295 0.018350885591191957
15 0.46895254833040423 0.2555050263283868 0.6695957820738138 0.03231211105792245
15 0.4710017574692443 0.28801579703207275 0.671353251318102 0.029518908568693155
15 0.46836555360281196 0.3163403542364768 0.6684253075571178 0.018350885591191957
15 0.4695360281195079 0.33668501675442797 0.6707662565905096 0.017551460028721877
15 0.470414762741652 0.45077309717568215 0.670182776801406 0.030318334131163235
15 0.47071001757469244 0.48328626136907615 0.6707662565905096 0.02752513164193394
15 0.4712934973637961 0.5231761608425084 0.6742811950790861 0.04188606988989947
15 0.4715887521968366 0.5632671134514121 0.671353251318102 0.028721876495931067
15 0.4727592267135325 0.5967759693633318 0.6725237258347979 0.029518908568693155
15 0.470414762741652 0.6304858784107229 0.670182776801406 0.030715653422690285
15 0.40480492091388404 0.6578099569171852 0.5354411247803164 0.017551460028721877
15 0.4727592267135325 0.6909214935375778 0.6748681898066784 0.04068932503590235
15 0.4710017574692443 0.7312111057922451 0.6736977152899825 0.029518908568693155
15 0.31781019332161686 0.7591359502154141 0.36145166959578207 0.017551460028721877
15 0.4730509666080843 0.7916467209191 0.6766256590509666 0.04188606988989947
15 0.47480843585237253 0.8319363331737674 0.6766256590509666 0.03151507898516036
16 0.4695360281195079 0.4044997606510292 0.19156414762741653 0.022338439444710388