27 0.5189736379613357 0.1002132701421801 0.07051669595782074 0.01749052132701422
15 0.5219824253075571 0.1311872037914692 0.6288189806678384 0.027454976303317537
15 0.5230263620386644 0.15169668246445497 0.6267346221441125 0.012274881516587677
15 0.5242776801405975 0.17592417061611373 0.6292337434094903 0.036841232227488155
15 0.5247978910369069 0.20689810426540284 0.6281933216168717 0.024322274881516587
15 0.5247978910369069 0.2301042654028436 0.6281933216168717 0.02577488151658768
15 0.5234411247803163 0.25145497630331753 0.6275676625659051 0.017895734597156397
15 0.5252126537785589 0.27203317535545024 0.6290263620386642 0.02392417061611374
15 0.5236520210896309 0.2930331753554502 0.6321546572934974 0.016748815165876778
15 0.5233391915641477 0.3070094786729858 0.6294446397188049 0.012386255924170617
15 0.523859402460457 0.32000236966824647 0.6284007029876977 0.014485781990521328
15 0.5232337434094902 0.3343293838862559 0.6313181019332161 0.015040284360189574
15 0.5261511423550088 0.34809478672985783 0.6288189806678384 0.014469194312796209
15 0.5253181019332162 0.3634052132701422 0.627152899824253 0.014180094786729859
15 0.5244850615114236 0.37846445497630327 0.6254833040421792 0.01619905213270142
15 0.5260456942003514 0.3923696682464455 0.6306924428822496 0.013099526066350712
15 0.5266713532513181 0.4070473933649289 0.6277750439367311 0.015199052132701422
15 0.5255254833040421 0.4281848341232228 0.6317363796133567 0.025720379146919433
15 0.5252126537785589 0.45466350710900477 0.6290263620386642 0.026689573459715638
15 0.5253181019332162 0.4794549763033175 0.627152899824253 0.024286729857819905
15 0.5262565905096661 0.4980284360189573 0.6269420035149386 0.013661137440758293
15 0.5270896309314587 0.5167772511848342 0.6286080843585238 0.024466824644549762
15 0.5258383128295255 0.536936018957346 0.6261089630931459 0.015606635071090048
15 0.5257363796133567 0.5580023696682465 0.6279859402460457 0.02402132701421801
15 0.5280281195079086 0.5766872037914692 0.6284007029876977 0.01361611374407583
15 0.5229209138840071 0.5958578199052132 0.6369455184534271 0.022454976303317536
15 0.5235465729349736 0.6161872037914692 0.6340281195079086 0.013936018957345971
15 0.5226080843585237 0.6286872037914691 0.6342355008787347 0.013646919431279622
15 0.5230263620386644 0.6418199052132701 0.6350720562390159 0.013218009478672986
15 0.5234411247803163 0.6555165876777251 0.6359050966608085 0.013912322274881516
15 0.5244850615114236 0.6751777251184834 0.6338207381370826 0.025137440758293838
15 0.5246924428822496 0.7038341232227487 0.6300702987697715 0.026246445497630333
15 0.5257328646748682 0.7258175355450237 0.6363198594024604 0.012609004739336493
15 0.5244850615114236 0.7466042654028436 0.6338207381370826 0.026080568720379147
15 0.5258383128295255 0.7659881516587678 0.6344463971880492 0.014270142180094786
15 0.523859402460457 0.7870568720379147 0.6367381370826011 0.02830568720379147
15 0.5252126537785589 0.8143767772511848 0.6373637961335676 0.02533886255924171
15 0.5256309314586995 0.8421872037914693 0.6381968365553603 0.030379146919431277