24 0.16894551845342706 0.9609333993562763 0.26236203866432334 0.0350358999752414
24 0.46075219683655533 0.9597128001980689 0.09642530755711774 0.02988115870264917
15 0.49487873462214416 0.12488734835355286 0.7057082601054482 0.02472394156969547
15 0.4942882249560633 0.16357514236197077 0.7068892794376098 0.04051002723446398
15 0.4994868189806678 0.20484525872740778 0.7078347978910369 0.023181480564496162
15 0.49688927943760985 0.2421193364694231 0.7073602811950791 0.03780391185937113
15 0.49617926186291744 0.2812280267392919 0.7106678383128295 0.01947511760336717
15 0.49889630931458695 0.311931171081951 0.7090158172231986 0.019291903936617977
15 0.4984217926186292 0.3432978460014855 0.7080702987697716 0.020438227283981182
15 0.5026783831282953 0.37391681109185443 0.7071247803163444 0.021752909135924734
15 0.4973602811950791 0.40615251299826693 0.7083057996485062 0.024634810596682346
15 0.4990158172231986 0.44608814062886853 0.7068892794376098 0.03792522901708344
15 0.5036203866432337 0.4935132458529339 0.7090158172231986 0.04288932904184204
32 0.496481546572935 0.727870760089131 0.07361335676625659 0.07035899975241397