15 0.43315641476274164 0.11855217039633324 0.7573567662565904 0.028827177136694526
15 0.2718910369068541 0.14884335400377458 0.43197539543058 0.02596656780803451
15 0.3150931458699473 0.17804259908331088 0.5212337434094904 0.025292531679698034
15 0.46281546572934973 0.21380156376381773 0.8166748681898067 0.04648692369911027
15 0.48705448154657294 0.2563440280399029 0.8662917398945518 0.03312213534645457
27 0.8484323374340949 0.08935292531679699 0.036309314586994726 0.02949851712051766
17 0.4461476274165202 0.29833647883526554 0.39829173989455186 0.029598274467511457
17 0.47422847100175747 0.3358479374494473 0.6683690685413005 0.02804529522782421
15 0.47293848857644993 0.38958479374494476 0.8397715289982426 0.05457266109463467
15 0.4834903339191564 0.4417497977891615 0.8665799648506152 0.04295227824211378
15 0.46851669595782075 0.4932569425721219 0.8394868189806679 0.05188999730385549
15 0.4782144112478032 0.5597438662712322 0.8588787346221441 0.07109733081693179
15 0.48534270650263617 0.6519304394715557 0.8674340949033391 0.10013480722566728
15 0.4836309314586995 0.748495551361553 0.8640140597539543 0.08542464276085197
15 0.4866256590509666 0.8263629010514963 0.8671493848857645 0.05738473982205446
15 0.4851985940246046 0.8877136694526827 0.87 0.055381504448638444