27 0.9180281195079086 0.04586827956989247 0.04717750439367311 0.016473118279569893
6 0.7964674868189806 0.8531693548387097 0.24585588752196838 0.0914005376344086
6 0.7891950790861161 0.7533521505376344 0.23924428822495605 0.09206451612903226
6 0.5978137082601055 0.8032983870967741 0.1289701230228471 0.17981720430107526
6 0.3097328646748682 0.7956182795698924 0.4152337434094903 0.1401774193548387
6 0.21358523725834797 0.6538924731182796 0.27320210896309316 0.10558602150537634
6 0.505884007029877 0.6582419354838709 0.2959015817223199 0.10012096774193548
6 0.7869455184534271 0.6599623655913979 0.24797539543057998 0.09344623655913979
6 0.5418629173989454 0.5726881720430108 0.1943163444639719 0.07063978494623656
6 0.7233321616871705 0.5291908602150538 0.10223198594024606 0.1495483870967742
6 0.8559929701230229 0.5120994623655913 0.10564850615114235 0.1578521505376344
6 0.5315465729349736 0.4886451612903226 0.26362390158172233 0.08666666666666666
6 0.22760281195079085 0.5340510752688172 0.3276906854130053 0.11070967741935483
6 0.2314376098418278 0.41108870967741934 0.31155360281195077 0.11364247311827957
6 0.23871001757469243 0.28800806451612904 0.3393286467486819 0.12038709677419354
6 0.5749244288224956 0.25756720430107527 0.3059402460456942 0.11818010752688173
6 0.5648717047451669 0.37589247311827956 0.3302811950790861 0.11608870967741935
6 0.8295395430579965 0.30791397849462365 0.15855887521968368 0.23910483870967741
6 0.7713356766256589 0.13014247311827956 0.2961230228471002 0.10611559139784946
6 0.4681898066783831 0.1415725806451613 0.2824182776801406 0.10267204301075268
6 0.28964499121265375 0.12377419354838709 0.0681792618629174 0.09135483870967741
6 0.15936028119507908 0.11578763440860215 0.1806256590509666 0.07335752688172043
6 0.17073462214411247 0.1907258064516129 0.19808084358523725 0.07554032258064516
9 0.31067486818980666 0.842763440860215 0.028231985940246042 0.020005376344086022
9 0.6417293497363796 0.8021075268817205 0.02632688927943761 0.01881720430107527
9 0.7899964850615114 0.789467741935484 0.02392267135325132 0.016599462365591396
9 0.78893848857645 0.8861505376344087 0.021803163444639718 0.015733870967741936
9 0.5056625659050966 0.6964704301075268 0.025852372583479787 0.016586021505376344
9 0.2105694200351494 0.6900940860215053 0.02268541300527241 0.014591397849462366
9 0.7874903339191563 0.6954731182795698 0.0266115992970123 0.016126344086021507
9 0.5374235500878735 0.5960268817204301 0.03308611599297012 0.01710483870967742
9 0.23418980667838313 0.5809623655913978 0.023687170474516697 0.017728494623655916
9 0.5298840070298769 0.5229381720430107 0.040123022847100176 0.016991935483870967
9 0.7568365553602812 0.5294731182795699 0.023599297012302286 0.016220430107526884
9 0.8145272407732864 0.5108736559139785 0.022383128295254833 0.015311827956989248
9 0.7803550087873463 0.3056881720430108 0.02319507908611599 0.016064516129032258
9 0.572 0.302 0.0218207381370826 0.014836021505376343
9 0.5625518453427065 0.4228897849462366 0.023029876977152898 0.015228494623655914
9 0.23278031634446397 0.4514784946236559 0.024892794376098416 0.0158252688172043
9 0.24161687170474516 0.3288655913978495 0.02246397188049209 0.01783064516129032
9 0.1736731107205624 0.219505376344086 0.03936028119507909 0.01282258064516129
9 0.159402460456942 0.1445 0.03735325131810193 0.014094086021505376
9 0.26744112478031634 0.12266129032258065 0.01862565905096661 0.014698924731182795
9 0.3137785588752197 0.12258333333333334 0.01600351493848858 0.013623655913978494
9 0.4701687170474517 0.17868548387096775 0.02321616871704745 0.01574193548387097
9 0.7688822495606327 0.17115322580645162 0.025578207381370826 0.016053763440860215
33 0.31528998242530754 0.8572580645161291 0.07240773286467486 0.05967741935483871