16 0.4071458699472759 0.1929095988824586 0.7838312829525483 0.03458990221512672
15 0.40831985940246046 0.2477888644981042 0.7885166959578207 0.04190780283376572
15 0.25729349736379614 0.28257832767910596 0.4766256590509666 0.021552584314508082
15 0.3409490333919156 0.30652564358411494 0.6481546572934974 0.02394731590500898
15 0.34973637961335674 0.3292755936938735 0.6586994727592267 0.021552584314508082
15 0.38629173989455184 0.3532229095988825 0.7304042179261863 0.02554380363200958
15 0.3694200351493849 0.37697066453801636 0.6952548330404218 0.02354819397325883
15 0.4094903339191564 0.40071841947715026 0.778207381370826 0.02554380363200958
15 0.2748681898066784 0.42526441827978445 0.50896309314587 0.02434643783675913
15 0.4112478031634446 0.45479944122929555 0.7789103690685413 0.03871482737976452
15 0.4101933216168717 0.4965076830971862 0.7824253075571177 0.041508680902015566
24 0.6133567662565905 0.4236679305527839 0.14411247803163443 0.02195170624625823
24 0.8073813708260106 0.35262422670125726 0.10193321616871705 0.027539413290760328
24 0.8024604569420035 0.37577329874276594 0.12161687170474517 0.02434643783675913
24 0.8653778558875219 0.40011973657952504 0.12934973637961336 0.031530632608261826
28 0.40210896309314587 0.1578527240071842 0.1195079086115993 0.018758730792257036