28 0.4612794376098418 0.08820415456779093 0.12037961335676627 0.02190529372347554
15 0.45703690685413007 0.12664954210408755 0.7342284710017575 0.040142952870225596
15 0.46007029876977157 0.1753987044896136 0.7323796133567663 0.05385302658029931
15 0.4604639718804921 0.21820415456779094 0.7358101933216169 0.03389323207505026
15 0.4573005272407733 0.2541389323207505 0.7400281195079087 0.037056064328791605
15 0.45663971880492094 0.29124413669868215 0.7307978910369068 0.03921152557516194
15 0.45980316344463973 0.32579405852133125 0.737128295254833 0.031224033951306678
15 0.4540035149384886 0.3598838507929417 0.7255254833040421 0.04075273620728166
15 0.4571669595782074 0.4133191869555506 0.7318558875219684 0.07054277417913782
15 0.45611247803163446 0.4648402948402949 0.7297434094903339 0.03449408085771722
15 0.45861862917398943 0.5047107438016529 0.7268435852372583 0.04050256868438687
15 0.45703690685413007 0.5462943935671208 0.7342284710017575 0.03987938351574715
15 0.45822144112478036 0.583736877373241 0.7339648506151143 0.036006254188072365
15 0.45874868189806683 0.6205919142282779 0.7350193321616872 0.03598391780209962
15 0.4571669595782074 0.6625932544114362 0.7318558875219684 0.04122626758990395
15 0.45874868189806683 0.7110900156354703 0.7350193321616872 0.04874022783113693
15 0.4509701230228471 0.7754188072369891 0.7273743409490334 0.07416350234532051
15 0.4524217926186292 0.853736877373241 0.7223620386643234 0.07830690194326557