23 0.6323690685413005 0.1920162558993183 0.44849209138840074 0.032110644992134244
17 0.47597539543058 0.23805191400104875 0.2458347978910369 0.02629785002621919
17 0.47793321616871703 0.30724960671211327 0.07635149384885764 0.02310959622443629
23 0.47597539543058 0.2607760880964866 0.2317750439367311 0.019310435238594652
14 0.48317750439367313 0.3426533822758259 0.7640527240773286 0.047884111169375985
14 0.4794692442882249 0.3974278972207656 0.7589771528998243 0.04790246460409019
14 0.4833743409490334 0.451185107498689 0.7480421792618629 0.048791295228106976
14 0.477518453427065 0.5018825380178291 0.7550720562390157 0.048804404824331404
14 0.47693145869947273 0.548791295228107 0.7609314586994728 0.03774514944939696
14 0.4763444639718805 0.6002176192973256 0.7574165202108962 0.05495018353434714
14 0.478298769771529 0.6558678552700576 0.7519472759226713 0.050886208704771896
14 0.47966608084358525 0.7107918196119559 0.7617117750439368 0.05060828526481385
14 0.4825940246045694 0.7697928683796539 0.7511669595782074 0.06198741478762454
14 0.4843514938488577 0.8235474567383325 0.7523374340949034 0.03840325117986366
14 0.4863022847100176 0.8732275825904562 0.7515571177504393 0.05910330361824855