15 0.5122003514938489 0.11391363328057878 0.820970123022847 0.05110784535383224
15 0.5084463971880492 0.17087497173863891 0.8134622144112479 0.04914311553244405
15 0.5093848857644991 0.22964277639611125 0.811585237258348 0.0532127515261135
15 0.514639718804921 0.2979448338231969 0.8220949033391917 0.06910241917250734
15 0.5127627416520211 0.36576757856658376 0.8258488576449912 0.045410354962695
15 0.5152021089630932 0.42586479764865476 0.8119613356766258 0.05454894867736831
15 0.41575395430579964 0.47884467555957494 0.6205764499121266 0.03738186751073932
15 0.43864674868189807 0.5205991408546236 0.6738629173989455 0.038806240108523626
15 0.45365553602811953 0.564765995930364 0.703884007029877 0.03540131132715352
15 0.4688576449912127 0.6118833371015149 0.7155184534270651 0.03306579244856432
15 0.5150123022847101 0.6574971738638933 0.8153391915641476 0.042211168889893735
15 0.5099472759226713 0.7028736151933077 0.8164674868189806 0.03639158941894642
15 0.4213848857644991 0.7499366945512096 0.6543514938488577 0.03877910920189916
15 0.4356449912126538 0.796638028487452 0.6678594024604569 0.03802848745195568
15 0.42888927943760985 0.841410807144472 0.6393391915641476 0.033416233325796976
15 0.5165166959578208 0.8941442459868868 0.8183409490333918 0.049556861858467104