24 0.12056239015817223 0.11039854339469958 0.12620386643233744 0.021923932834311148
24 0.1198031634446397 0.18860004046125833 0.12468189806678384 0.023259154359700586
24 0.11751845342706502 0.231426259356666 0.11555008787346221 0.020859801739834108
24 0.13330755711775044 0.2511410074853328 0.17224253075571178 0.02086587092858588
24 0.12303690685413006 0.35223346146065143 0.11973286467486818 0.02987457009913008
24 0.12360632688927944 0.418935868905523 0.11859402460456941 0.027920291321060085
24 0.13102636203866433 0.4901274529637871 0.1174481546572935 0.036263402791826826
24 0.1293145869947276 0.6490511834918067 0.12087521968365553 0.02425854744082541
24 0.127792618629174 0.6849747117135343 0.1041335676625659 0.025144648998583857
24 0.12512829525483304 0.7363443253085171 0.12620386643233744 0.029320250859801743
10 0.5908506151142355 0.13889743071009508 0.7653919156414762 0.08417762492413514
10 0.5889490333919156 0.1999008699170544 0.7570193321616872 0.04191584058264212
24 0.6175254833040421 0.1700424843212624 0.3876836555360281 0.018828646570908353
24 0.8910333919156413 0.21201699372850497 0.12637961335676626 0.017418571717580416
24 0.8307240773286467 0.2720655472385191 0.0977152899824253 0.016295771798502934
10 0.5909420035149385 0.25114505361116735 0.7542425307557118 0.056405017196034794
10 0.5902003514938489 0.29681974509407244 0.7586924428822496 0.03165891159215052
10 0.5916836555360281 0.3287639085575561 0.7616590509666081 0.03152538943961158
10 0.5921792618629174 0.3606372648189359 0.7626467486818981 0.03210196237102974
10 0.5910650263620386 0.3928666801537528 0.770804920913884 0.03253692089823994
10 0.5900773286467487 0.4317843414930204 0.762896309314587 0.042935464292939506
10 0.5904463971880491 0.46598826623507994 0.7621546572934973 0.03024681367590532
10 0.5894586994727592 0.4951527412502529 0.7601757469244288 0.02882055431923933
10 0.5909420035149385 0.5283066963382561 0.7631423550087874 0.035373255108233866
10 0.4102706502636204 0.5551163261177423 0.40180316344463973 0.01814080517904107
10 0.5926713532513181 0.5806595185110257 0.7695676625659051 0.032518713331984625
10 0.5904463971880491 0.6197916245195226 0.7680843585237258 0.045905320655472384
10 0.591311072056239 0.6600485535100141 0.7624007029876978 0.0342261784341493
10 0.5919297012302285 0.7038761885494639 0.7651177504393674 0.05529637871737811
10 0.5920527240773287 0.7531074246409064 0.7698137082601054 0.044495245802144444
10 0.45624253075571175 0.7831296783329962 0.49671001757469246 0.019174590329759256
10 0.5931669595782073 0.8097390248836739 0.7675922671353252 0.03483512037224357
10 0.592548330404218 0.8431074246409063 0.7737715289982425 0.034133117539955495
27 0.5884956063268892 0.8831499089621687 0.08786643233743409 0.01775642322476229