10 0.5372759226713533 0.14750266240681575 0.6893989455184534 0.05943024494142705
10 0.5332688927943762 0.202209797657082 0.6893989455184534 0.03982428115015975
10 0.5421862917398945 0.2516773162939297 0.6972126537785589 0.04768636847710331
10 0.5363725834797891 0.30433173588924384 0.6976133567662566 0.04674653887113951
10 0.5341687170474517 0.3582002129925453 0.6972126537785589 0.0543024494142705
10 0.5315641476274166 0.42583599574014913 0.6960105448154658 0.06055111821086262
10 0.5294622144112477 0.4880511182108626 0.685792618629174 0.057481363152289675
10 0.5247521968365554 0.5448056443024494 0.6952091388400703 0.0434877529286475
10 0.5311634446397189 0.6031496272630458 0.6952091388400703 0.0615122470713525
10 0.5301616871704745 0.6686581469648563 0.6972126537785589 0.05744142705005325
10 0.522548330404218 0.7230617678381257 0.6980175746924429 0.043298722044728434
10 0.529360281195079 0.7745021299254526 0.695609841827768 0.0460010649627263
10 0.5276590509666081 0.8300718849840255 0.694207381370826 0.05695953141640043