6 0.27548330404217924 0.1322401481089659 0.38400702987697716 0.14678656440095214
6 0.6735500878734623 0.13124834699814864 0.4068541300527241 0.15141496958476594
6 0.29833040421792617 0.28861412324781804 0.42618629173989453 0.16331658291457288
6 0.7003514938488576 0.2806797143612801 0.3655536028119508 0.14083575773604867
6 0.24472759226713534 0.4367230891298598 0.3365553602811951 0.13157894736842105
6 0.5685413005272407 0.41457286432160806 0.29701230228471004 0.11769373181697963
6 0.2666959578207381 0.5782200476064533 0.359402460456942 0.13290134884951071
6 0.5984182776801406 0.5319359957683153 0.29525483304042177 0.11042052367098651
6 0.5874340949033392 0.6628537423961914 0.3312829525483304 0.11835493255752447
6 0.8088752196836555 0.5041655646654324 0.15377855887521968 0.28233271621264217
6 0.2587873462214411 0.7316186194128538 0.3242530755711775 0.12893414440624174
6 0.6946397188049209 0.7729436656969055 0.3189806678383128 0.10446971700608304
6 0.24648506151142355 0.8714625760380852 0.3471001757469244 0.12959534514678656
6 0.6080843585237259 0.8770827823327162 0.34797891036906853 0.11967733403861412
29 0.4789103690685413 0.9560962708278233 0.2601054481546573 0.01983602221634488
9 0.2526362038664323 0.9190690293573128 0.03602811950790861 0.018513620735255223
9 0.6098418277680141 0.9141100238032267 0.03866432337434095 0.02314202591906903
9 0.6920035149384886 0.796416291986247 0.03602811950790861 0.020497222956889712
9 0.2539543057996485 0.7660010579211849 0.033391915641476276 0.017852419994710395
9 0.585676625659051 0.7084765934937847 0.03602811950790861 0.016530018513620737
9 0.2710896309314587 0.624173499074319 0.037785588752196834 0.017191219254165564
9 0.6063268892794376 0.5759058450145464 0.03866432337434095 0.015868817773075906
9 0.8141476274165202 0.5071409679978841 0.03427065026362039 0.018513620735255223
9 0.5738137082601055 0.45688971171647713 0.03690685413005272 0.02115842369743454
9 0.24868189806678384 0.4882967468923565 0.0632688927943761 0.020497222956889712
9 0.2992091388400703 0.3448161861941285 0.03602811950790861 0.019174821475800054
9 0.695079086115993 0.3388653795292251 0.061511423550087874 0.016530018513620737
9 0.2789982425307557 0.18447500661200741 0.037785588752196834 0.02115842369743454
9 0.6735500878734623 0.18447500661200741 0.03251318101933216 0.018513620735255223