1 0.2516203866432338 0.11294594594594594 0.29178207381370824 0.11557297297297298
1 0.5466256590509666 0.10952162162162163 0.26993321616871707 0.11232972972972972
1 0.21001405975395432 0.22197297297297297 0.21560632688927944 0.09208378378378378
1 0.42544112478031637 0.20855135135135136 0.16353251318101933 0.07425135135135136
1 0.6380492091388401 0.20917837837837838 0.21834797891036908 0.09172972972972972
1 0.8213637961335677 0.2987378378378378 0.1348681898066784 0.11582702702702703
1 0.8015536028119509 0.1396972972972973 0.19136379613356763 0.1744837837837838
1 0.20966256590509666 0.31635135135135134 0.21255887521968367 0.08435675675675676
1 0.39907205623901576 0.3037351351351351 0.14126537785588753 0.10238648648648649
1 0.5912829525483304 0.2958972972972973 0.23499824253075574 0.09211891891891891
1 0.6905588752196837 0.38347837837837834 0.22021441124780317 0.08558108108108108
1 0.21001405975395432 0.40285135135135136 0.21560632688927944 0.0771
1 0.446298769771529 0.39753513513513516 0.2380702987697715 0.07187567567567567
1 0.6190650263620386 0.47529459459459455 0.18506502636203867 0.07777837837837837
1 0.8132724077328648 0.5489594594594595 0.1679226713532513 0.26656756756756755
1 0.8513708260105448 0.7590108108108109 0.08235500878734622 0.12606756756756757
1 0.2510333919156415 0.5002351351351351 0.2929560632688928 0.11324054054054054
1 0.4737293497363796 0.5200513513513514 0.138207381370826 0.16008378378378377
1 0.2728330404217926 0.6231351351351351 0.3412407732864675 0.1283081081081081
1 0.20497715289982424 0.822554054054054 0.1938066783831283 0.2549567567567568
1 0.3764499121265378 0.8232756756756756 0.16400702987697716 0.2491891891891892
1 0.5538980667838312 0.8023918918918919 0.20476625659050965 0.09926756756756758
1 0.5631564147627417 0.8956513513513513 0.19749736379613356 0.0857
1 0.704158172231986 0.8517648648648649 0.08800351493848858 0.12591081081081082
1 0.82698769771529 0.8815891891891893 0.1517434094903339 0.12247027027027027
1 0.7139402224154692 0.7158295623467839 0.21282765417324245 0.15421255890064978
1 0.5733052370047746 0.6362011226164915 0.34971243053084045 0.30338075600719266
8 0.49846045694200347 0.9541378378378378 0.1712548330404218 0.02061081081081081
8 0.24846748681898068 0.15858918918918918 0.020569420035149385 0.019394594594594597
8 0.21412653778558877 0.2623891891891892 0.019873462214411247 0.017891891891891894
8 0.21236555360281192 0.3488 0.0233884007029877 0.012256756756756757
8 0.2114305799648506 0.435027027027027 0.02151493848857645 0.017072972972972972
8 0.2554973637961336 0.5452243243243243 0.03463268892794376 0.01574864864864865
8 0.4426748681898067 0.5223378378378378 0.0221792618629174 0.016843243243243242
8 0.4485377855887522 0.42286486486486485 0.019834797891036905 0.012575675675675677
8 0.3633286467486819 0.31906486486486485 0.023363796133567663 0.0184
8 0.41853075571177506 0.23806216216216217 0.04609138840070299 0.016105405405405407
8 0.5951599297012302 0.336272972972973 0.04348330404217926 0.014245945945945946
8 0.8517223198594025 0.29158378378378375 0.019768014059753956 0.01138918918918919
8 0.8394165202108963 0.12236486486486486 0.02328646748681898 0.01904864864864865
8 0.5445272407732865 0.15885675675675676 0.024270650263620387 0.018127027027027027
8 0.6518875219683655 0.2403108108108108 0.04207029876977153 0.015197297297297296
8 0.626804920913884 0.5043513513513513 0.043479789103690686 0.016924324324324325
8 0.7070931458699473 0.4092027027027027 0.023539543057996486 0.014097297297297296
8 0.8662565905096661 0.5477837837837838 0.046488576449912125 0.013656756756756757
8 0.8811423550087873 0.7565405405405405 0.022340949033391917 0.01297027027027027
8 0.6813075571177504 0.7350945945945946 0.018857644991212653 0.01694864864864865
8 0.7031072056239015 0.8535810810810811 0.029637961335676623 0.010572972972972973
8 0.8865342706502637 0.8643918918918919 0.028432337434094904 0.017775675675675676
8 0.5774622144112478 0.9290864864864865 0.03153251318101933 0.013772972972972973
8 0.5779297012302285 0.8324972972972973 0.023093145869947276 0.01527027027027027
8 0.5360878734622144 0.6198513513513513 0.03552548330404218 0.015391891891891893
8 0.3260562390158172 0.8197027027027027 0.03743409490333919 0.014916216216216216
8 0.13946572934973636 0.8283513513513514 0.03934270650263621 0.017794594594594596
8 0.27307908611599296 0.6727432432432433 0.044007029876977154 0.014821621621621622