28 0.10010896309314588 0.3147112389168464 0.078 0.04305295950155763
28 0.08895254833040421 0.5965588305775221 0.08104745166959579 0.04665468487898394
14 0.46341652021089635 0.09207764198418404 0.6398031634446397 0.04724658519051042
14 0.42450263620386647 0.13139707644380544 0.5695817223198594 0.023891684639348192
14 0.46138840070298776 0.16570093457943927 0.6458910369068541 0.03545171339563863
14 0.46278383128295253 0.3172993050563144 0.6410720562390158 0.03440210879463216
14 0.46303690685413 0.3585549964054637 0.6466502636203867 0.035662592858854536
14 0.36581370826010545 0.39320632638389647 0.45980667838312833 0.027174694464414093
14 0.46138840070298776 0.4275101845195303 0.6458910369068541 0.031821231727773784
14 0.4629103690685413 0.49087706685837523 0.6489314586994728 0.08422238197939132
14 0.46088224956063273 0.5538269829858614 0.6448752196836556 0.033798226695422956
14 0.46430579964850616 0.5946105919003115 0.644115992970123 0.03930505631440211
14 0.4649384885764499 0.6539707644380541 0.642847100175747 0.06986101126288041
14 0.46531810193321615 0.7110927390366643 0.6461441124780316 0.03716510903426792
14 0.4644323374340949 0.7510136592379583 0.6418312829525483 0.03748622094416487
14 0.4650650263620386 0.8046705008387252 0.6405659050966609 0.060095854301461776
14 0.4644323374340949 0.8604912532949915 0.6418312829525483 0.04381979391325186
14 0.4309666080843585 0.9035274382937935 0.5749033391915641 0.022710280373831774
17 0.4584745166959578 0.2561202971483345 0.6172407732864674 0.043424394919722026