15 0.32794376098418276 0.11374296435272045 0.34657293497363795 0.014540337711069419
15 0.3806678383128295 0.12640712945590996 0.4548330404217926 0.014540337711069419
15 0.30193321616871704 0.13813320825515948 0.29173989455184535 0.012664165103189493
15 0.3114235500878735 0.15079737335834897 0.31212653778558874 0.01547842401500938
15 0.31915641476274165 0.16322701688555347 0.3289982425307557 0.01594746716697936
15 0.30755711775043937 0.174953095684803 0.3086115992970123 0.0150093808630394
15 0.30720562390158174 0.18691369606003752 0.3093145869947276 0.01547842401500938
15 0.3307557117750439 0.199812382739212 0.356414762741652 0.0150093808630394
15 0.31915641476274165 0.2124765478424015 0.3318101933216169 0.014071294559099437
15 0.31915641476274165 0.224906191369606 0.3304042179261863 0.014540337711069419
15 0.3086115992970123 0.23686679174484052 0.30509666080843584 0.0150093808630394
15 0.38312829525483305 0.24929643527204504 0.4555360281195079 0.014540337711069419
15 0.2924428822495606 0.26149155722326456 0.2755711775043937 0.014540337711069419
15 0.2906854130052724 0.273686679174484 0.2720562390158172 0.013602251407129456
15 0.2991212653778559 0.2851782363977486 0.2889279437609842 0.014071294559099437
15 0.2994727592267135 0.2973733583489681 0.29103690685413003 0.014071294559099437
15 0.30017574692442883 0.3100375234521576 0.28822495606326887 0.014071294559099437
15 0.3054481546572935 0.32176360225140715 0.30298769771529 0.013133208255159476
15 0.3789103690685413 0.3348968105065666 0.44850615114235504 0.01594746716697936
15 0.41546572934973636 0.34709193245778613 0.5230228471001758 0.014071294559099437
15 0.38312829525483305 0.35905253283302063 0.4541300527240773 0.013602251407129456
15 0.3100175746924429 0.3714821763602251 0.3093145869947276 0.0150093808630394
15 0.33005272407732866 0.3839118198874296 0.3493848857644991 0.014540337711069419
15 0.3304042179261863 0.3954033771106942 0.3500878734622144 0.013133208255159476
15 0.3286467486818981 0.4080675422138837 0.34657293497363795 0.014071294559099437
15 0.3957820738137083 0.4200281425891182 0.47943760984182776 0.013602251407129456
15 0.39191564147627417 0.4322232645403377 0.47451669595782076 0.013602251407129456
15 0.3226713532513181 0.4451219512195122 0.3318101933216169 0.014071294559099437
15 0.31036906854130053 0.4570825515947467 0.3114235500878735 0.013602251407129456
15 0.38242530755711773 0.4699812382739212 0.4555360281195079 0.014071294559099437
15 0.3086115992970123 0.48194183864915574 0.3065026362038664 0.013602251407129456
15 0.36766256590509666 0.49437148217636023 0.42601054481546574 0.0150093808630394
15 0.36274165202108966 0.5593339587242027 0.4161687170474517 0.014540337711069419
15 0.2889279437609842 0.5722326454033771 0.2685413005272408 0.013133208255159476
15 0.31072056239015816 0.5846622889305816 0.31212653778558874 0.014540337711069419
15 0.28998242530755713 0.5963883677298312 0.26924428822495605 0.01172607879924953
15 0.2892794376098418 0.6095215759849906 0.26924428822495605 0.014540337711069419
15 0.351493848857645 0.675891181988743 0.3936731107205624 0.014071294559099437
15 0.3216168717047452 0.6880863039399625 0.3339191564147627 0.013133208255159476
15 0.3100175746924429 0.700750469043152 0.31072056239015816 0.013133208255159476
15 0.3413005272407733 0.7127110694183865 0.37469244288224957 0.013602251407129456
15 0.36274165202108966 0.7790806754221389 0.4147627416520211 0.014071294559099437
15 0.29173989455184535 0.7919793621013134 0.2755711775043937 0.013602251407129456
15 0.30052724077328646 0.8044090056285178 0.29173989455184535 0.012195121951219513
15 0.31985940246045697 0.8166041275797373 0.3318101933216169 0.013133208255159476
15 0.28998242530755713 0.8287992495309568 0.27065026362038663 0.012195121951219513
15 0.3110720562390158 0.8414634146341463 0.3170474516695958 0.014071294559099437
15 0.3195079086115993 0.8536585365853658 0.3353251318101933 0.013133208255159476
15 0.3219683655536028 0.8656191369606003 0.33462214411247804 0.012664165103189493
15 0.3216168717047452 0.8782833020637899 0.3339191564147627 0.013602251407129456
15 0.3110720562390158 0.8907129455909943 0.3156414762741652 0.013133208255159476
15 0.32126537785588755 0.9026735459662288 0.33462214411247804 0.013602251407129456
16 0.4973637961335677 0.5323639774859287 0.22847100175746923 0.02626641651031895
16 0.49806678383128294 0.6468105065666041 0.2186291739894552 0.025328330206378986
16 0.49666080843585236 0.750234521575985 0.22706502636203865 0.024859287054409006