6 0.48847100175746927 0.2397260943996087 0.26614059753954306 0.3680386402543409
6 0.756365553602812 0.21525556370750792 0.31139894551845343 0.2180166299828809
6 0.21608084358523727 0.21416727806309613 0.2860984182776802 0.21584250427977503
6 0.21783831282952548 0.4519686965028124 0.3200738137082601 0.2577598434825141
6 0.7653462214411247 0.45142577647346543 0.3371739894551845 0.25993396918561995
6 0.23072407732864675 0.727816091954023 0.35053075571177505 0.2779457079970653
6 0.7579261862917399 0.728901932012717 0.36450966608084356 0.2801198337001712
6 0.49354657293497367 0.7136952800195647 0.2528611599297012 0.4420909757887014
9 0.2135500878734622 0.3111763267302519 0.05842530755711775 0.021826852531181218
9 0.49394376098418274 0.23956468574223527 0.052133567662565904 0.0171851308388359
9 0.7540316344463971 0.31375886524822694 0.05678383128295255 0.018835901198337
9 0.7622319859402461 0.5709880166299829 0.05443936731107205 0.019723648813890927
9 0.7624253075571177 0.8555294693078993 0.061859402460456944 0.018168256297383226
9 0.4984358523725835 0.7109488872584985 0.06814411247803163 0.02247737833211054
9 0.21921265377855886 0.5654169723648813 0.06272056239015818 0.01999266324284666
9 0.22663268892794375 0.8545781364636831 0.06350087873462214 0.02441917339202739
36 0.3195079086115993 0.5629738322328197 0.0710017574692443 0.06065052580092932