1 0.2749138840070299 0.1120585842148088 0.3490052724077328 0.13372389476539193
1 0.20037961335676627 0.2413534038513697 0.19993673110720564 0.10665581773799837
1 0.23840773286467487 0.876935177651207 0.28613356766256587 0.11389205315975048
1 0.7155676625659051 0.889262272850556 0.24650263620386642 0.08767561703281801
1 0.7210158172231986 0.7738513696772444 0.3410720562390158 0.13077298616761596
1 0.5924745166959577 0.09054787089774885 0.24119859402460458 0.09070246813127204
1 0.8190457864936735 0.12169309092773359 0.2159973672597154 0.16668958187556487
1 0.7676930484876836 0.21880985541074638 0.29582485151198445 0.20179989205345794
1 0.47324717209902634 0.22663154884682649 0.39244583362111296 0.19241383009274088
1 0.17363093145869948 0.6855193924599946 0.1844780316344464 0.2667643070246813
1 0.2476161517723858 0.49977701296054344 0.30827782655224345 0.14548363963883942
1 0.3115606326889279 0.7201545972335232 0.11549033391915642 0.1599511798209927
1 0.4702711375695033 0.7920223742906022 0.19963972849837897 0.27276769846333737
1 0.27803831181642713 0.3742925446952057 0.3670940335844116 0.18275201946678288
1 0.6005132392302879 0.3244868592334734 0.32247492741386086 0.152523167460989
1 0.45245870380568676 0.5927712387355528 0.2981371839051166 0.157216146225861
1 0.4975848769239934 0.4707527017830194 0.24236322382437436 0.18068133842442985
1 0.6547660758353175 0.6166273906617254 0.2707573481800546 0.20649288573704028
1 0.8043416960518546 0.6158452026697292 0.21903961421114126 0.17833477444844148
1 0.6486817366675739 0.46918831088031665 0.22208170642745917 0.2010177189801723
1 0.800792459520227 0.4269999485127771 0.16934999329814238 0.2275139048289037
7 0.2760070298769772 0.16466232709519935 0.03949736379613357 0.013154326010306482
7 0.17863268892794376 0.2723542175210198 0.0383128295254833 0.01441551396799566
7 0.26299121265377856 0.4230892324382967 0.020312829525483304 0.01583943585570925
7 0.2320738137082601 0.5412205044751831 0.035564147627416526 0.014184974233794412
7 0.11046397188049209 0.6849118524545701 0.05271353251318102 0.018708977488473014
7 0.346231985940246 0.7139462978030919 0.0429103690685413 0.012009764035801465
7 0.423908611599297 0.7921074043938161 0.02868189806678383 0.016324925413615406
7 0.246804920913884 0.9214347708163818 0.04446748681898067 0.011947382695958773
7 0.7206537785588752 0.9211038784919989 0.04490333919156415 0.01260916734472471
7 0.7211704745166959 0.8241795497694603 0.02880140597539543 0.013062110116625981
7 0.4736660808435852 0.6359831841605641 0.04426010544815466 0.014697586113371304
7 0.5242811950790861 0.49258475725522105 0.04442179261862917 0.01340113913751017
7 0.608207381370826 0.3738947653919175 0.04098066783831283 0.01658529970165446
7 0.49379261862917395 0.26861676159479253 0.038260105448154655 0.016192026037428805
7 0.5918523725834798 0.13007865473284513 0.040815465729349736 0.01404393816110659
7 0.7289876977152899 0.24607268782207756 0.03758875219683656 0.014719283970707894
7 0.8503409490333919 0.4255166802278275 0.04561687170474517 0.014090046107946841
7 0.6917328646748682 0.47810957417954975 0.029884007029876977 0.013531326281529699
7 0.8574481546572935 0.0997640358014646 0.04099121265377856 0.018182804448060755
7 0.8285869947275922 0.6280770273935449 0.04665026362038664 0.016069975589910496
7 0.6957574692442883 0.6334282614591809 0.046499121265377856 0.014876593436398156
20 0.4916274165202109 0.9501437483048548 0.2004042179261863 0.01831027935991321