16 0.5385026362038664 0.13412446120689656 0.29633040421792617 0.03429418103448276
16 0.35078383128295254 0.2043669181034483 0.32073813708260107 0.01781519396551724
16 0.3556590509666081 0.4670177801724138 0.32073813708260107 0.019908405172413796
16 0.30142003514938487 0.7003286637931034 0.20494903339191567 0.021241918103448273
18 0.5163022847100176 0.23010506465517241 0.6468998242530756 0.020711206896551725
18 0.5370228471001757 0.25700431034482757 0.6834657293497364 0.029660560344827586
18 0.5384850615114235 0.29212553879310343 0.6863901581722319 0.025158943965517242
18 0.5384850615114235 0.3216810344827586 0.6863901581722319 0.028211206896551724
18 0.5389736379613357 0.35539870689655173 0.6873637961335677 0.03398168103448276
18 0.5384850615114235 0.38799838362068967 0.6863901581722319 0.030040409482758622
18 0.5382425307557117 0.4181681034482759 0.6907768014059754 0.02497844827586207
18 0.48144112478031637 0.4966675646551724 0.5820562390158173 0.021276939655172415
18 0.5393391915641477 0.52515625 0.6905342706502636 0.03153556034482759
18 0.5383620386643234 0.554765625 0.6885834797891037 0.029092133620689655
18 0.5397047451669595 0.5888577586206897 0.68395079086116 0.028138469827586207
18 0.5433602811950791 0.6213092672413794 0.6863901581722319 0.0313739224137931
18 0.4893673110720562 0.6497036637931034 0.5857117750439367 0.02089709051724138
18 0.5388506151142355 0.7312446120689655 0.6895571177504394 0.03261853448275862
18 0.5382425307557117 0.7630037715517242 0.6810263620386643 0.02139278017241379
18 0.5386080843585237 0.7895312499999999 0.6841968365553602 0.029595905172413794
25 0.5370298769771529 0.8433324353448275 0.5176871704745166 0.017610452586206898