6 0.280323374340949 0.12594438614900316 0.2154059753954306 0.0764218258132214
6 0.5532970123022848 0.12375918153200419 0.23176449912126537 0.07729538300104931
6 0.8329103690685413 0.1221563483735572 0.21454130052724077 0.07583683105981112
6 0.8174833040421792 0.20975603357817418 0.23758523725834796 0.08489769150052466
6 0.8194376098418278 0.30406348373557185 0.23680140597539545 0.08288300104931794
6 0.8297855887521968 0.39414218258132216 0.22703690685413003 0.08815582371458552
6 0.8309560632688928 0.4866972717733473 0.21532161687170476 0.07914218258132213
6 0.82392618629174 0.5831899265477439 0.22938137082601057 0.08325026232948585
6 0.8251001757469244 0.6833263378803778 0.22235149384885766 0.07540661070304303
6 0.7840949033391915 0.7681558237145856 0.25750439367311073 0.07717995802728227
6 0.7497293497363796 0.8483237145855194 0.17472056239015818 0.08711175236096537
6 0.5331915641476275 0.8126180482686254 0.09860105448154656 0.1433656873032529
6 0.30062917398945516 0.7658263378803777 0.26382425307557117 0.07951206715634838
6 0.32056239015817223 0.8449606505771248 0.16340597539543059 0.08225865687303252
6 0.27954305799648504 0.6772035676810073 0.23258699472759228 0.08415005246589716
6 0.5575922671353251 0.6748714585519413 0.2309841827768014 0.08648216159496327
6 0.555444639718805 0.586395592864638 0.24777504393673108 0.08266789087093389
6 0.2689982425307557 0.5840634837355718 0.22556063268892795 0.08150314795383001
6 0.2779789103690686 0.4909260230849948 0.2388365553602812 0.08584994753410283
6 0.5579824253075572 0.4880089192025184 0.2364499121265378 0.08351521511017838
6 0.554274165202109 0.3964742917103882 0.2501195079086116 0.08232423924449107
6 0.5493919156414763 0.30347848898216156 0.2380140597539543 0.08171825813221406
6 0.5470474516695958 0.2148583420776495 0.2286432337434095 0.07935991605456452
6 0.279933216168717 0.2109233997901364 0.20993673110720562 0.07673662119622245
6 0.2748576449912127 0.3053751311647429 0.22790158172231986 0.0837591815320042
6 0.26860808435852374 0.3948688352570829 0.2247768014059754 0.0773688352570829
9 0.2772056239015817 0.1585912906610703 0.045138840070298766 0.01929171038824764
9 0.5470544815465729 0.15436516264428124 0.05525131810193321 0.01958289611752361
9 0.8325272407732864 0.15115687303252887 0.04505448154657294 0.016668415529905563
9 0.8208084358523725 0.24487932843651627 0.04974340949033392 0.01698321091290661
9 0.545103690685413 0.24123557187827913 0.05134622144112479 0.018441762854144804
9 0.277402460456942 0.24167366211962224 0.047873462214411244 0.01756558237145855
9 0.2752548330404218 0.33000262329485835 0.041233743409490334 0.012342602308499475
9 0.545493848857645 0.3323347324239244 0.04744112478031635 0.01700682056663169
9 0.8217855887521969 0.33568730325288565 0.04934973637961336 0.014968520461699896
9 0.8227627416520211 0.42649527806925497 0.053648506151142354 0.0199501573976915
9 0.8354551845342706 0.5174475341028332 0.04388400702987698 0.016474291710388247
9 0.5529138840070299 0.42445435466946485 0.048221441124780315 0.019365162644281217
9 0.27291036906854127 0.4227046169989507 0.045919156414762734 0.019365162644281217
9 0.27623198594024606 0.5133683105981113 0.045528998242530754 0.015309548793284364
9 0.5613110720562391 0.515115424973767 0.04861159929701231 0.018806400839454354
9 0.8192478031634447 0.6126285414480588 0.05130404217926186 0.019708814270724028
9 0.5544745166959578 0.6114637985309549 0.05134622144112479 0.01737670514165792
9 0.2705694200351494 0.6116080797481637 0.045919156414762734 0.01941762854144806
9 0.27662214411247804 0.7047481636935992 0.05099472759226714 0.018567681007345224
9 0.5560386643233743 0.706933368310598 0.04509666080843586 0.014194648478488982
9 0.8251072056239015 0.7076626442812173 0.048963093145869954 0.02089979013641133
9 0.7940597539543057 0.7704853095487934 0.04076625659050967 0.01887722980062959
9 0.7007240773286467 0.8776180482686254 0.04624604569420035 0.025028856243441762
9 0.5349490333919157 0.8082371458551941 0.04978558875219683 0.01917890870933893
9 0.30142003514938487 0.76450944386149 0.04201054481546573 0.01916579223504722
9 0.3754235500878734 0.8763064008394543 0.0470755711775044 0.02065582371458552
27 0.09639718804920915 0.04635886673662119 0.03969771528998242 0.029173662119622242