6 0.20876977152899825 0.1275 0.3075922671353251 0.10225728155339806
6 0.5127275922671354 0.11233252427184466 0.24997539543057995 0.07327184466019418
6 0.8010720562390159 0.11739077669902911 0.2743268892794376 0.09551456310679611
6 0.782207381370826 0.24398300970873787 0.32246748681898063 0.12363106796116505
6 0.49972231985940246 0.24870631067961166 0.12637609841827768 0.18788106796116505
6 0.21332161687170473 0.2478009708737864 0.34792267135325133 0.12048543689320387
6 0.21494903339191562 0.3747111650485437 0.33946572934973634 0.11554126213592232
6 0.4940316344463972 0.44986407766990294 0.1481687170474517 0.19980582524271845
6 0.7815571177504395 0.3701067961165048 0.3328752196836555 0.11306796116504854
6 0.7755395430579964 0.4946747572815534 0.3266959578207381 0.11287864077669903
6 0.7867627416520211 0.6127281553398058 0.265219683655536 0.08348058252427185
6 0.5037855887521968 0.6155364077669904 0.22623198594024604 0.07966262135922329
6 0.2157609841827768 0.5047864077669902 0.3430439367311072 0.11422815533980582
6 0.21706151142355007 0.6222766990291263 0.3378383128295255 0.10392718446601942
6 0.20177855887521967 0.7292014563106796 0.2760421792618629 0.09944417475728155
6 0.5003690685413005 0.7268446601941747 0.2759964850615114 0.09876941747572816
6 0.7963585237258347 0.7203300970873787 0.27465377855887524 0.1019126213592233
6 0.7374797891036907 0.8435533980582525 0.3950087873462214 0.1340728155339806
6 0.2661792618629174 0.8536601941747572 0.29945166959578207 0.10576941747572816
25 0.47159226713532515 0.8501723300970874 0.04864323374340949 0.03275485436893204
9 0.2670017574692443 0.8943155339805825 0.03371177504393673 0.014570388349514563
9 0.7379402460456942 0.9024538834951457 0.02933567662565905 0.016230582524271845
9 0.7935536028119508 0.7602160194174757 0.0321792618629174 0.014385922330097087
9 0.49266783831282956 0.7658786407766991 0.032221441124780315 0.014878640776699028
9 0.20105096660808436 0.7683398058252427 0.03654481546572935 0.011924757281553398
9 0.21174692442882248 0.6634490291262135 0.03226362038664324 0.014851941747572815
9 0.5025307557117751 0.6450631067961164 0.030558875219683656 0.015502427184466018
9 0.7891564147627417 0.6449805825242719 0.03336731107205624 0.01238349514563107
9 0.7709736379613357 0.5418131067961165 0.0355079086115993 0.015803398058252427
9 0.2148365553602812 0.5533033980582525 0.03559226713532514 0.015150485436893204
9 0.21091388400702987 0.42216019417475725 0.03773286467486819 0.012842233009708737
9 0.500274165202109 0.4498179611650485 0.036024604569420034 0.012029126213592234
9 0.7806010544815466 0.41600485436893203 0.03336731107205624 0.015303398058252426
9 0.7816695957820737 0.2939781553398058 0.034080843585237254 0.014490291262135923
9 0.5035992970123023 0.2460461165048544 0.03412302284710018 0.011194174757281553
9 0.21317047451669596 0.29816262135922333 0.03226362038664324 0.01399757281553398
9 0.2069947275922671 0.17317718446601943 0.019905096660808436 0.02104854368932039
9 0.5107311072056239 0.13985436893203884 0.02556414762741652 0.013490291262135922
9 0.7999683655536027 0.15708980582524273 0.03360281195079086 0.012509708737864077
33 0.7413005272407733 0.9092233009708738 0.08506151142355009 0.059223300970873784