14 0.4860281195079086 0.10521768862548438 0.7415325131810193 0.029026669705949398
14 0.2993216168717048 0.12744016412126738 0.35933216168717047 0.013068155915204011
14 0.34369068541300524 0.13940733986779122 0.4603725834797891 0.014205607476635514
14 0.29844288224956067 0.15137223615226808 0.35757469244288226 0.01078413494415318
14 0.29756414762741656 0.16362206519261452 0.35933216168717047 0.01363118304080237
14 0.29756414762741656 0.17615910645087757 0.3628471001757469 0.013626624116708458
14 0.2993216168717048 0.18783906997948482 0.35933216168717047 0.01419421016640073
14 0.2980035149384886 0.19923638021426943 0.3619683655536028 0.013052199680875313
14 0.48910017574692444 0.22060177798039662 0.7459261862917398 0.027291999088215183
14 0.2606608084358524 0.24313198085251878 0.29080140597539544 0.014226122635058125
14 0.2971247803163445 0.2556667426487349 0.3602108963093146 0.01308411214953271
14 0.29448857644991216 0.2673489856393891 0.3602108963093146 0.012511967175746524
14 0.2966854130052724 0.2787440164121267 0.3540597539543058 0.015926601322087987
14 0.2962460456942004 0.2921358559379986 0.3619683655536028 0.014214725324823341
14 0.2971247803163445 0.3046706177342147 0.3566959578207381 0.013072714839297925
14 0.40695254833040423 0.3154980624572601 0.5781089630931459 0.01307043537725097
14 0.48953954305799646 0.3434169136083884 0.7450474516695957 0.04041486209254616
14 0.48954305799648506 0.3761796216093002 0.7432899824253075 0.029580578983359928
14 0.4486854130052724 0.3984020971050832 0.6563057996485062 0.014761796216093004
14 0.48778207381370825 0.4200683838614087 0.7485623901581722 0.02959881467973558
14 0.3388576449912126 0.44200820606336905 0.45246748681898064 0.015349897424207887
14 0.4860281195079086 0.45739229541828125 0.7450474516695957 0.01420788693868247
14 0.47724077328646747 0.47306131752906316 0.7222038664323375 0.015912924549806248
14 0.34676625659050964 0.48958513790745384 0.4577363796133568 0.015908365625712333
14 0.48778558875219685 0.5092432186004103 0.7432899824253075 0.027870982448142238
14 0.4710896309314587 0.5320515158422613 0.7116590509666081 0.01763847731935263
14 0.48690685413005275 0.5528470480966492 0.7432899824253075 0.02845908365625712
14 0.42891739894551845 0.5747845908365625 0.627311072056239 0.018769090494643266
14 0.48778207381370825 0.5984317301116937 0.7520773286467486 0.03072714839297926
14 0.3928927943760984 0.6200843400957374 0.5482355008787346 0.014768634602233875
14 0.32040773286467483 0.6354707089126966 0.4102917398945518 0.014766355140186916
14 0.48163444639718805 0.6494301344882608 0.7555922671353251 0.01989058582174607
14 0.4820738137082601 0.6716526099840437 0.754713532513181 0.030141326646911326
14 0.3603831282952548 0.6941736950079781 0.5043057996485062 0.015922042397994073
14 0.4649384885764499 0.7084180533394119 0.718688927943761 0.019336676544335536
14 0.47987697715289984 0.7309254615910645 0.7555887521968366 0.02901755185776157
14 0.481195079086116 0.7505835422840209 0.7476836555360281 0.01932755869614771
14 0.40168014059753954 0.767677228174151 0.5886537785588752 0.015906086163665376
14 0.40431634446397186 0.782493731479371 0.5921687170474517 0.015901527239571462
14 0.42276625659050965 0.797877820834283 0.6466432337434095 0.01703897880100296
14 0.28130755711775046 0.8144016412126739 0.3584569420035149 0.01589468885343059
14 0.4368224956063269 0.828363346250285 0.678274165202109 0.016459995441075903
14 0.44956414762741653 0.8434625028493276 0.6949666080843585 0.01816731251424664
14 0.48383128295254835 0.865397766127194 0.7529560632688928 0.031267380898108044
14 0.3999226713532513 0.8870526555732847 0.5991985940246046 0.01758832915431958
31 0.47901933216168713 0.9201002963300661 0.08603866432337434 0.01758149076817871