35 0.45342706502636204 0.08134228187919464 0.0984182776801406 0.01825503355704698
31 0.0757469244288225 0.9479194630872483 0.026362038664323375 0.016107382550335572
14 0.5121265377855887 0.11624161073825504 0.795079086115993 0.03275167785234899
14 0.5117750439367311 0.15758389261744968 0.7943760984182777 0.033825503355704695
14 0.5124780316344464 0.20483221476510066 0.7957820738137082 0.04456375838926174
14 0.513884007029877 0.25771812080536916 0.7887521968365554 0.045100671140939595
14 0.5159929701230228 0.312751677852349 0.7887521968365554 0.04671140939597315
14 0.5149384885764499 0.36161073825503354 0.78804920913884 0.03275167785234899
14 0.5110720562390159 0.4077852348993289 0.7971880492091389 0.04778523489932886
14 0.5114235500878734 0.4625503355704698 0.7978910369068541 0.04778523489932886
14 0.5124780316344464 0.5242953020134228 0.7985940246045694 0.060671140939597315
14 0.5149384885764499 0.585503355704698 0.7894551845342707 0.04885906040268456
14 0.5131810193321616 0.6322147651006711 0.7873462214411248 0.03167785234899329
14 0.5099964850615114 0.6791946308724832 0.796439367311072 0.0461744966442953
14 0.5096203866432337 0.7412080536912752 0.7985940246045694 0.060671140939597315
14 0.5141898066783831 0.8029530201342282 0.7894551845342707 0.04778523489932886
14 0.5134868189806678 0.8625503355704698 0.78804920913884 0.058523489932885905
14 0.5134868189806678 0.9175838926174497 0.7894551845342707 0.032214765100671144