27 0.5464288224956063 0.16241813004271474 0.09149736379613357 0.018787375415282394
10 0.541676625659051 0.20102278120550546 0.5975536028119508 0.03295918367346939
10 0.5455641476274166 0.23277408637873753 0.6033040421792619 0.030683436165163742
10 0.5467486818980668 0.27160892263882297 0.599585237258348 0.04531324157570005
10 0.5442108963093146 0.3099833887043189 0.5965413005272407 0.03161841480778358
10 0.5472583479789104 0.34870194589463693 0.6026291739894551 0.044651162790697675
10 0.549286467486819 0.38764831514000947 0.5985694200351495 0.030726150925486473
10 0.5469173989455185 0.41962743236829614 0.5978910369068541 0.03439012814428097
10 0.5499648506151142 0.45195064072140484 0.5999226713532513 0.03188656858092074
10 0.5491177504393673 0.4811794019933555 0.6002601054481547 0.030047460844803038
10 0.5053145869947275 0.5055054579971523 0.5065659050966609 0.019774560987185573
10 0.5526678383128295 0.530405790223066 0.5972161687170474 0.02663502610346464
10 0.4422319859402461 0.5532463217845278 0.38242882249560634 0.01933080208827717
10 0.5557117750439368 0.5765472235405791 0.6073637961335677 0.03304461319411486
10 0.5552056239015817 0.6153796867584244 0.6083760984182777 0.04493355481727575
10 0.5533462214411248 0.6535263407688657 0.6026256590509667 0.03352159468438538
10 0.5521616871704745 0.6865353583293783 0.6022882249560633 0.02964641670621737
10 0.5535149384885765 0.7186283815851923 0.6009349736379613 0.03216896060749881
10 0.5546994727592267 0.7508376839107737 0.6012724077328646 0.030806834361651637
10 0.5594340949033392 0.7854437588989084 0.5985659050966609 0.03561224489795918