32 0.4910474516695958 0.22496505376344086 0.791237258347979 0.2988602150537634
17 0.49043233743409487 0.4349166666666667 0.12429173989455185 0.02411021505376344
14 0.48899824253075574 0.4687204301075269 0.756481546572935 0.03204569892473118
14 0.4891072056239016 0.5055913978494624 0.7632021089630932 0.031193548387096776
14 0.4897574692442882 0.5466397849462366 0.7601687170474516 0.045325268817204306
14 0.4888892794376099 0.5882365591397849 0.7584323374340948 0.032379032258064516
14 0.4894305799648506 0.6313548387096773 0.7573497363796133 0.04899731182795699
14 0.47469595782073815 0.6682311827956989 0.7278769771528998 0.021631720430107526
14 0.4888892794376099 0.6997150537634409 0.7584323374340948 0.03155645161290323
14 0.4885659050966608 0.7360887096774194 0.7556168717047451 0.033026881720430105
14 0.4891072056239016 0.7784274193548387 0.754530755711775 0.04642741935483871
14 0.4750193321616872 0.8200241935483871 0.72202460456942 0.033478494623655916
14 0.45725131810193326 0.8506021505376343 0.6951528998242531 0.02003763440860215
14 0.49181370826010545 0.8812580645161291 0.7577820738137082 0.03161827956989247
14 0.4927908611599297 0.9160564516129033 0.7575641476274165 0.03491397849462365
22 0.506896309314587 0.055817204301075264 0.278597539543058 0.028422043010752688