14 0.5127029876977153 0.13551870938830385 0.7938137082601054 0.02622227201434013
14 0.5133040421792618 0.16239749047725743 0.7898734622144112 0.0253820300246471
14 0.5137293497363796 0.18079318843827022 0.7890193321616873 0.013036074389424154
14 0.5136449912126537 0.1943289267308985 0.7905588752196836 0.013900963477481515
14 0.5143304042179262 0.21348644409589962 0.7919297012302284 0.02709836432892673
14 0.5129595782073814 0.24118082007618197 0.7891880492091388 0.02898498767645082
14 0.5133040421792618 0.26787362760475014 0.7898734622144112 0.024494734483531254
14 0.5136449912126537 0.2932534169840914 0.7905588752196836 0.02611696168496527
14 0.5136449912126537 0.3201613264620211 0.7905588752196836 0.026428411382478156
14 0.5137293497363796 0.3467667488236612 0.7890193321616873 0.026132646202106206
14 0.5155289982425307 0.37291059825229667 0.7909033391915641 0.02710060497423258
14 0.5146713532513181 0.3987295541115841 0.7926151142355008 0.025229666143849427
14 0.5170720562390158 0.4179677347075958 0.7905588752196836 0.013477481514676226
14 0.5156168717047452 0.4386511315258795 0.7893602811950791 0.025364104862200313
14 0.5163866432337434 0.46542012099484653 0.7891880492091388 0.026486668160430202
14 0.5155289982425307 0.4916737620434686 0.78404920913884 0.02548958099932781
14 0.5149314586994728 0.517241765628501 0.7811388400702988 0.026394801702890432
14 0.5173286467486818 0.5427313466278288 0.785933216168717 0.026051982971095674
14 0.5151880492091389 0.5691485547837778 0.7833637961335677 0.026475464933900964
14 0.5150158172231986 0.5959489132870266 0.7864499121265377 0.028751960564642614
14 0.5156168717047452 0.6220927627156622 0.7893602811950791 0.025352901635671075
14 0.5153567662565905 0.6474210172529689 0.7871353251318102 0.023591754425274482
14 0.5157855887521968 0.6722003136903428 0.7862776801405975 0.027288819179923818
14 0.5149314586994728 0.698937934125028 0.7811388400702988 0.027257450145641945
14 0.5149314586994728 0.7256285010082903 0.7811388400702988 0.0271342146538203
14 0.5145869947275923 0.7516625588169393 0.7804534270650263 0.025700201658077525
14 0.5139894551845342 0.7782993502128613 0.7843936731107205 0.026558368810217343
14 0.5137328646748681 0.8036253641048622 0.7821652021089631 0.02479722159982075
14 0.5139894551845342 0.8289513779968631 0.7843936731107205 0.027400851445216225
14 0.5145869947275923 0.8556419448801255 0.7804534270650263 0.027277615953394577
14 0.5154446397188049 0.8840779744566435 0.7855922671353253 0.03064530584808425