15 0.5005272407732865 0.36767363800671315 0.7015817223198594 0.033049315775884325
15 0.5008787346221442 0.40975987606506586 0.698066783831283 0.032532920216886134
15 0.5005272407732865 0.45546088303640586 0.7057996485061512 0.03408210689388071
15 0.4358523725834798 0.4949651432997676 0.5792618629173989 0.021172217918925897
15 0.38945518453427064 0.5290472501936483 0.46537785588752195 0.022205009036922282
15 0.39332161687170475 0.5608055770720372 0.487170474516696 0.023754195713916862
7 0.1796133567662566 0.22824683707720114 0.1342706502636204 0.20449264136328427
7 0.329701230228471 0.2313452104311903 0.10404217926186292 0.18590240123934934
7 0.481195079086116 0.22824683707720114 0.0977152899824253 0.15078750322747225
7 0.6365553602811951 0.22669765040020656 0.1272407732864675 0.19416473018332042
7 0.7978910369068541 0.2246320681642138 0.1265377855887522 0.20449264136328427
7 0.20667838312829526 0.7441260005163955 0.21511423550087874 0.3026077975729409
7 0.41898066783831284 0.7433514071778983 0.15043936731107205 0.27627162406403305
7 0.5957820738137083 0.7418022205009037 0.10052724077328647 0.23186160599018849
7 0.7922671353251318 0.7446423960753937 0.21370826010544816 0.30570617092693003
10 0.7845342706502636 0.7451587916343919 0.03936731107205624 0.022721404595920477
10 0.5961335676625659 0.7443841982958946 0.02671353251318102 0.01600826232894397
10 0.42144112478031637 0.7443841982958946 0.02460456942003515 0.018073844564936742
10 0.21933216168717048 0.7451587916343919 0.02390158172231986 0.017557449005938548
10 0.19332161687170474 0.22979602375419572 0.028119507908611598 0.023754195713916862
10 0.3592267135325132 0.22850503485670023 0.02671353251318102 0.01600826232894397
10 0.5072056239015817 0.22850503485670023 0.02038664323374341 0.01600826232894397
10 0.6551845342706503 0.22876323263619933 0.02952548330404218 0.014459075651949394
10 0.8045694200351494 0.22979602375419572 0.028822495606326888 0.016524657887942162