17 0.36506151142355003 0.10707252514557966 0.3989349736379613 0.017689253573319217
17 0.45194376098418276 0.20281630492323982 0.5656731107205624 0.020362625727898362
17 0.3053145869947276 0.331209634727369 0.27475922671353253 0.021278454208575968
17 0.28950087873462216 0.4485706723133933 0.24547275922671352 0.02307570142932769
17 0.29848154657293496 0.5335786130227633 0.25874868189806677 0.02015881418740074
17 0.30590158172231985 0.7407993647432504 0.2876449912126538 0.01992059290629963
14 0.46092442882249557 0.1303123345685548 0.6633040421792619 0.021813128639491794
14 0.4560421792618629 0.1614902064584436 0.6558840070298769 0.02770513499205929
14 0.4581898066783831 0.22634727368978294 0.6672091388400703 0.021545791424033883
14 0.4542847100175747 0.2572313393329804 0.6593989455184535 0.019788247750132347
14 0.4511599297012302 0.28605876124933827 0.6672091388400703 0.024502382212811008
14 0.4583831282952548 0.3613578613022764 0.6605694200351494 0.03040497617787189
14 0.46092442882249557 0.40533350979354155 0.6726748681898067 0.0460084700899947
14 0.4570158172231986 0.48945738485971413 0.683609841827768 0.04838274219163578
14 0.45565202108963093 0.5579910005293807 0.6597891036906853 0.016045526733721546
14 0.4577996485061512 0.6015272631021705 0.6664288224956063 0.05017734250926416
14 0.4558453427065027 0.6487347803070408 0.6672091388400703 0.03695606140815246
14 0.4577996485061512 0.6922683959767072 0.6664288224956063 0.03931974589730016
14 0.45799297012302287 0.7806564319745898 0.6644745166959578 0.04846214928533616
14 0.45799297012302287 0.8280121757543674 0.6597891036906853 0.033769190047644254
14 0.45701933216168716 0.8709581789306512 0.6601792618629174 0.03848597141344627