2 0.15850966608084358 0.37559339795651037 0.18865026362038664 0.2777050039297878
2 0.3208646748681898 0.36754781241812945 0.10542003514938489 0.16063924548074404
2 0.4435149384885764 0.3652790149331936 0.1026115992970123 0.16971705527901493
2 0.571493848857645 0.3631988472622478 0.11350087873462215 0.18144092219020172
2 0.6951599297012302 0.3626303379617501 0.09445694200351494 0.1689599161645271
2 0.8148927943760984 0.3660361540476815 0.11168717047451669 0.17803772596279802
5 0.46139543057996485 0.5126853549908306 0.20382425307557117 0.027731202515064186
5 0.15471001757469244 0.37198061304689545 0.02883304042179262 0.01180770238407126
5 0.3173145869947276 0.36791459261199894 0.03743409490333919 0.011616452711553578
5 0.4451669595782074 0.36602567461357083 0.031328646748681896 0.01917998428084883
5 0.5730193321616872 0.366497249148546 0.037395430579964854 0.012184962012051348
5 0.6941476274165201 0.3629997380141472 0.037630931458699474 0.013128111082001572
5 0.8128681898066784 0.36602567461357083 0.03456942003514938 0.012373591826041393
11 0.4631528998242531 0.16445113963845953 0.6974727592267135 0.12884464238931098
10 0.46137434094903335 0.5610846214304427 0.7548049209138841 0.054189153785695575
10 0.4616274165202109 0.7109641079381713 0.7522671353251318 0.24162955200419176
10 0.4609947275922671 0.8653628504060781 0.7464323374340949 0.04555671993712339