6 0.5168752196836556 0.14205139765554553 0.2390615114235501 0.031350315599639314
10 0.5157715289982425 0.18983092876465285 0.7926291739894552 0.041271415689810645
10 0.5173954305799648 0.2327547339945897 0.7922671353251318 0.036850766456266906
10 0.518115992970123 0.27718440036068526 0.7937117750439368 0.03312443642921551
10 0.5164920913884007 0.31513074842200184 0.79407381370826 0.034952660054102795
10 0.5083725834797891 0.3541208295761948 0.781444639718805 0.027294860234445446
10 0.5118031634446397 0.393690261496844 0.7774727592267134 0.027734445446348063
10 0.5190193321616872 0.436726780883679 0.7919050966608083 0.03974301172227232
10 0.3809982425307557 0.48578449053201084 0.5194762741652021 0.0267560865644725
10 0.4446854130052724 0.5318282236248874 0.6721124780316344 0.04015103697024346
10 0.4210509666080844 0.5842403065825068 0.6212337434094903 0.031559963931469794
16 0.5204850615114235 0.9207844905320108 0.21740949033391915 0.01953336339044184