28 0.4485588752196837 0.10706242905788876 0.1017891036906854 0.020456299659477865
15 0.4464428822495607 0.13115323496027242 0.6980527240773287 0.021446083995459705
15 0.4472056239015817 0.17429511918274687 0.6995746924428823 0.06791600454029512
15 0.3975500878734622 0.2195209988649262 0.6116836555360281 0.01975028376844495
15 0.41353251318101936 0.23746424517593642 0.6299437609841828 0.017296254256526675
15 0.4462530755711775 0.2588490351872872 0.6953884007029877 0.03057434733257662
15 0.42380316344463975 0.28562315550510786 0.6550579964850616 0.022186152099886492
15 0.44397188049209135 0.31143246311010214 0.6999543057996485 0.03251532349602724
15 0.44758523725834803 0.3427741203178207 0.7048998242530756 0.0347377979568672
15 0.4432091388400703 0.37792508513053347 0.6984323374340949 0.037205448354143016
15 0.33819683655536026 0.4043473325766175 0.49753954305799647 0.017793416572077184
15 0.38195079086115996 0.4220454029511918 0.5667838312829525 0.01779795686719637
15 0.3427627416520211 0.4375300794551646 0.5066713532513181 0.019275822928490352
15 0.32316695957820735 0.4547377979568672 0.45606326889279436 0.018297389330306467
15 0.3066151142355009 0.4719432463110102 0.4115465729349736 0.01731895573212259
15 0.37301230228471005 0.48878093076049944 0.5511845342706502 0.020027241770715097
15 0.3326783831282953 0.5040227014755959 0.47508963093145873 0.01806583427922815
15 0.371676625659051 0.5230715096481271 0.5477609841827769 0.019298524404086265
15 0.45310369068541295 0.5491282633371168 0.6999543057996485 0.03307150964812713
15 0.4477750439367311 0.5818206583427923 0.6938664323374341 0.033573212258796815
15 0.4468224956063269 0.6324585698070374 0.6988119507908611 0.06701475595913735
15 0.44511072056239015 0.6914528944381385 0.6976695957820738 0.05228376844494892
15 0.4447311072056239 0.7406129398410897 0.6969103690685413 0.050329171396140744
15 0.4453040421792619 0.7828898978433598 0.695768014059754 0.03460839954597048
15 0.44606326889279435 0.8109125993189558 0.6927240773286467 0.022817253121452895