17 0.5330158172231986 0.6970090046239962 0.4921792618629174 0.02919931856899489
14 0.5592618629173989 0.15324896568508153 0.7729912126537785 0.04354344122657581
14 0.5371880492091389 0.19870528109028962 0.8201792618629173 0.04434655633974203
14 0.556597539543058 0.24798247748844002 0.772231985940246 0.044886833779508396
14 0.553933216168717 0.28632270625456313 0.7760351493848858 0.031457775614504746
14 0.5577398945518454 0.3358651740082745 0.7745131810193321 0.057824288147967876
14 0.5558347978910368 0.4038525188610368 0.7844077328646748 0.07681431005110732
14 0.5558347978910368 0.46854222438549525 0.7707065026362038 0.043365782428814795
14 0.5379507908611599 0.5157118520321246 0.8125659050966608 0.046013628620102213
14 0.5535536028119508 0.5717108785592602 0.7844077328646748 0.06157702604039913
14 0.5371880492091389 0.6282331467510343 0.815609841827768 0.043409588707714775
14 0.5569771528998242 0.7444220004867365 0.7775571177504395 0.06079094670236067
14 0.5518383128295254 0.8108298856169384 0.7832653778558875 0.06080798247748844
14 0.5562179261862917 0.8751277683134583 0.7669033391915642 0.06609637381357994