30 0.47831282952548326 0.09300442913385827 0.07242530755711775 0.021419783464566928
28 0.4771493848857645 0.9370349409448819 0.05603514938488576 0.02312746062992126
15 0.480597539543058 0.13157726377952755 0.8034130052724078 0.03458907480314961
15 0.4776695957820738 0.16275344488188975 0.8022425307557118 0.03132627952755906
15 0.4811845342706503 0.18448080708661418 0.8045834797891037 0.015725885826771653
15 0.4770826010544815 0.20702509842519687 0.8057574692442883 0.03456938976377953
15 0.4776695957820738 0.23861220472440944 0.8069279437609842 0.032125984251968505
15 0.4764956063268893 0.2677239173228346 0.8069279437609842 0.032933070866141737
15 0.47942706502636206 0.29970472440944884 0.8057574692442883 0.03291584645669292
15 0.4811845342706503 0.3304699803149606 0.8045834797891037 0.0321136811023622
15 0.47942706502636206 0.3612081692913386 0.8057574692442883 0.03289124015748031
15 0.47942706502636206 0.39156496062992124 0.8057574692442883 0.032908464566929134
15 0.480597539543058 0.42233021653543307 0.8080984182776801 0.03210629921259842
15 0.47942706502636206 0.4538779527559055 0.8057574692442883 0.032864173228346456
15 0.4800105448154658 0.49203001968503934 0.8022425307557118 0.048474409448818895
15 0.47942706502636206 0.5301771653543307 0.8057574692442883 0.03454724409448819
15 0.47942706502636206 0.567915846456693 0.8104428822495606 0.04768700787401575
15 0.47942706502636206 0.614242125984252 0.8057574692442883 0.048474409448818895
15 0.4782530755711775 0.6519808070866142 0.8034130052724078 0.03208661417322835
15 0.480597539543058 0.6827460629921259 0.8034130052724078 0.03292568897637795
15 0.4782530755711775 0.712283464566929 0.8057574692442883 0.03294291338582677
15 0.4800105448154658 0.743048720472441 0.8022425307557118 0.033781988188976375
15 0.47942706502636206 0.7750467519685039 0.8034130052724078 0.0337992125984252
15 0.480597539543058 0.804128937007874 0.8034130052724078 0.03291092519685039
15 0.480597539543058 0.836126968503937 0.8034130052724078 0.03292814960629921
15 0.47884007029876974 0.8660728346456692 0.8022425307557118 0.032125984251968505
15 0.4811845342706503 0.8988902559055119 0.8022425307557118 0.03378444881889764