25 0.7212653778558875 0.8904538341158059 0.09420035149384885 0.018779342723004695
23 0.4681898066783831 0.14267083985393844 0.6945518453427065 0.04121022430881586
23 0.4695957820738137 0.19953051643192488 0.7001757469244289 0.06207616066770996
23 0.4685413005272408 0.28821074595722485 0.7008787346221441 0.10276473656755347
23 0.4717047451669596 0.3763693270735524 0.6973637961335677 0.06207616066770996
23 0.470298769771529 0.44340114762649974 0.6945518453427065 0.06259780907668232
23 0.4695957820738137 0.5028690662493479 0.7001757469244289 0.047991653625456446
23 0.470298769771529 0.5897235263432447 0.7015817223198594 0.11319770474700053
23 0.4717047451669596 0.6904016692749088 0.6973637961335677 0.07250912884715702
23 0.4699472759226713 0.7503912363067292 0.7008787346221441 0.03286384976525822
23 0.47240773286467486 0.8234220135628586 0.70298769771529 0.09963484611371935