15 0.524572934973638 0.07638580931263858 0.8140351493848857 0.022471051983247104
15 0.5235957820738137 0.10225671347622567 0.8144253075571177 0.020014781966001476
15 0.5206678383128295 0.1382606553338261 0.8249701230228471 0.037819660014781965
15 0.5298453427065026 0.17960088691796008 0.8316063268892795 0.031808327174180834
15 0.524572934973638 0.21820399113082042 0.8187205623901582 0.04003202759300321
15 0.5276977152899824 0.25872135994087214 0.820281195079086 0.03566149297856615
15 0.5255465729349736 0.2926706085242671 0.8230158172231986 0.02472037447647204
15 0.5276977152899824 0.32100517368810055 0.820281195079086 0.020620842572062086
15 0.5235957820738137 0.35509238728750925 0.8191107205623901 0.034592264104459224
15 0.5243760984182777 0.38766937669376694 0.8253602811950791 0.020914018231091402
15 0.5232056239015818 0.41545947277654593 0.8230158172231986 0.022288741069228873
15 0.5216414762741651 0.48048041389504803 0.83395079086116 0.02258191672825819
15 0.5267205623901582 0.5085439763488544 0.8347311072056239 0.024506035969450602
15 0.5276977152899824 0.5368785415126879 0.8249666080843586 0.0236930278393693
15 0.5278910369068541 0.5697339246119735 0.8230158172231986 0.036841586597684155
15 0.5306256590509666 0.609430894308943 0.8237961335676625 0.04068489775806849
15 0.5257434094903339 0.6439270756343927 0.8210650263620386 0.024269524513426954
15 0.5271107205623902 0.680339985218034 0.8214551845342707 0.03796747967479675
15 0.5284780316344464 0.7204483863020449 0.8218453427065027 0.031133284060113328
15 0.5261335676625659 0.7513845774821384 0.8218453427065027 0.02402315841340232
15 0.5275008787346221 0.8121630943582163 0.8316063268892795 0.037181571815718156
15 0.5286713532513181 0.8503547671840355 0.8292653778558876 0.023229859571322987
15 0.5278910369068541 0.8845774821384578 0.8230158172231986 0.0391180093619118
32 0.5326045694200352 0.929480167528948 0.09665026362038666 0.06322246858832224
17 0.4964745166959578 0.7788987435328899 0.3313567662565905 0.02156688839615669
17 0.5946854130052724 0.45474747474747473 0.42233391915641477 0.02695491500369549