25 0.46924428822495606 0.9625994694960213 0.24253075571177504 0.02440318302387268
10 0.24077328646748683 0.1870026525198939 0.03690685413005272 0.017241379310344827
10 0.6858523725834798 0.19694960212201593 0.03602811950790861 0.01856763925729443
10 0.21133567662565905 0.3183023872679045 0.03427065026362039 0.014588859416445624
10 0.5360281195079086 0.3670424403183024 0.061511423550087874 0.013925729442970823
10 0.7390158172231986 0.3073607427055703 0.03866432337434095 0.016578249336870028
10 0.163884007029877 0.4217506631299735 0.02899824253075571 0.013262599469496022
10 0.4819859402460457 0.508289124668435 0.04130052724077329 0.016578249336870028
10 0.757908611599297 0.48673740053050396 0.037785588752196834 0.017241379310344827
10 0.2631810193321617 0.6545092838196287 0.03427065026362039 0.017241379310344827
10 0.6775043936731108 0.6727453580901857 0.03163444639718805 0.016578249336870028
10 0.2508787346221441 0.8395225464190982 0.03251318101933216 0.01856763925729443
10 0.5738137082601055 0.8166445623342176 0.03690685413005272 0.015251989389920425
7 0.26079437609841827 0.1500557029177719 0.36849209138840067 0.21110344827586208
7 0.6704463971880492 0.15860212201591511 0.4051388400702987 0.20697877984084878
7 0.770231985940246 0.2944854111405836 0.19931810193321614 0.153368700265252
7 0.766523725834798 0.4871193633952255 0.19424253075571177 0.21856498673740055
7 0.5361124780316344 0.3267586206896552 0.26300878734622146 0.102973474801061
7 0.22798945518453426 0.2966976127320955 0.33100527240773286 0.17724668435013263
7 0.17137082601054482 0.4176976127320955 0.208390158172232 0.14868700265251988
7 0.47948681898066786 0.45512997347480105 0.3278453427065026 0.12452519893899204
7 0.27094551845342707 0.6011909814323607 0.41222847100175747 0.18145623342175068
7 0.2629384885764499 0.8144562334217507 0.38918804920913885 0.22779045092838196
7 0.5841476274165203 0.8134244031830239 0.2606608084358524 0.24871883289124666
7 0.6817750439367312 0.6653103448275861 0.3434340949033392 0.2937771883289125