10 0.2504534270650263 0.1118623827125391 0.3953673110720562 0.04846744384418539
10 0.2531177504393673 0.157938584020472 0.3961300527240773 0.04088427637190788
10 0.6965377855887522 0.11237418254193916 0.39707908611599296 0.048259880580039806
10 0.6960316344463972 0.1614301961899346 0.40215114235500876 0.045402331532556156
10 0.6970474516695957 0.20986636337787887 0.3950474516695958 0.04623542792152403
10 0.6980597539543058 0.2615894228035257 0.39403514938488576 0.048711970429343186
10 0.25299121265377855 0.19827125390958206 0.391311072056239 0.039047483650838787
10 0.2536239015817223 0.23624111458629515 0.39409841827768016 0.04111174296275235
10 0.2515922671353251 0.28201023599658803 0.4022179261862917 0.043997725334091554
10 0.2518488576449912 0.3293204435598521 0.39663620386643234 0.043804378731873754
10 0.25133919156414763 0.38145294284901904 0.39257996485061514 0.04464031845322718
10 0.2504534270650263 0.4301990332669889 0.39232337434094905 0.044859255046914986
10 0.2504534270650263 0.48048620983793 0.39232337434094905 0.044461188512937164
10 0.7003444639718805 0.3070514643161786 0.39555360281195073 0.042362809212396935
10 0.6973005272407733 0.3553881148706284 0.39555711775043934 0.04176002274665908
10 0.6966643233743409 0.40433892522035825 0.3988541300527241 0.04485072504975832
10 0.6957785588752197 0.45667614444128524 0.39555711775043934 0.04609610463463179
10 0.2482952548330404 0.5270429343190218 0.39257996485061514 0.043997725334091554
10 0.698439367311072 0.5001563832812056 0.3993602811950791 0.0345493318168894
10 0.6975536028119508 0.537304520898493 0.40215114235500876 0.03496730167756611
10 0.6959050966608084 0.5806141597952801 0.40037609841827765 0.04278077907307364
10 0.6959050966608084 0.6228916690361104 0.3973321616871705 0.03129655956781348
10 0.6975536028119508 0.6676371907876031 0.39606326889279436 0.04444697185100938
10 0.6969173989455184 0.7152544782485073 0.3993602811950791 0.043636622121125956
10 0.693493848857645 0.7591782769405744 0.40012302284710016 0.032976969007677
10 0.6967908611599296 0.7975575774808076 0.397585237258348 0.033397782200739266
10 0.6957785588752197 0.8355302814899062 0.39555711775043934 0.032996872334375885
10 0.696158172231986 0.871447256184248 0.3887065026362038 0.028493033835655386
10 0.6978066783831283 0.9075717941427353 0.39961335676625664 0.03178561273812909
10 0.2514657293497364 0.8999772533409155 0.3973989455184534 0.048615297128234286
10 0.24905799648506152 0.84969292010236 0.4001898066783831 0.04408586863804379
10 0.2480421792618629 0.7996104634631789 0.39815817223198596 0.04489337503554165
10 0.2508330404217926 0.7531248222917258 0.39460808435852374 0.04672732442422519
10 0.25210193321616875 0.704788171737276 0.39714586994727596 0.04979243673585442
10 0.2512126537785589 0.6527580324139892 0.3938453427065026 0.043005402331532556
10 0.249311072056239 0.6060648279783908 0.39156414762741654 0.04442991185669604
10 0.25070650263620387 0.5659368780210406 0.39283304042179257 0.03189650270116577
27 0.9360210896309314 0.9519050326983224 0.023634446397188046 0.026872334375888544