17 0.4933919156414763 0.12284135390283214 0.15866080843585237 0.028367487911581855
7 0.5001862917398946 0.4485931383836058 0.07099824253075572 0.03276997467188579
23 0.49995430579964845 0.2343518305318904 0.7200281195079086 0.10417223117660604
23 0.49789806678383125 0.31268478010591755 0.7159156414762742 0.05214828459590145
23 0.49810544815465724 0.3656734975823163 0.7138558875219684 0.05297259958553995
23 0.5003690685413005 0.40746949113516007 0.7159121265377856 0.02979276997467188
23 0.5020140597539543 0.49834446235321206 0.7142671353251318 0.040064471563435414
23 0.5016028119507908 0.5769560211835136 0.708506151142355 0.11154501496661294
23 0.5032478031634446 0.668908588533272 0.7117961335676626 0.06572875892240386
23 0.5020140597539543 0.7274234400184204 0.7093286467486819 0.050103615012664054
23 0.5003690685413005 0.7790628597743495 0.7159121265377856 0.05470181901911121