15 0.47673813708260104 0.12432954244908753 0.7347662565905096 0.03648770166622587
15 0.4691212653778559 0.17076963766199416 0.7406256590509666 0.05178524199947104
15 0.4740035149384886 0.2202909283258397 0.7339859402460457 0.04680243321872521
15 0.4722460456942003 0.296857974080931 0.7421862917398946 0.09943136736313145
15 0.47478383128295254 0.3778259719650886 0.7402319859402461 0.0515472097328749
15 0.46443585237258345 0.569748743718593 0.7406256590509666 0.07922771753504364
15 0.46970826010544814 0.6358767521819625 0.744140597539543 0.042213700079344094
16 0.4935430579964851 0.49656175614916687 0.3700175746924429 0.02454112668606189
20 0.4951177504393673 0.5213964559640307 0.0591634446397188 0.016024861147844488
25 0.47078734622144114 0.8756016926738959 0.03690685413005272 0.019066384554350703
10 0.1323866432337434 0.7618169796350172 0.02681195079086116 0.013689500132240148
10 0.24933216168717048 0.7601930706162391 0.026288224956063273 0.00929912721502248
10 0.366530755711775 0.7594287225601692 0.029314586994727596 0.012353874636339593
10 0.48372583479789105 0.7615286961121397 0.02929701230228471 0.011970378206823592
10 0.5955957820738137 0.7592382967468924 0.03384534270650264 0.009679978841576302
10 0.7067065026362038 0.7614334832055012 0.03687170474516696 0.010634752710923037
10 0.8208576449912127 0.758952658026977 0.02772231985940246 0.010251256281407035
7 0.1280738137082601 0.7627823327162127 0.10951142355008787 0.1645146786564401
7 0.24539543057996485 0.7617323459402275 0.10213708260105447 0.16355990478709334
7 0.36652724077328647 0.7639275323988363 0.11150439367311073 0.17596932028563872
7 0.4841054481546573 0.7613488495107115 0.09550439367311071 0.16279555673102353
7 0.5971142355008787 0.759822798201534 0.10690333919156414 0.16661465220841049
7 0.71 0.7638323194921979 0.09826010544815467 0.17692409415498547
7 0.8200949033391915 0.7601084369214492 0.10534973637961337 0.1729145728643216