15 0.5216168717047451 0.11223095689888858 0.6545377855887522 0.05616969368392519
15 0.4535219683655536 0.1735727839522906 0.5095641476274165 0.02976145296828409
15 0.5255711775043936 0.24032529140688533 0.6554165202108964 0.07245323936026023
15 0.5242530755711775 0.32265654648956354 0.6492653778558876 0.06091623746272703
15 0.5229349736379614 0.38739495798319323 0.6519015817223199 0.03859311466522093
15 0.5220562390158172 0.46193006234751965 0.6519015817223199 0.06567904581187313
15 0.5194200351493848 0.5463214963404717 0.6501441124780316 0.055548929249119
15 0.5185413005272408 0.6252615885063704 0.6624463971880492 0.06433992952019517
15 0.5211775043936732 0.7096259148820818 0.6483866432337434 0.05686907020872865
15 0.5176625659050966 0.7665654648956357 0.6536590509666081 0.024364326375711575
15 0.5216168717047451 0.8272106261859582 0.6545377855887522 0.050777988614800755
15 0.43682952548330406 0.8868419625914882 0.49023550087873463 0.026370290051504472