15 0.4445588752196836 0.16704830053667263 0.6413005272407732 0.03409436493738819
15 0.4438066783831283 0.1999619856887299 0.6379929701230228 0.031042039355992843
15 0.4486151142355009 0.2428264758497317 0.639195079086116 0.05019007155635062
15 0.4516239015817223 0.292770572450805 0.6464112478031634 0.04675760286225402
15 0.44801405975395425 0.3333363148479428 0.639195079086116 0.03146019677996422
15 0.4486186291739894 0.36529293381037564 0.6403971880492092 0.03108676207513417
15 0.44966959578207377 0.3916994633273703 0.6406959578207382 0.019613148479427547
15 0.4525272407732865 0.41580948121645794 0.6409982425307558 0.03110017889087657
15 0.45282601054481547 0.4489154740608229 0.6452091388400703 0.03302325581395349
15 0.449219683655536 0.49101296958855095 0.6415992970123022 0.05063953488372093
15 0.45011950790861155 0.5397942754919499 0.643402460456942 0.04717799642218247
15 0.45312829525483306 0.5818917710196779 0.6458101933216168 0.03494186046511628
15 0.45388049209138837 0.6156641323792487 0.6419015817223199 0.032464221824686945
15 0.4519261862917399 0.6492486583184258 0.6397961335676626 0.03419499105545617
15 0.4502706502636204 0.6841703935599285 0.6382917398945519 0.036310375670840785
15 0.4526783831282952 0.7189959749552772 0.6358840070298769 0.03249105545617174
15 0.45703690685413007 0.7529628801431127 0.6391915641476275 0.03498881932021467
15 0.45794024604569417 0.7876923076923077 0.6409982425307558 0.0367195885509839
28 0.4435254833040422 0.12442307692307691 0.09608787346221441 0.02231216457960644