27 0.5890966608084358 0.17100891600187706 0.08788752196836555 0.021076959174096667
10 0.5874903339191564 0.20208352885969028 0.5942319859402461 0.03440168934772407
10 0.5852970123022847 0.23511262318160486 0.6044745166959579 0.032104645706241206
10 0.583469244288225 0.281640075082121 0.5983796133567663 0.06006335053965275
10 0.580298769771529 0.33338104176442984 0.5969173989455184 0.04636555607695918
10 0.5765202108963093 0.3739300797747537 0.5966748681898066 0.03632566870014078
10 0.5748154657293497 0.41322149225715626 0.5981370826010545 0.05143359924917879
10 0.5402003514938488 0.4449507273580479 0.5484112478031634 0.01920459877991553
10 0.5443444639718805 0.45902627874237445 0.5323198594024605 0.02098310652275927
10 0.518140597539543 0.4769239793524167 0.477469244288225 0.01771938057250117
10 0.5735957820738138 0.4938432660722666 0.5908224956063269 0.025518535898639137
10 0.5723760984182777 0.5256006569685594 0.5932618629173989 0.04997653683716565
10 0.5715219683655536 0.5627803847958706 0.5988681898066783 0.03156968559361802
10 0.5709138840070299 0.5932074143594557 0.6000878734622144 0.030574847489441576
10 0.46524077328646746 0.6163115908024401 0.38630228471001754 0.01819568277803848
10 0.42855536028119506 0.6320131393711872 0.31536731107205623 0.015422336931018302
10 0.5711564147627417 0.6547888315344909 0.5956977152899824 0.034931956827780386
10 0.5678664323374341 0.6857015485687471 0.5964323374340949 0.031661191928671985
10 0.5640878734622143 0.7165344908493665 0.5961862917398946 0.02985452839042703
10 0.5311810193321617 0.7419990614734866 0.5352478031634447 0.02056546222430784
10 0.5665272407732864 0.7662388549976537 0.591311072056239 0.03324260910370718
10 0.4281862917398946 0.7886133270764899 0.32195079086115996 0.021027686532144534