14 0.470298769771529 0.12420718816067654 0.7001757469244289 0.035940803382663845
14 0.2875219683655536 0.16305496828752641 0.32759226713532513 0.01849894291754757
14 0.47065026362038664 0.20005285412262155 0.698066783831283 0.031183932346723044
14 0.4727592267135325 0.24815010570824525 0.6938488576449913 0.03224101479915433
14 0.4727592267135325 0.3007399577167019 0.6952548330404218 0.04756871035940803
14 0.47451669595782076 0.3562367864693446 0.6959578207381371 0.03488372093023256
14 0.4710017574692443 0.40406976744186046 0.6931458699472759 0.034355179704016914
14 0.4713532513181019 0.45903805496828753 0.6952548330404218 0.04809725158562368
14 0.47240773286467486 0.5050211416490487 0.6917398945518454 0.01849894291754757
14 0.47240773286467486 0.5457188160676533 0.6903339191564147 0.03224101479915433
14 0.47416520210896307 0.6133720930232558 0.698066783831283 0.07875264270613108
14 0.4748681898066784 0.6915961945031712 0.7022847100175746 0.03858350951374207
14 0.39015817223198596 0.7288583509513742 0.5328646748681898 0.0200845665961945
14 0.4727592267135325 0.7690274841437632 0.6924428822495606 0.035940803382663845
14 0.4720562390158172 0.8173890063424947 0.698066783831283 0.03858350951374207
14 0.4731107205623902 0.867600422832981 0.6945518453427065 0.03646934460887949