17 0.46810544815465727 0.16425516917293234 0.36357117750439366 0.0225093984962406
14 0.4713427065026362 0.20524436090225565 0.6604885764499121 0.032046522556390976
14 0.35096309314586993 0.23091635338345864 0.4175571177504394 0.01963815789473684
14 0.4722108963093146 0.2585079887218045 0.6708892794376099 0.0328031015037594
14 0.37967662565905097 0.2842199248120301 0.4814868189806678 0.01613016917293233
14 0.46993673110720563 0.3106109022556391 0.6598383128295255 0.031242951127819548
14 0.4726432337434095 0.34320018796992485 0.6630861159929702 0.029774436090225564
14 0.4717785588752197 0.3749201127819549 0.661353251318102 0.03236372180451128
14 0.4717785588752197 0.40838110902255637 0.661353251318102 0.03263392857142857
14 0.4702601054481547 0.44089755639097744 0.6713251318101934 0.03247180451127819
14 0.4659261862917399 0.47431625939849625 0.6713251318101934 0.031210056390977448
14 0.4678769771528998 0.5054581766917293 0.6708892794376099 0.03264097744360902
14 0.467335676625659 0.5375 0.6719753954305799 0.03297462406015038
14 0.46614059753954307 0.572624530075188 0.676091388400703 0.032229793233082706
14 0.4674411247803163 0.6046358082706766 0.67002460456942 0.029605263157894735
14 0.46581722319859403 0.6354158834586466 0.6732759226713533 0.03175986842105263
14 0.44533919156414764 0.663515037593985 0.6344850615114235 0.024210526315789474
14 0.4660351493848857 0.6906015037593984 0.6693743409490334 0.02912124060150376
14 0.3997223198594025 0.7180498120300752 0.5367486818980668 0.021717575187969927
14 0.46776801405975393 0.7430357142857144 0.6728400702987698 0.02967105263157895
14 0.46278383128295253 0.7757706766917293 0.6758769771528997 0.031388627819548875
14 0.46310720562390156 0.8086489661654136 0.67002460456942 0.03050046992481203
14 0.44317047451669594 0.8378383458646617 0.6301511423550088 0.020780075187969923
14 0.46332513181019336 0.8654276315789474 0.6661230228471001 0.03394501879699248
36 0.8275922671353251 0.8765648496240601 0.1320456942003515 0.0794125939849624