23 0.9013145869947276 0.037459770114942524 0.08673813708260106 0.02909655172413793
28 0.16008084358523725 0.10878850574712644 0.2857609841827768 0.12997931034482757
16 0.44342355008787343 0.24266896551724135 0.6422565905096661 0.12039770114942529
16 0.435609841827768 0.34148045977011493 0.49150790861159926 0.03817931034482759
32 0.7272618629173989 0.12073103448275861 0.239701230228471 0.08517701149425287
17 0.6842636203866432 0.060271264367816095 0.09177504393673111 0.01948735632183908
20 0.4313848857644991 0.3754 0.6444499121265378 0.02010344827586207
20 0.4337293497363796 0.39494022988505745 0.647261862917399 0.026041379310344826
20 0.2712653778558875 0.4148873563218391 0.3167100175746924 0.015613793103448277
16 0.43624604569420034 0.46613793103448276 0.27696309314587 0.03342758620689655
23 0.047346221441124776 0.8515701149425288 0.07529701230228471 0.06786896551724138
23 0.1519543057996485 0.9224597701149425 0.26762390158172233 0.06604597701149426
9 0.44373637961335677 0.5018206896551725 0.6297469244288225 0.029926436781609198
9 0.4456133567662566 0.5267816091954023 0.6335008787346221 0.025839080459770115
9 0.4424850615114235 0.5478551724137931 0.6347521968365554 0.028710344827586207
9 0.4415465729349737 0.5679034482758621 0.6328752196836556 0.014802298850574713
9 0.4418594024604569 0.5786436781609196 0.6335008787346221 0.015420689655172414
9 0.4429560632688928 0.5895885057471264 0.6375676625659051 0.016445977011494254
9 0.44193321616871706 0.6024827586206897 0.6292618629173989 0.016855172413793102
9 0.4399367311072056 0.613503448275862 0.6242284710017575 0.014358620689655172
9 0.4403725834797891 0.6265678160919541 0.6303057996485062 0.011862068965517242
9 0.4379402460456942 0.6436643678160919 0.6358629173989455 0.024931034482758622
9 0.4346397188049209 0.6611586206896551 0.6355149384885764 0.01630344827586207
9 0.43672407732864676 0.678767816091954 0.6389912126537786 0.025622988505747124
9 0.4320351493848858 0.6943885057471265 0.6386432337434095 0.01665287356321839
9 0.43550790861159927 0.7067701149425287 0.635170474516696 0.014156321839080459
9 0.43620386643233744 0.7181862068965518 0.632390158172232 0.015864367816091955
9 0.4356836555360281 0.7289218390804597 0.6334305799648505 0.014843678160919539
9 0.4356836555360281 0.7413471264367817 0.6355149384885764 0.014478160919540229
9 0.4372442882249561 0.7584459770114942 0.632390158172232 0.026183908045977013
9 0.43394727592267135 0.7761103448275862 0.6341265377855887 0.01585057471264368
9 0.43429173989455183 0.7880390804597701 0.6389912126537786 0.015172413793103448
9 0.43594376098418275 0.8000229885057472 0.6329103690685414 0.01665287356321839
9 0.43307557117750434 0.8118942528735632 0.6365588752196837 0.015179310344827586
9 0.4334235500878734 0.8210390804597701 0.635170474516696 0.016432183908045978
9 0.43498769771528994 0.8348988505747126 0.6362108963093146 0.014163218390804597
9 0.43550790861159927 0.8456344827586207 0.6372513181019333 0.015871264367816093
9 0.4347275922671353 0.8565402298850574 0.6346467486818981 0.015873563218390802
9 0.43611599297012305 0.8713080459770115 0.637427065026362 0.013604597701149425
9 0.4350755711775044 0.8819287356321839 0.6415957820738136 0.01554022988505747
9 0.43611599297012305 0.9012436781609195 0.6415957820738136 0.029632183908045978
33 0.09966959578207381 0.1235793103448276 0.16507908611599295 0.10828505747126438