14 0.5388295254833041 0.11770526878844612 0.7230404217926187 0.051163412677186416
14 0.5359015817223199 0.1694196309173576 0.733585237258348 0.05117945974859588
14 0.5345342706502636 0.21355175180529554 0.7285096660808437 0.034249799411607385
14 0.5359015817223199 0.255608451457609 0.7288998242530755 0.0488232147633057
14 0.5364850615114235 0.29899973254880985 0.7277258347978911 0.03575822412409735
14 0.5353145869947276 0.3413533030221984 0.7300702987697716 0.04736025675314255
14 0.5353145869947276 0.3926210216635464 0.7300702987697716 0.04826691628777748
14 0.5343374340949033 0.4422546135330302 0.7351493848857645 0.04411874832843006
14 0.5327768014059754 0.4860925381117946 0.7320246045694201 0.037296068467504676
14 0.5360949033391916 0.5305268788446109 0.7363198594024605 0.045926718373896766
14 0.5321898066783831 0.5730275474725863 0.733195079086116 0.03821075153784435
14 0.5349244288224956 0.6095827761433539 0.7292899824253075 0.03287242578229473
14 0.5374622144112478 0.646140679326023 0.7226502636203866 0.03823214763305696
14 0.5327768014059754 0.68150842471249 0.7367100175746925 0.03051350628510297
14 0.5333602811950792 0.7207381652848356 0.7308506151142355 0.03765712757421771
14 0.5317996485061511 0.7599705803690827 0.7277293497363796 0.03766782562182402
14 0.5337539543057996 0.7947445841133993 0.726945518453427 0.032326825354372826
14 0.5359015817223199 0.8390291521797272 0.7242144112478032 0.04957742711955068