15 0.5166959578207382 0.15726964239102062 0.6959578207381371 0.07700339336987731
15 0.5224077328646749 0.23949360480292353 0.6898066783831283 0.06525711302531977
15 0.5140597539543058 0.5804620203602192 0.70298769771529 0.03328112764291308
15 0.5144991212653779 0.6280997128687027 0.7073813708260105 0.04372226572696424
15 0.5153778558875219 0.6747585486818063 0.7021089630931459 0.03001827199164709
15 0.5153778558875219 0.7220699556251632 0.7038664323374341 0.04502740798747063
15 0.5136203866432337 0.8375750456799791 0.7073813708260105 0.042417123466457846
15 0.5144991212653779 0.8842338814930828 0.7038664323374341 0.03001827199164709
6 0.23550087873462214 0.3540198381623597 0.22671353251318102 0.08418167580266249
6 0.5114235500878734 0.3941529626729314 0.26537785588752194 0.105716523101018
6 0.7847100175746925 0.3585878360741321 0.22671353251318102 0.0789611067606369
6 0.7869068541300527 0.45092665100495954 0.25746924428822493 0.09658052727747324
6 0.2504393673110721 0.4460323675280606 0.2601054481546573 0.09462281388671365
9 0.23857644991212654 0.3837118245888802 0.025483304042179262 0.014356564865570347
9 0.5136203866432337 0.4316758026624902 0.025483304042179262 0.017619420516836334
9 0.2539543057996485 0.47996606630122685 0.022847100175746926 0.01631427825632994
9 0.7882249560632689 0.38534325241451317 0.026362038664323375 0.01892456277734273
9 0.7864674868189807 0.4851866353432524 0.02460456942003515 0.017619420516836334
8 0.5171353251318102 0.514878621769773 0.05536028119507909 0.016966849386583136
17 0.5131810193321616 0.7928739232576351 0.2126537785588752 0.016966849386583136
27 0.1695957820738137 0.9227355781780214 0.014059753954305799 0.016966849386583136