14 0.5479367311072056 0.11708712613784135 0.6994797891036907 0.03648374512353706
14 0.552 0.16148504551365409 0.6930193321616872 0.045092327698309495
14 0.5507486818980668 0.19694668400520154 0.6988541300527241 0.023490247074122235
14 0.5496028119507909 0.2266970091027308 0.6944780316344464 0.030564369310793236
14 0.5459543057996485 0.2674720416124838 0.6934340949033392 0.04271781534460338
14 0.5499156414762741 0.30955786736020807 0.6888506151142355 0.03745383615084525
14 0.5494973637961336 0.3403927178153446 0.6963514938488576 0.025102730819245772
14 0.49407029876977154 0.3656749024707412 0.6021687170474517 0.020156046814044214
14 0.546165202108963 0.3936879063719116 0.6896836555360282 0.03145903771131339
14 0.5519402460456942 0.4369856957087126 0.6954446397188049 0.04626788036410923
14 0.5470931458699473 0.47918335500650194 0.6914551845342707 0.03780494148244474
14 0.5495149384885765 0.5213784135240572 0.7048576449912126 0.04622106631989597
14 0.5455219683655536 0.5691651495448635 0.708281195079086 0.046824447334200256
14 0.4949068541300527 0.604296488946684 0.5927838312829525 0.02211963589076723
14 0.5462355008787346 0.6399479843953185 0.7068541300527241 0.04699609882964889
14 0.5498031634446398 0.6826137841352405 0.6997258347978911 0.03524837451235371
14 0.50103690685413 0.7127854356306892 0.6307135325131811 0.023836150845253576
14 0.5171493848857645 0.739368010403121 0.6600878734622144 0.02635370611183355
14 0.5423866432337434 0.7702756827048115 0.6963022847100175 0.035407022106631984
14 0.5483760984182777 0.8112067620286086 0.7025764499121265 0.0412925877763329
14 0.5432407732864675 0.8536124837451236 0.7037188049209139 0.03746944083224967
14 0.5465237258347978 0.8897971391417425 0.7017223198594025 0.02753185955786736