2 0.15719859402460457 0.1307974310944608 0.20451669595782074 0.1723013112122023
2 0.783261862917399 0.13103291410222104 0.20658347978910369 0.16995183302113995
2 0.40040070298769775 0.11199090179288199 0.2649701230228471 0.10367139416644368
2 0.611817223198594 0.1387877976986888 0.11000702987697716 0.1600829542413701
2 0.41814762741652023 0.2126946748728927 0.2541652021089631 0.08936312550173936
2 0.18049912126537784 0.2783810543216484 0.2566713532513181 0.09807599678886807
2 0.4666010544815466 0.30505485683703504 0.26588752196836557 0.09925876371420926
2 0.7486924428822497 0.2642788332887343 0.26707908611599296 0.09807332084559807
2 0.7527029876977153 0.36709927749531707 0.2639929701230228 0.09645705111051645
2 0.4613532513181019 0.40693336901257693 0.2479859402460457 0.09576130586031577
2 0.1838945518453427 0.39013112122023014 0.2597574692442882 0.10022210329141021
2 0.7221476274165203 0.4663928284720364 0.26831985940246045 0.09436713941664436
2 0.2824956063268893 0.535009365801445 0.4402917398945519 0.15735081616269733
2 0.6780140597539543 0.5742547497993042 0.3035079086115993 0.11176879850147177
2 0.6957574692442883 0.7076264383195077 0.39269947275922673 0.15152261172063153
2 0.6560949033391915 0.8716483810543216 0.4411634446397188 0.1722103291410222
2 0.23666783831282953 0.8846909285523147 0.3504885764499121 0.13766657746855768
2 0.2678347978910369 0.7076103826598876 0.4239367311072056 0.16276424939791276
5 0.14995079086115992 0.053936312550173934 0.06964499121265377 0.021402194273481404
5 0.7789455184534271 0.052643831950762644 0.07201757469244288 0.020224779234680225
5 0.4061159929701231 0.1551110516457051 0.05972934973637962 0.013674070109713674
5 0.6110474516695958 0.14195076264383197 0.06216871704745167 0.02119079475515119
5 0.4220105448154657 0.24723575060208722 0.056330404217926185 0.014637409686914639
5 0.46938488576449916 0.3478217821782178 0.06033743409490334 0.018426545357238425
5 0.4635219683655536 0.4465266256355365 0.05601757469244288 0.01845330478993845
5 0.18251318101933217 0.4283141557398983 0.06007029876977153 0.01821246989563821
5 0.18127592267135326 0.31586031576130585 0.06007029876977153 0.013716885202033716
5 0.7453040421792618 0.30540272946213537 0.05659050966608084 0.01677013647310677
5 0.7516309314586994 0.40728124163767726 0.05998594024604569 0.018913567032378915
5 0.7149033391915641 0.5061038265988761 0.056906854130052725 0.017765587369547767
5 0.6761722319859402 0.6214851485148515 0.05907205623901582 0.020125769333690126
5 0.28112126537785587 0.6013914905004014 0.06900527240773287 0.018006422263848007
5 0.2666151142355009 0.775068236553385 0.06839015817223199 0.021343323521541346
5 0.7051810193321617 0.7763607171527964 0.06894200351493848 0.019700294353759702
5 0.23544112478031637 0.941899919721702 0.06284007029876977 0.019451431629649452
5 0.651170474516696 0.943896173401124 0.07944463971880493 0.019215948621889217