15 0.5220562390158172 0.11508683614397182 0.7770826010544816 0.026544173168890007
15 0.526390158172232 0.15228039265039012 0.7770826010544816 0.03729675308331236
15 0.524871704745167 0.19611376793355145 0.7783831282952548 0.042700729927007304
15 0.5227065026362039 0.24925497105461866 0.7827170474516696 0.05430908633274604
15 0.5207557117750439 0.30251195570098166 0.774481546572935 0.0428618172665492
15 0.5227065026362039 0.34490309589730683 0.7740492091388401 0.04073244399697962
15 0.5236801405975395 0.39509690410269316 0.7824991212653779 0.049546941857538385
15 0.5173954305799648 0.4473093380317141 0.7916028119507909 0.04688144978605587
15 0.5216203866432337 0.49296249685376287 0.7848857644991213 0.041955700981625974
15 0.5218383128295255 0.5344676566826077 0.7809841827768015 0.039604832620186256
15 0.526390158172232 0.5792675560030204 0.785750439367311 0.037628995721117546
15 0.5231388400702988 0.6318650893531337 0.7749138840070299 0.05280392650390133
15 0.5207557117750439 0.6874905612886988 0.774481546572935 0.050755096904102695
15 0.5220562390158172 0.7394714321671282 0.7770826010544816 0.03986408255726152
15 0.5196731107205624 0.7923030455575133 0.7853181019332162 0.05705763906367984
15 0.5227065026362039 0.8432746035741253 0.7827170474516696 0.039494085074251194
15 0.518804920913884 0.8891266045809212 0.783585237258348 0.03962245154794865
30 0.08820035149384886 0.9303574125346086 0.022080843585237257 0.021200604077523284