16 0.2904745166959578 0.09410677618069815 0.23618980667838313 0.026317590691307322
16 0.32008084358523725 0.3901277663700662 0.2982952548330404 0.03702486881131645
20 0.2627908611599297 0.12427104722792606 0.18371528998242528 0.024761578827287245
20 0.49388049209138835 0.22681040383299111 0.6343339191564148 0.17357973990417522
20 0.4972478031634447 0.4812525667351129 0.6468506151142355 0.12738763404061146
20 0.34896660808435853 0.6208145106091718 0.36762390158172237 0.02208304814054301
20 0.3679859402460457 0.6426945014830024 0.39121265377855885 0.017088751996349533
20 0.3872407732864675 0.6661396303901438 0.429725834797891 0.02272187999087383
20 0.44092091388400706 0.6886447638603695 0.5515289982425308 0.01897558749714807
20 0.3605237258347979 0.7124024640657084 0.36762038664323377 0.025233858088067534
20 0.4835289982425308 0.7583527264430755 0.6049666080843585 0.019621263974446725
20 0.37737434094903344 0.7824207164042892 0.40132161687170476 0.02650467716176135
20 0.38459402460456943 0.8718229523157655 0.42154305799648506 0.04403376682637463
20 0.38603866432337436 0.9071435090120922 0.4244323374340949 0.02466347250741501
25 0.5028014059753955 0.9402783481633584 0.2217152899824253 0.019671457905544146
32 0.7688084358523727 0.9259000684462696 0.31748681898066783 0.058428017339721645
31 0.5006397188049209 0.9316837782340863 0.0931634446397188 0.06061601642710472