7 0.16082601054481546 0.2768220858895705 0.12482952548330403 0.18984294478527608
7 0.3096133567662566 0.1647239263803681 0.23180316344463972 0.18493742331288343
7 0.39650263620386644 0.3016220858895705 0.2720105448154657 0.19042944785276072
7 0.49609138840070305 0.3692441717791411 0.12437961335676626 0.06718527607361963
10 0.16708260105448156 0.36187730061349693 0.03109666080843585 0.013187730061349694
10 0.311377855887522 0.3723754601226994 0.03146572934973638 0.012917791411042944
10 0.49277328646748686 0.39787484662576683 0.031047451669595782 0.01319754601226994
10 0.30923022847100173 0.24679754601226994 0.029511423550087873 0.015337423312883436
13 0.2106151142355009 0.45200981595092027 0.23298769771529 0.067479754601227
15 0.19694551845342703 0.5477300613496933 0.26188752196836557 0.12150184049079754
15 0.1953848857644991 0.6554453987730061 0.2681370826010545 0.08826257668711657
15 0.19636203866432336 0.776120245398773 0.25837258347978914 0.14801717791411043
15 0.19518804920913882 0.8924245398773006 0.2607170474516696 0.07796319018404908
13 0.49120562390158173 0.4357815950920245 0.22005975395430583 0.036660122699386496
15 0.4748014059753954 0.4895042944785276 0.2622390158172232 0.06558282208588957
15 0.4775360281195079 0.5954552147239264 0.2677047451669596 0.13842208588957056
15 0.4800738137082601 0.7379435582822086 0.2657504393673111 0.14364171779141105
15 0.4790966608084358 0.8685644171779141 0.26614059753954306 0.11695460122699386
13 0.771792618629174 0.08208588957055214 0.22118804920913884 0.03929079754601227
15 0.7561722319859402 0.23563190184049082 0.2649279437609842 0.26458650306748466
15 0.7567557117750439 0.4723312883435583 0.2637574692442882 0.14902331288343557
15 0.756365553602812 0.614679754601227 0.26297715289982426 0.1294282208588957
15 0.7602706502636203 0.7202134969325154 0.26141300527240774 0.08200736196319018
15 0.7614446397188049 0.8016147239263803 0.2590720562390158 0.07630184049079755
15 0.7637855887521968 0.883835582822086 0.26844288224956064 0.0885963190184049
16 0.7540281195079086 0.3853300613496933 0.14113532513181018 0.024103067484662576
28 0.9168787346221441 0.9530969325153374 0.04035500878734622 0.02425766871165644