24 0.08524428822495607 0.39646881520983074 0.0530158172231986 0.03490146070020867
24 0.13552548330404218 0.5324298632042661 0.09288576449912127 0.020876420125202876
24 0.13487521968365554 0.5523672617667517 0.0872513181019332 0.022151634593090656
24 0.14029173989455185 0.6033132390447484 0.07641476274165203 0.015386042198006027
24 0.14560281195079086 0.62818223974032 0.10046748681898066 0.025089265012752143
24 0.051110720562390154 0.686067702295386 0.0519402460456942 0.029346162763737537
24 0.1466854130052724 0.6754185022026431 0.09136731107205624 0.0323533503361929
24 0.1479859402460457 0.7337375376767912 0.07662917398945518 0.01745420820774403
24 0.15925834797891036 0.7881915140273591 0.07315992970123023 0.026285648040806863
24 0.06931458699472759 0.8045583120797588 0.07967662565905097 0.028991421284488755
24 0.10995079086115993 0.8600162300023185 0.0850896309314587 0.02552979364711338
24 0.1430017574692443 0.8796684442383492 0.10567311072056239 0.03194991884998841
17 0.4873919156414763 0.1460978437282634 0.5742284710017574 0.037593322513331785
21 0.48 0.1812126130303733 0.43231282952548333 0.021219568745652676
17 0.4873919156414763 0.25693948527706933 0.5992337434094903 0.02694875956410851
21 0.4815536028119508 0.32152793878970554 0.69592618629174 0.05164850452121493
21 0.48655536028119506 0.37375376767910967 0.6975957820738138 0.05161836308833758
21 0.48863971880492096 0.4214444702063529 0.7017609841827768 0.04527011361001623
15 0.4994762741652021 0.5200394157199165 0.6817539543057997 0.07474147924878276
15 0.5023936731107206 0.5966890795270113 0.6792548330404218 0.06719916531416648
15 0.4964534270650264 0.6651309993044284 0.6694586994727592 0.05561558080222583
15 0.5014551845342707 0.7205193600741943 0.6794622144112478 0.04266403895200556
15 0.4988506151142355 0.7749292835613262 0.6846713532513181 0.05388592626941804
15 0.49978910369068547 0.8457083236726176 0.6761265377855887 0.07170878738696962