13 0.529701230228471 0.07929596174282678 0.22557469244288225 0.02265940488841658
19 0.5302284710017575 0.1077922422954304 0.21608084358523727 0.019853878852284804
19 0.5265272407732865 0.15162327311370882 0.451286467486819 0.05968119022316684
19 0.5265131810193322 0.19516471838469715 0.7993462214411248 0.033153560042507975
19 0.4749701230228471 0.2240595111583422 0.6830685413005272 0.02317481402763018
19 0.3047768014059754 0.3145244420828905 0.3084077328646749 0.020730605738575984
19 0.45255887521968363 0.3524787460148778 0.6013321616871704 0.05478214665249734
19 0.3878277680140597 0.39323060573857593 0.5219753954305799 0.030648246546227418
19 0.39494903339191567 0.41704569606801273 0.5098453427065026 0.01648777895855473
19 0.5244042179261863 0.4923087141339001 0.7951247803163445 0.02948193411264612
19 0.5035746924428822 0.5176142401700319 0.7481933216168718 0.0203028692879915
19 0.5233497363796134 0.5394341126461212 0.7930158172231986 0.026068012752391075
19 0.4720667838312829 0.564442082890542 0.6825448154657293 0.022266206163655686
19 0.5153075571177504 0.5832704569606801 0.7690228471001757 0.018071200850159404
19 0.39547627416520215 0.6009059511158342 0.5319929701230228 0.019458023379383634
34 0.5228224956063269 0.6821333687566419 0.7919613356766257 0.11613708820403826
34 0.32455184534270654 0.8588283740701382 0.37432688927943764 0.0808528161530287
34 0.7347065026362037 0.862614240170032 0.35342706502636206 0.06849628055260361
19 0.5194094903339191 0.9121386822529224 0.44232337434094904 0.014070138150903294
19 0.5198031634446397 0.9271838469713072 0.4352021089630932 0.014261424017003189
13 0.528780316344464 0.29832890541976625 0.17890333919156415 0.022221041445270987