2 0.48384534270650265 0.11326152167984728 0.26441124780316344 0.10503681483501501
2 0.34457644991212655 0.2226615762203436 0.26706502636203866 0.10557949277338424
2 0.6116942003514938 0.22197982001636216 0.23715641476274166 0.09058085628579221
2 0.27823198594024606 0.35868830106353966 0.38745166959578203 0.14583583310608125
2 0.6780281195079086 0.35937005726752114 0.38739894551845344 0.14719934551404418
2 0.2896590509666081 0.4933487864739569 0.2714657293497364 0.09609490046359422
2 0.6797891036906855 0.4936896645759476 0.26789806678383127 0.09814016907553859
2 0.2887768014059754 0.621843468775566 0.3294586994727592 0.13219525497682028
2 0.6841827768014059 0.6208208344695937 0.3206186291739894 0.12742568857376602
2 0.2883409490333919 0.7476329424597764 0.23895606326889282 0.10016362148895555
2 0.6855008787346222 0.7472920643577857 0.2916239015817223 0.1103899645486774
2 0.293170474516696 0.8819225524952278 0.283768014059754 0.11785655849468231
2 0.6815465729349737 0.8781728933733297 0.3223760984182777 0.1335369511862558
5 0.4803374340949033 0.14564494136896647 0.03419683655536029 0.015631306244886827
5 0.3476590509666081 0.25880283610580856 0.02894200351493849 0.015606763021543495
5 0.611701230228471 0.25403054267793834 0.03505799648506151 0.019697300245432234
5 0.28263620386643235 0.4101718025634033 0.030710017574692446 0.017005726752113443
5 0.683311072056239 0.40983092446141256 0.037687170474516696 0.0176874829560949
5 0.29098418277680144 0.526397600218162 0.03861511423550088 0.016296700299972728
5 0.6819964850615114 0.5246932097082083 0.03505096660808436 0.019705481319880012
5 0.2901054481546573 0.6675211344423235 0.0333427065026362 0.016299427324788656
5 0.6850685413005272 0.6661576220343606 0.03241476274165202 0.01902645214071448
5 0.28834797891036906 0.7837687482956095 0.03510017574692443 0.015729479138260158
5 0.6863866432337434 0.7817234796836651 0.03153602811950791 0.014365966730297245
5 0.2940597539543058 0.9214671393509681 0.03246397188049209 0.01439596400327243
5 0.682871704745167 0.9235096809380966 0.03680843585237258 0.01832287973820562
27 0.9135254833040422 0.9473684210526315 0.028868189806678383 0.01968093809653668