30 0.5012302284710017 0.05766840666169525 0.06748681898066784 0.014914243102162566
7 0.3335676625659051 0.15237385036042755 0.4182776801405975 0.1496395724583644
7 0.7363796133567663 0.15560526969922944 0.2579964850615114 0.0904797414864529
7 0.3282952548330404 0.3698732289336316 0.30509666080843584 0.10937111608252548
7 0.6854130052724078 0.3713646532438479 0.25588752196836556 0.09743972160079542
7 0.29736379613356767 0.5478498632861049 0.40210896309314587 0.1401938851603281
7 0.7065026362038664 0.5493412875963212 0.404920913884007 0.14118816803380563
7 0.31528998242530754 0.7367636092468307 0.3789103690685413 0.1332339050459856
7 0.7047451669595782 0.7385036042754164 0.3086115992970123 0.10787969177230922
30 0.4994727592267135 0.9376087496892866 0.08787346221441125 0.01391996022868506
10 0.3149384885764499 0.7867263236390754 0.03233743409490334 0.015411384538901318
10 0.7043936731107205 0.781257767834949 0.028119507908611598 0.013422818791946308
10 0.7065026362038664 0.6002982848620433 0.03233743409490334 0.014417101665423813
10 0.2991212653778559 0.5995525727069351 0.03444639718804921 0.01590852597564007
10 0.32759226713532513 0.4133731046482724 0.028119507908611598 0.013422818791946308
10 0.687170474516696 0.4079045488441462 0.03163444639718805 0.012428535918468804
10 0.7391915641476274 0.1931394481730052 0.02601054481546573 0.013422818791946308
10 0.3307557117750439 0.21078796917723092 0.02741652021089631 0.010937111608252548
15 0.50298769771529 0.2398707432264479 0.8063268892794376 0.01640566741237882
15 0.5022847100175747 0.26423067362664676 0.804920913884007 0.014417101665423813
15 0.5026362038664324 0.2955505841411882 0.809841827768014 0.02933134476758638
15 0.5022847100175747 0.4397216007954263 0.8091388400702988 0.015411384538901318
15 0.5022847100175747 0.46507581406910264 0.8063268892794376 0.014417101665423813
15 0.5008787346221442 0.627889634601044 0.8077328646748682 0.01391996022868506
15 0.5022847100175747 0.6532438478747203 0.8091388400702988 0.017897091722595078
15 0.5015817223198594 0.8277404921700223 0.81195079086116 0.01590852597564007
15 0.5005272407732865 0.8600546855580412 0.8056239015817224 0.028834203330847626
15 0.5015817223198594 0.8908774546358439 0.8077328646748682 0.014914243102162566