10 0.5273216168717048 0.10028371988290925 0.7977609841827769 0.012359828867372214
18 0.9047381370826011 0.08901148390002252 0.03414059753954306 0.013458680477369962
10 0.5282003514938489 0.11546723710875928 0.7854586994727593 0.023584778203107407
10 0.5286397188049209 0.13657509569916684 0.7916098418277681 0.023017338437288898
10 0.5255641476274165 0.15206034676874577 0.7907311072056239 0.012332807926142761
10 0.5273216168717048 0.16275613600540417 0.7854586994727593 0.012330556181040305
10 0.5303971880492091 0.17879756811528935 0.7863374340949034 0.021895969376266606
10 0.5273216168717048 0.19878630938977707 0.7907311072056239 0.02247016437739248
10 0.5264428822495606 0.21990767845079937 0.7872161687170475 0.023055618104030624
10 0.5299578207381371 0.23566989416798015 0.7854586994727593 0.010671020040531411
10 0.5273216168717048 0.2449560909705021 0.783701230228471 0.012355325377167305
10 0.5299578207381371 0.25537041206935374 0.7872161687170475 0.01179013735645125
10 0.5312759226713533 0.2708489079036253 0.7880949033391916 0.023607295654131954
10 0.5246854130052724 0.2922382346318397 0.7977609841827769 0.023602792163927043
10 0.5242460456942004 0.3127831569466336 0.7916098418277681 0.024161224949335734
10 0.5317152899824253 0.3282616527809052 0.7889736379613357 0.01233731141634767
10 0.529518453427065 0.34514748930421074 0.7898523725834798 0.02246566088718757
10 0.5282003514938489 0.3595091195676649 0.7942460456942004 0.012909254672371088
10 0.5325940246045694 0.36964197252870973 0.7854586994727593 0.010657509569916686
10 0.5273216168717048 0.3854019365007881 0.7889736379613357 0.02190947984688133
10 0.529518453427065 0.4005989641972529 0.7933673110720563 0.01402612024318847
10 0.5286397188049209 0.41214591308263904 0.7880949033391916 0.010099076784507994
10 0.5299578207381371 0.42256023418149063 0.7889736379613357 0.010659761315019141
10 0.5299578207381371 0.4332537716730466 0.7924885764499122 0.011783382121143887
10 0.529518453427065 0.4478878630938978 0.7933673110720563 0.02190947984688133
10 0.529518453427065 0.4644922314793965 0.7880949033391916 0.011211438865120469
10 0.5317152899824253 0.47997072731366813 0.7942460456942004 0.020776852060346768
10 0.5312759226713533 0.49488853861742854 0.7898523725834798 0.012330556181040305
10 0.5299578207381371 0.5061450123845981 0.7924885764499122 0.013454176987165053
10 0.5339121265377856 0.5159986489529386 0.7880949033391916 0.00951812654807476
10 0.5277609841827768 0.5266944381895969 0.7898523725834798 0.011767619905426706
10 0.5299578207381371 0.5427358702994821 0.7872161687170475 0.021333033100653005
10 0.5290861159929702 0.5579554154469715 0.7907416520210896 0.012366584102679577
10 0.5317223198594024 0.5677977932897996 0.785469244288225 0.011787885611348796
10 0.5299648506151142 0.5787750506642648 0.7924991212653778 0.01009682503940554
10 0.5304042179261863 0.5889056518802072 0.7881054481546572 0.010094573294303084
10 0.5299648506151142 0.5998829092546724 0.785469244288225 0.011781130376041431
10 0.5317223198594024 0.6105764467462284 0.7889841827768014 0.010653006079711777
10 0.5299648506151142 0.6212699842377842 0.785469244288225 0.011776626885836522
10 0.5295254833040421 0.6373114163476695 0.7898629173989454 0.02246566088718757
10 0.5290861159929702 0.6511033551002027 0.7889841827768014 0.011767619905426706
10 0.5312829525483304 0.661531186669669 0.7916203866432336 0.01235757712226976
10 0.5308435852372584 0.6778540869173609 0.7889841827768014 0.02361179914433686
10 0.5290861159929702 0.6986804773699617 0.7889841827768014 0.02248142310290475
10 0.528207381370826 0.7141589732042333 0.7907416520210896 0.010657509569916686
10 0.5312829525483304 0.7237288898896644 0.7881054481546572 0.011781130376041431
10 0.5299648506151142 0.7403332582751633 0.7907416520210896 0.022472416122494933
10 0.5295254833040421 0.7558117541094348 0.7898629173989454 0.010648502589506868
10 0.5308435852372584 0.7659446070704796 0.7907416520210896 0.011772123395631615
10 0.5308435852372584 0.7769196126998424 0.7924991212653778 0.013458680477369962
10 0.5308435852372584 0.7873474442693087 0.7889841827768014 0.010671020040531411
10 0.5308435852372584 0.7977595136230579 0.7872267135325132 0.011231704571042559
10 0.5308435852372584 0.813800945732943 0.7907416520210896 0.021920738572393603
10 0.5286467486818981 0.834345868047737 0.7898629173989454 0.021353298806575095
10 0.5290861159929702 0.8495451474893042 0.7872267135325132 0.011218194100427832
10 0.5268892794376099 0.8608038730015762 0.793377855887522 0.012425129475343391