15 0.47985940246045694 0.12669466403162055 0.7316414762741652 0.037094861660079054
15 0.4753708260105448 0.16759881422924902 0.7296906854130052 0.036558794466403165
15 0.4812267135325132 0.19930583003952568 0.741402460456942 0.025859683794466404
15 0.47966608084358525 0.2704125494071147 0.7429666080843584 0.11208003952569169
15 0.4730263620386643 0.37170454545454545 0.7390615114235501 0.03798666007905139
15 0.4730263620386643 0.4209832015810277 0.7343760984182778 0.04925395256916996
15 0.4704885764499121 0.46559041501976284 0.7316414762741652 0.04130681818181818
15 0.46970826010544814 0.5333992094861659 0.744140597539543 0.055049407114624506
16 0.44005272407732865 0.33848814229249014 0.09431985940246045 0.024251482213438737
16 0.48456590509666075 0.5946047430830039 0.2583304042179262 0.02594614624505929
20 0.4763444639718805 0.6275469367588933 0.7433567662565905 0.025953557312252965
20 0.4808365553602812 0.6733942687747035 0.7546818980667839 0.058359683794466405
20 0.4763444639718805 0.7269244071146246 0.7527311072056239 0.04354990118577075
20 0.4771247803163445 0.7731818181818182 0.7589771528998243 0.03889575098814229
20 0.47673462214411244 0.8295973320158103 0.7535114235500878 0.057853260869565215
20 0.48044639718804916 0.892050395256917 0.7445272407732864 0.05924407114624506
20 0.47868892794376094 0.9473666007905138 0.7480421792618629 0.043060770750988145