14 0.5445272407732865 0.0848689588843472 0.8709806678383128 0.03257513825438807
14 0.5443444639718805 0.12442173599422938 0.8684182776801407 0.03358740081750421
14 0.5469068541300527 0.15971868237557105 0.8691493848857645 0.01707622024525126
14 0.5445272407732865 0.19276268333734073 0.8797609841827768 0.03210387112286608
14 0.5432478031634447 0.23507093051214234 0.8837855887521968 0.03562154364029815
14 0.5465413005272408 0.2756239480644386 0.8771985940246046 0.029622505409954317
14 0.553493848857645 0.3089180091368117 0.8647592267135324 0.02112046164943496
14 0.5474551845342707 0.34333974513104115 0.8724428822495606 0.0343976917528252
14 0.5480035149384885 0.38276749218562156 0.8713462214411248 0.0366626592930993
14 0.5485553602811951 0.41455878817023323 0.8658558875219684 0.019146429430151476
14 0.5533110720562391 0.4506083193075258 0.8709771528998242 0.0341764847319067
14 0.549469244288225 0.49064919451791295 0.8742706502636205 0.033166626592930994
14 0.5531282952548331 0.5240682856455878 0.8728084358523726 0.020408752103871122
14 0.5485518453427065 0.5990454436162539 0.8834200351493848 0.03369559990382303
14 0.5516625659050967 0.6379706660254869 0.8742706502636205 0.031954796826160134
14 0.5505659050966608 0.6798918009136812 0.8720773286467487 0.036201009858138976
14 0.5527627416520211 0.7206972830007213 0.8720773286467487 0.03671315220004809
14 0.553493848857645 0.7621279153642703 0.8691493848857645 0.03397210867997114
14 0.5523936731107205 0.8020557826400577 0.8713427065026361 0.037237316662659295
14 0.5512970123022848 0.8433589805241645 0.8691493848857645 0.0357465736955999
17 0.5928435852372583 0.5598557345515749 0.32215817223198595 0.01989660976196201