15 0.5124780316344464 0.11990521327014218 0.8618629173989455 0.058767772511848344
15 0.5096660808435852 0.18175355450236966 0.8562390158172232 0.042180094786729856
15 0.5114235500878734 0.23412322274881517 0.8541300527240774 0.04075829383886256
15 0.5100175746924429 0.28696682464454976 0.8583479789103691 0.04028436018957346
15 0.5135325131810193 0.3428909952606635 0.8569420035149385 0.057345971563981045
15 0.5142355008787346 0.41255924170616115 0.8569420035149385 0.05924170616113744
15 0.5163444639718805 0.4720379146919431 0.8513181019332162 0.03981042654028436
15 0.5124780316344464 0.5315165876777251 0.8520210896309315 0.06113744075829384
15 0.5156414762741652 0.5933649289099526 0.8569420035149385 0.055924170616113746
15 0.513884007029877 0.6445497630331753 0.8506151142355008 0.04075829383886256
15 0.5145869947275923 0.7040284360189574 0.8506151142355008 0.057345971563981045
15 0.5110720562390159 0.7618483412322274 0.8492091388400703 0.03933649289099526
15 0.5131810193321616 0.8225118483412323 0.8449912126537785 0.057345971563981045
15 0.5128295254833041 0.8805687203791469 0.8485061511423551 0.04170616113744076