15 0.4608084358523726 0.12358974358974359 0.7008787346221441 0.09333333333333334
15 0.46572934973637964 0.27025641025641023 0.7107205623901581 0.13641025641025642
15 0.4305799648506151 0.3853846153846154 0.6460456942003515 0.03641025641025641
15 0.45834797891036905 0.5169230769230769 0.6987697715289982 0.019487179487179488
15 0.3476274165202109 0.5702564102564103 0.4773286467486819 0.020512820512820513
15 0.4601054481546573 0.6305128205128205 0.6966608084358523 0.03333333333333333
15 0.45905096660808437 0.6925641025641026 0.6973637961335677 0.03128205128205128
15 0.4601054481546573 0.7561538461538462 0.6994727592267135 0.03333333333333333
15 0.35184534270650264 0.8117948717948718 0.4843585237258348 0.021538461538461538
15 0.3335676625659051 0.861025641025641 0.4421792618629174 0.019487179487179488
17 0.45905096660808437 0.46025641025641023 0.4274165202108963 0.028205128205128206