14 0.4618101933216168 0.18533253012048193 0.6646959578207381 0.05945060240963856
14 0.4669314586994728 0.2558433734939759 0.6603057996485061 0.07344578313253013
14 0.46388049209138843 0.31633493975903615 0.6664042179261863 0.040660240963855426
14 0.46132161687170475 0.36094939759036143 0.6734727592267136 0.03963132530120482
14 0.46412653778558877 0.40815180722891564 0.6717644991212655 0.04545301204819277
14 0.27264674868189803 0.4462530120481928 0.28636906854130056 0.021371084337349397
14 0.4616871704745167 0.47992048192771086 0.6668892794376098 0.03689156626506024
14 0.4573005272407733 0.5323855421686747 0.658115992970123 0.05490602409638554
14 0.45778910369068543 0.5873951807228915 0.6688400702987697 0.044587951807228916
14 0.3377328646748682 0.6254939759036146 0.4214165202108963 0.027187951807228914
14 0.4538875219683655 0.6542361445783133 0.6610404217926187 0.024496385542168674
14 0.3987943760984183 0.6839783132530121 0.5411072056239016 0.023812048192771083
14 0.45571528998242533 0.7127180722891566 0.6573848857644992 0.027804819277108435
14 0.4169560632688928 0.741122891566265 0.5847416520210896 0.024448192771084336
14 0.37429876977152904 0.7690626506024096 0.4945483304042179 0.026843373493975906
14 0.45778910369068543 0.7978867469879518 0.6688400702987697 0.02933253012048193
31 0.4592724077328647 0.13814698795180722 0.09642882249560632 0.01856144578313253