2 0.16176801405975397 0.17669664110023803 0.09666783831282952 0.1657418672308913
2 0.2716485061511424 0.1764612536366041 0.09623550087873463 0.16621264215815923
2 0.38121616871704744 0.17528431631843427 0.0939261862917399 0.16856651679449883
2 0.4922425307557118 0.17599047870933615 0.09703690685413005 0.16903729172176674
2 0.5967029876977152 0.17857974080930972 0.09326537785588751 0.16950806664903464
2 0.699493848857645 0.17544035969320287 0.10117398945518452 0.16888124834699814
2 0.8088506151142354 0.174498809838667 0.10845694200351494 0.17076434805606983
2 0.15332161687170473 0.8250409944459138 0.09854481546572935 0.16331922771753504
2 0.2675817223198594 0.8249642951600106 0.09936379613356766 0.16786828881248347
2 0.37933919156414764 0.8261412324781804 0.10268189806678384 0.15986775985189106
2 0.49057293497363796 0.8253557259984131 0.093701230228471 0.16206294631049986
2 0.6000386643233743 0.826768050780217 0.09493497363796133 0.1630044961650357
2 0.7086678383128295 0.8269240941549855 0.0970017574692443 0.16331922771753504
2 0.8168787346221441 0.826297275852949 0.1032407732864675 0.1677122454377149
10 0.4945096660808436 0.3357127743983073 0.8071915641476274 0.0353583708013753
10 0.4959683655536028 0.37219518645860883 0.8051072056239017 0.027680507802168738
10 0.49701230228471 0.40970113726527374 0.8021862917398945 0.040558053425019835
10 0.49252724077328647 0.46030679714361283 0.8119859402460456 0.054223750330600375
10 0.4953427065026362 0.5149933879925945 0.8063585237258348 0.051571012959534514
10 0.49513532513181024 0.5690531605395398 0.8009349736379613 0.051430838402539016
10 0.4990966608084359 0.622168738428987 0.8113602811950792 0.049404919333509656
10 0.5015992970123022 0.6631975667812748 0.8163655536028119 0.03637926474477652
19 0.8602495606326889 0.3088071938640571 0.06987697715289982 0.019516001057921187
5 0.1533251318101933 0.9005765670457551 0.02098418277680141 0.012200476064533193
5 0.26414411247803166 0.90253636604073 0.023676625659050966 0.01329806929383761
5 0.3756942003514938 0.8982226924094154 0.02407732864674868 0.011258926209997355
5 0.4909947275922672 0.9000264480296218 0.019472759226713533 0.012044432689764612
5 0.5989982425307557 0.8989288548003174 0.020291739894551845 0.013612800846336948
5 0.7075219683655536 0.9006532663316582 0.023402460456942 0.01329806929383761
5 0.8185483304042179 0.9012033853477915 0.02401054481546573 0.01345675747156837
5 0.16510720562390158 0.250280349113991 0.02077328646748682 0.011668870669135148
5 0.2699824253075571 0.24988891827558848 0.022843585237258345 0.01182491404390373
5 0.38038312829525484 0.24965353081195452 0.022200351493848858 0.012295688971171647
5 0.4927662565905097 0.24808516265538216 0.016762741652021088 0.012922507273208145
5 0.6005623901581723 0.24729965617561492 0.01966608084358524 0.011354139116635811
5 0.7003304042179263 0.24879132504628404 0.022776801405975395 0.013393282200476064
5 0.8105237258347979 0.246828881248347 0.029223198594024606 0.014178788680243321