20 0.8949033391915642 0.0696629213483146 0.03093145869947276 0.011685393258426966
15 0.5163444639718805 0.0853932584269663 0.78804920913884 0.025168539325842697
15 0.5173989455184534 0.11146067415730337 0.7845342706502636 0.03325842696629214
15 0.517750439367311 0.13820224719101123 0.7894551845342707 0.025617977528089888
15 0.517750439367311 0.20853932584269663 0.78804920913884 0.01348314606741573
15 0.5198594024604569 0.2202247191011236 0.7852372583479789 0.011685393258426966
15 0.5181019332161687 0.23595505617977527 0.7873462214411248 0.02247191011235955
15 0.517750439367311 0.2507865168539326 0.7852372583479789 0.012584269662921348
15 0.518804920913884 0.26134831460674157 0.7859402460456942 0.012134831460674157
15 0.517750439367311 0.2723595505617977 0.7866432337434095 0.012584269662921348
15 0.518804920913884 0.28337078651685393 0.7873462214411248 0.01303370786516854
15 0.5173989455184534 0.2939325842696629 0.7859402460456942 0.010786516853932584
15 0.5181019332161687 0.3049438202247191 0.7859402460456942 0.011235955056179775
15 0.5195079086115993 0.3148314606741573 0.7859402460456942 0.011235955056179775
15 0.5193040421792618 0.32471910112359553 0.7841265377855888 0.010337078651685393
15 0.5195079086115993 0.3415730337078652 0.7873462214411248 0.023370786516853932
15 0.5198594024604569 0.35752808988764045 0.78804920913884 0.012134831460674157
15 0.5191564147627417 0.3685393258426966 0.7852372583479789 0.011685393258426966
15 0.5195079086115993 0.37842696629213485 0.7901581722319859 0.011685393258426966
15 0.5191564147627417 0.3885393258426966 0.7852372583479789 0.00943820224719101
15 0.518804920913884 0.3991011235955056 0.7845342706502636 0.009887640449438202
15 0.517750439367311 0.4098876404494382 0.78804920913884 0.011685393258426966
15 0.5195079086115993 0.4253932584269663 0.7859402460456942 0.021123595505617977
15 0.5202108963093146 0.44224719101123594 0.7859402460456942 0.012584269662921348
15 0.518804920913884 0.45280898876404496 0.7873462214411248 0.00943820224719101
15 0.518804920913884 0.46269662921348315 0.7845342706502636 0.00943820224719101
15 0.5195079086115993 0.4734831460674157 0.7873462214411248 0.011235955056179775
15 0.5198594024604569 0.48382022471910113 0.7866432337434095 0.00943820224719101
15 0.5198594024604569 0.4943820224719101 0.78804920913884 0.010786516853932584
15 0.5198594024604569 0.509438202247191 0.78804920913884 0.020224719101123594
15 0.5198594024604569 0.5262921348314606 0.7894551845342707 0.011685393258426966
15 0.5202108963093146 0.5373033707865168 0.7901581722319859 0.011235955056179775
15 0.5191564147627417 0.5469662921348315 0.7866432337434095 0.008089887640449439
15 0.5205623901581722 0.5570786516853933 0.7852372583479789 0.010337078651685393
15 0.5205623901581722 0.5737078651685393 0.7866432337434095 0.02202247191011236
15 0.5156414762741652 0.5901123595505618 0.7810193321616872 0.010786516853932584
15 0.5191564147627417 0.6004494382022472 0.7894551845342707 0.009887640449438202
15 0.5202108963093146 0.6105617977528089 0.7887521968365554 0.011235955056179775
15 0.5202108963093146 0.621123595505618 0.7901581722319859 0.011685393258426966
15 0.5209138840070299 0.6319101123595505 0.7887521968365554 0.010786516853932584
15 0.5205623901581722 0.6480898876404494 0.7894551845342707 0.023370786516853932
15 0.5216168717047451 0.6640449438202247 0.7887521968365554 0.011235955056179775
15 0.5202108963093146 0.6746067415730337 0.7887521968365554 0.010786516853932584
15 0.5205623901581722 0.6853932584269663 0.7866432337434095 0.010786516853932584
15 0.5205623901581722 0.6964044943820225 0.7922671353251318 0.01303370786516854
15 0.5209138840070299 0.7719101123595505 0.7929701230228471 0.03640449438202247
15 0.5209138840070299 0.8049438202247191 0.7915641476274166 0.03415730337078652
15 0.5205623901581722 0.8368539325842697 0.7894551845342707 0.03146067415730337
15 0.5216168717047451 0.8584269662921349 0.7901581722319859 0.012584269662921348
17 0.5219683655536028 0.7312359550561798 0.16379613356766257 0.025168539325842697
17 0.5195079086115993 0.18 0.5469244288224956 0.027415730337078652