15 0.47439718804920916 0.1307214477867449 0.6316695957820738 0.029386157984837367
15 0.47439718804920916 0.17366348740523355 0.6316695957820738 0.037006603081438
15 0.4773251318101933 0.21932012717045732 0.6304956063268893 0.033758865248226945
15 0.4665869947275923 0.261308388359012 0.6441652021089631 0.02806309611151871
15 0.47849912126537786 0.303702616776718 0.6375254833040421 0.034597701149425286
15 0.4761546572934974 0.34936170212765955 0.6375254833040421 0.041132306187331866
15 0.4720527240773286 0.3955612619222304 0.6410404217926187 0.03897040841281487
15 0.38848857644991214 0.4323844460748349 0.4692267135325132 0.022946930789924186
15 0.4720527240773286 0.47220102714600143 0.6410404217926187 0.038989973098557104
15 0.4681476274165203 0.5147322083639031 0.6660351493848857 0.034382489606260704
15 0.4681476274165203 0.5599828808999755 0.6472899824253076 0.03847150892638787
15 0.4720527240773286 0.6027855221325508 0.6410404217926187 0.03766691122523845
15 0.4685413005272408 0.6506162876008804 0.6480702987697715 0.03876742479823918
15 0.46932161687170476 0.6890706774272438 0.6402601054481546 0.02926632428466618
15 0.31058699472759227 0.7226338958180484 0.31576449912126536 0.02628515529469308
15 0.44940597539543053 0.7574223526534605 0.6051177504393673 0.027383223281976034
15 0.4722495606326889 0.7945169968207386 0.6390896309314588 0.034729762778185375
15 0.4669771528998242 0.8373220836390315 0.6449490333919157 0.037187576424553684
30 0.7579367311072056 0.8772707263389582 0.022414762741652022 0.012739056003912938