15 0.5118312829525483 0.09665033080127419 0.786530755711775 0.03741484930164175
15 0.5119437609841828 0.13278363146287675 0.7844991212653779 0.03425385934819897
15 0.5076625659050966 0.16106346483704972 0.7894586994727593 0.021668708649840728
15 0.5076625659050966 0.18756677284979173 0.7894586994727593 0.02596177407498162
15 0.5098031634446397 0.2244841950502328 0.7869806678383129 0.046363636363636364
15 0.5102530755711775 0.2769860328350895 0.7878804920913884 0.06022543494241608
15 0.5096906854130052 0.33220779220779223 0.7799929701230228 0.046527811810830676
15 0.5071001757469245 0.37023033570203384 0.7905869947275922 0.021997059544229355
15 0.5063093145869948 0.4074123989218329 0.786755711775044 0.04765253614310218
15 0.5065342706502636 0.4552487135506003 0.7917152899824252 0.04746630727762803
15 0.5049595782073814 0.49825042881646653 0.7840527240773287 0.03761333006616026
15 0.508 0.5526807155109041 0.7923901581722319 0.06947316834109286
15 0.5060843585237258 0.6095099240382259 0.7908119507908612 0.0369884832148983
15 0.5027029876977153 0.6445430041656457 0.7885588752196836 0.034768439108061745
15 0.5036063268892794 0.6829551580494977 0.7903620386643233 0.03458956138201421
15 0.5046186291739895 0.7190884587111002 0.7901370826010545 0.03142612104876256
15 0.5043936731107206 0.7562411173731928 0.7851775043936731 0.035018377848566526
15 0.5022530755711775 0.8153099730458222 0.787659050966608 0.03372702768929184
15 0.5050720562390159 0.8520705709384955 0.7910369068541301 0.03182308257779956
15 0.5028154657293498 0.8899313893653517 0.7955465729349737 0.035256064690026956
17 0.504871704745167 0.7871918647390346 0.1459578207381371 0.018348444008821366
28 0.0788787346221441 0.92987012987013 0.024312829525483304 0.01770644449889733
32 0.25129701230228474 0.9314408233276158 0.2834903339191564 0.020847831413869148