15 0.5248998242530756 0.1259232296492389 0.7888681898066784 0.021899404367968233
28 0.8885729349736379 0.10990514008382969 0.01984885764499121 0.014193690712552394
15 0.5253145869947276 0.14227001985440105 0.7897047451669595 0.012212662695786455
15 0.5230228471001758 0.15809177145378336 0.789286467486819 0.02031105228325612
15 0.5239613356766257 0.1783587028457975 0.7890790861159929 0.02160820648577101
15 0.524481546572935 0.2042113390690492 0.7880351493848857 0.03014780498566071
15 0.5230228471001758 0.2295168762409001 0.789286467486819 0.01928082947275535
15 0.5206256590509666 0.24913081844253251 0.7907451669595782 0.021883962056033532
15 0.5234411247803163 0.2709971321420693 0.7901195079086115 0.023759099933818664
15 0.5228154657293498 0.2925082726671079 0.7930369068541301 0.018385175380542688
15 0.5218769771528998 0.3121222148687403 0.7932478031634447 0.02099051400838297
15 0.5231282952548331 0.33206265166556365 0.7957469244288226 0.022938451356717408
15 0.5221898066783832 0.3588307963820869 0.7959543057996484 0.030694904037061547
15 0.5240632688927944 0.38400397088021176 0.7955395430579965 0.02218177807191705
15 0.5240632688927944 0.4116589455106993 0.7955395430579965 0.03171189058018972
15 0.5242741652021089 0.43696448268255017 0.8001230228471001 0.02084270902272226
15 0.5241687170474517 0.4576240900066181 0.7936625659050965 0.02030884623869402
15 0.5267732864674869 0.4727928524156188 0.7967873462214412 0.014023825281270682
15 0.5251072056239016 0.4892697992499449 0.7934551845342707 0.020814030443414955
15 0.5239472759226714 0.5046525479814693 0.8015571177504394 0.011032428855062872
15 0.5242601054481546 0.5209309508052062 0.795933216168717 0.021352305316567396
15 0.5224885764499121 0.5407412309728656 0.7944745166959579 0.02042576660048533
15 0.5242601054481546 0.5557158614604015 0.795933216168717 0.011394220163247298
15 0.520091388400703 0.5718641076549746 0.8042671353251317 0.01988528568277079
15 0.5211353251318103 0.5935384954776087 0.8042706502636204 0.02268696227663799
15 0.5211353251318103 0.6106684315023163 0.8042706502636204 0.012477388043238474
15 0.5215536028119507 0.6287800573571587 0.8051072056239017 0.021228766821089786
15 0.5214481546572934 0.6496360026472535 0.8069806678383129 0.02239355834987867
15 0.5235325131810193 0.6708184425325392 0.8028119507908612 0.022903154643723802
15 0.5236379613356766 0.6952724465034194 0.8009384885764499 0.02210456651224355
15 0.5236379613356766 0.7181557467460843 0.7959367311072056 0.023399514670196336
15 0.5245764499121266 0.735418045444518 0.8007275922671354 0.010836090889035957
15 0.5230123022847101 0.7524156187954997 0.8038558875219683 0.018671961173615706
15 0.5236379613356766 0.7725523935583499 0.8009384885764499 0.02232296492389146
15 0.5231177504393673 0.7958283697330686 0.8019789103690685 0.021786896095301125
15 0.5242636203866432 0.8183851753805427 0.7946854130052724 0.023734833443635563
15 0.5234305799648507 0.8411383189940437 0.804688927943761 0.02215309949260975
15 0.5241581722319859 0.864471652327377 0.7998945518453426 0.02172733289212442
15 0.5253040421792619 0.883236267372601 0.8042706502636204 0.018707257886609308