14 0.5390087873462215 0.1146618743343983 0.6910790861159929 0.032044728434504795
14 0.5357996485061511 0.15472843450479232 0.6989173989455185 0.03391107561235357
14 0.5368681898066784 0.1933093716719915 0.7010544815465729 0.03011182108626198
14 0.5360667838312829 0.231919595314164 0.7083585237258347 0.034462193823216185
14 0.5378488576449912 0.2743450479233227 0.7047943760984183 0.031605431309904154
14 0.4863725834797891 0.3070234291799787 0.5982776801405975 0.024092119275825344
14 0.48788752196836555 0.3331256656017039 0.5924007029876978 0.023671458998935035
14 0.5037398945518454 0.36037539936102236 0.6276695957820738 0.01879925452609159
14 0.5362460456942003 0.39088924387646434 0.7051493848857645 0.03394834930777423
14 0.5385623901581722 0.43142705005324816 0.7062179261862918 0.032710330138445154
14 0.5363339191564147 0.4650878594249201 0.6964217926186291 0.02041533546325879
14 0.5376695957820739 0.49173056443024493 0.708 0.021075612353567624
14 0.5032056239015816 0.5236608093716719 0.6372864674868189 0.03231096911608094
14 0.5263620386643234 0.5633519701810437 0.6835992970123023 0.03342651757188499
14 0.48486115992970125 0.6028088391906283 0.5827803163444639 0.03542598509052183
14 0.5403444639718805 0.6432800851970181 0.7097820738137083 0.035404685835995736
14 0.5393637961335677 0.6897497337593184 0.6989173989455185 0.0460356762513312
14 0.5032934973637961 0.7344728434504791 0.6214340949033392 0.03427316293929712
14 0.5126467486818981 0.7686022364217252 0.6526045694200352 0.02427050053248136
14 0.5347311072056239 0.8006416400425985 0.6967803163444639 0.03571884984025559
14 0.5364253075571178 0.8388844515441959 0.7019437609841828 0.03259318423855165
14 0.5392724077328647 0.88160809371672 0.7076449912126538 0.038429179978700746