29 0.5275922671353251 0.9140127388535032 0.4253075571177504 0.01637852593266606
17 0.5279437609841828 0.5111464968152867 0.24745166959578208 0.027752502274795268
17 0.5265377855887522 0.19153776160145586 0.45131810193321614 0.026387625113739762
23 0.3876977152899824 0.2686533212010919 0.36766256590509666 0.020473157415832575
23 0.5240773286467487 0.2891264786169245 0.637609841827768 0.019563239308462238
23 0.4126537785588752 0.30982711555959963 0.4203866432337434 0.018198362147406732
23 0.5244288224956063 0.33848953594176523 0.712829525483304 0.036396724294813464
23 0.5251318101933217 0.37488626023657873 0.7114235500878735 0.03366696997270246
23 0.5265377855887522 0.4119654231119199 0.712829525483304 0.03776160145586897
23 0.38629173989455184 0.589171974522293 0.4351493848857645 0.01910828025477707
23 0.46608084358523727 0.6098726114649682 0.5919156414762742 0.0186533212010919
23 0.35746924428822496 0.6314831665150137 0.3718804920913884 0.018198362147406732
23 0.4101933216168717 0.6512738853503185 0.4773286467486819 0.01683348498635123
23 0.410896309314587 0.672884440400364 0.4787346221441125 0.01910828025477707
23 0.40878734622144114 0.6929026387625113 0.47592267135325134 0.018198362147406732
23 0.3975395430579965 0.7147406733393995 0.45342706502636204 0.01910828025477707
23 0.3908611599297012 0.7354413102820746 0.4358523725834798 0.0186533212010919
23 0.3764499121265378 0.7565969062784349 0.40562390158172235 0.020018198362147407