6 0.1989982425307557 0.1257689495491104 0.20413005272407733 0.08056787716305143
6 0.2624217926186292 0.2339385815257129 0.2997469244288225 0.10338289056787717
6 0.2087592267135325 0.4224226175968803 0.2080316344463972 0.25976358761881546
6 0.4686397188049209 0.37424811113819156 0.23596485061511424 0.08357055812819887
6 0.4686432337434095 0.4817377528637582 0.1852231985940246 0.0833731416037046
6 0.7392618629173989 0.4243407262978308 0.20730052724077327 0.2541238118449915
6 0.4632688927943761 0.6297172800389959 0.41063268892794375 0.14114306604923227
6 0.46441124780316345 0.760438703387765 0.2860562390158172 0.10621496466000488
6 0.6472056239015818 0.2330368023397514 0.34327592267135326 0.11781866926639045
6 0.45546924428822494 0.1257689495491104 0.2466994727592267 0.08327565196197904
6 0.7215325131810194 0.12565683646112602 0.2362530755711775 0.08440409456495247
9 0.20160984182776803 0.1570070679990251 0.029789103690685412 0.019895198635145016
9 0.4585659050966608 0.15813551060199854 0.032351493848857646 0.019444309042164272
9 0.7239789103690685 0.1570070679990251 0.028407732864674864 0.017189861077260542
9 0.6429912126537786 0.27825980989519866 0.026471001757469245 0.020153546185717765
9 0.2635711775043937 0.27284426029734343 0.0268506151142355 0.017445771386790154
9 0.293493848857645 0.4168803314647819 0.02814762741652021 0.019965878625396054
9 0.47336379613356766 0.40684133560809166 0.02877328646748682 0.017482330002437242
9 0.4728787346221441 0.5076773092858884 0.025845342706502638 0.018864245673897148
9 0.8171669595782074 0.4211650012186205 0.029370826010544818 0.017711430660492324
9 0.46621089630931456 0.6898269558859371 0.030073813708260105 0.021827930782354375
9 0.46734622144112475 0.7993468194004386 0.034302284710017575 0.020277845478917866
28 0.46748681898066785 0.9342749207896661 0.03866432337434095 0.03005849378503534