16 0.4720702987697715 0.11051844466600198 0.23802460456942 0.02440677966101695
16 0.26860456942003513 0.14708125623130608 0.3044428822495606 0.017769192422731808
16 0.3377223198594025 0.33654037886340976 0.4379929701230228 0.024469092721834496
16 0.27211950790861156 0.4700448654037886 0.2974130052724077 0.01564057826520439
16 0.2746572934973638 0.6071535393818545 0.32357820738137083 0.017340478564307076
16 0.2816871704745167 0.8423130608175474 0.3282636203866432 0.019067796610169493
18 0.4419859402460457 0.1761665004985045 0.6277680140597539 0.0360593220338983
18 0.48845342706502637 0.2135593220338983 0.6972759226713533 0.03440677966101695
18 0.42050966608084356 0.242642073778664 0.5613848857644992 0.019456630109670987
18 0.46111775043936737 0.2614755732801595 0.6426045694200352 0.017245762711864406
18 0.4316379613356766 0.2810044865403789 0.5812970123022847 0.02140578265204387
18 0.48337785588752197 0.3063484546360917 0.6824358523725834 0.03055333998005982
18 0.482597539543058 0.36465353938185446 0.6902460456942003 0.03250997008973081
18 0.484158172231986 0.3992771684945165 0.6886818980667838 0.03528913260219342
18 0.39239367311072054 0.42669740777667003 0.5004674868189807 0.017013958125623133
18 0.34670650263620384 0.4455333998005982 0.43252372583479787 0.01812811565304088
18 0.48865026362038666 0.49913010967098703 0.68595079086116 0.030605682951146563
18 0.38341300527240774 0.5275199401794616 0.4871915641476274 0.02258225324027916
18 0.4773251318101933 0.5463534396809571 0.6820456942003515 0.01372382851445663
18 0.3933673110720563 0.5642198404785643 0.5094481546572935 0.01788384845463609
18 0.481817223198594 0.5859646061814556 0.6652513181019333 0.023150548354935192
18 0.4814235500878735 0.6359496510468594 0.6785307557117751 0.028404785643070786
18 0.4794727592267135 0.6664182452642073 0.6886854130052724 0.03284646061814556
18 0.48396133567662564 0.7022856430707877 0.7000070298769772 0.03313310069790628
18 0.4353462214411248 0.7328938185443669 0.5957469244288225 0.022891326021934198
18 0.47966608084358525 0.7539431704885344 0.6773602811950791 0.02178963110667996
18 0.48025307557117747 0.7773479561316051 0.6808752196836555 0.02373629112662014
18 0.4859156414762742 0.8119740777666998 0.680481546572935 0.03648554336989033
18 0.38458347978910373 0.8622432701894317 0.49421792618629173 0.01572532402791625
18 0.3998137082601055 0.884957627118644 0.5106186291739895 0.021271186440677967
18 0.40098418277680137 0.9057303090727816 0.51296309314587 0.01961615154536391