29 0.5212653778558876 0.367101560501407 0.047100175746924426 0.01688411358403684
6 0.23339191564147627 0.18316705039652084 0.2741652021089631 0.09925812228191354
6 0.507908611599297 0.17472499360450244 0.27065026362038663 0.1018163213097979
6 0.7947275922671353 0.17139933486825276 0.2734622144112478 0.10130468150422103
6 0.2312829525483304 0.30033256587362495 0.26994727592267137 0.10232796111537477
6 0.5040421792618629 0.2967510872345869 0.26994727592267137 0.09925812228191354
6 0.7926186291739895 0.29316960859554875 0.27627416520210896 0.10539779994883602
9 0.23304042179261863 0.21923765668969045 0.03866432337434095 0.012790995139421847
9 0.5050966608084358 0.21719109746738297 0.04147627416520211 0.010744435917114352
9 0.7855887521968365 0.21437707853671015 0.04428822495606327 0.01330263494499872
9 0.22776801405975394 0.3343566129444871 0.03093145869947276 0.0117677155282681
9 0.5005272407732865 0.3399846508058327 0.028119507908611598 0.010744435917114352
9 0.7831282952548331 0.33640317216679455 0.03796133567662566 0.010744435917114352
14 0.48646748681898067 0.4231261192120747 0.6523725834797891 0.01841903300076746
14 0.4369068541300527 0.45459196725505246 0.5420035149384885 0.018930672806344334
14 0.42425307557117753 0.4834996162701458 0.513884007029877 0.017395753389613713
14 0.4186291739894552 0.5136863647991814 0.5026362038664324 0.017395753389613713
14 0.4101933216168717 0.5433614735226401 0.4857644991212654 0.019442312611921208
14 0.5230228471001758 0.5732924021488872 0.7100175746924429 0.01688411358403684
14 0.524780316344464 0.6111537477615758 0.7135325131810193 0.03427986697365055
14 0.4421792618629174 0.646968534151957 0.5427065026362039 0.022000511639805577
14 0.4063268892794376 0.6781785622921463 0.47943760984182776 0.01688411358403684
14 0.38945518453427064 0.7070862113072397 0.4428822495606327 0.017395753389613713
14 0.4509666080843585 0.7385520593502174 0.567311072056239 0.017907393195190587
14 0.44956063268892793 0.7677155282680993 0.5630931458699473 0.017907393195190587
14 0.5212653778558876 0.8037861345612689 0.7107205623901581 0.034791506779227425
14 0.5191564147627417 0.8498337170631876 0.7191564147627416 0.03376822716807368
14 0.44850615114235504 0.8874392427730877 0.5666080843585237 0.01688411358403684