27 0.3609296411415654 0.14981460882461994 0.04456343599886974 0.016696329254727475
10 0.35859847414523877 0.17654430849091582 0.2978185928228313 0.01600296625880608
10 0.36001695394179145 0.19269929551353357 0.29807572760666856 0.01616240266963293
10 0.359756993500989 0.22881720430107527 0.29756145803899403 0.015635891731553577
10 0.36001695394179145 0.24615869484612532 0.29807572760666856 0.014779384501297737
10 0.36014410850522743 0.2623989618094179 0.2957558632382029 0.013414905450500557
10 0.3598219836111896 0.2904783092324805 0.2964001130262786 0.0424990730441231
10 0.3608533484035038 0.3189024842417501 0.29846284261090705 0.01812013348164627
10 0.359756993500989 0.35936967000370784 0.29756145803899403 0.017830923248053392
10 0.36033907883582933 0.3748498331479422 0.2974314778185928 0.01664071190211346
10 0.3582113591410003 0.3910048201705599 0.2996241876236225 0.016800148312940306
10 0.35924272393331447 0.4036114200964034 0.2965300932466799 0.013240637745643307
10 0.35924272393331447 0.43380422691879866 0.2965300932466799 0.04485724879495736
10 0.35885560892907603 0.4651019651464591 0.298335688047471 0.016080830552465702
10 0.35924272393331447 0.48802373007044864 0.2965300932466799 0.02977011494252874
10 0.3590477536027126 0.5172080088987765 0.30001130262786097 0.03229143492769744
10 0.3578892342469624 0.5605524657026325 0.29511161345012715 0.014067482387838339
10 0.35995196383159084 0.5758620689655172 0.299237072619384 0.01592139414163886
10 0.35808137892059905 0.5922728958101594 0.29678722803051705 0.01827956989247312
10 0.3598869737213902 0.6150241008527995 0.29523876801356314 0.02824619948090471
10 0.3584684939248375 0.6359176863181313 0.2949816332297259 0.01757879124953652
10 0.3576942639163606 0.6574860956618465 0.2965300932466799 0.028561364479050798
10 0.3582113591410003 0.6788876529477197 0.2996241876236225 0.015520949202817946
10 0.35808137892059905 0.702146829810901 0.29678722803051705 0.028539117538005192
10 0.35827634925120094 0.72431219873934 0.29846284261090705 0.01668149796069707
10 0.356727889234247 0.746132740081572 0.29536874823396436 0.029862810530218765
10 0.35885560892907603 0.791635150166852 0.298335688047471 0.06333333333333334
10 0.7463746821135915 0.18894697812384129 0.2970415371573891 0.032347052280311456
10 0.7477281717999434 0.21060437523173897 0.2984600169539418 0.014738598442714126
10 0.746439672223792 0.2320875046347794 0.2958801921446736 0.02724508713385243
10 0.7477931619101441 0.25255839822024473 0.2972986719412264 0.01742306266221728
10 0.7476010172365075 0.27666295884315906 0.30077988132240746 0.03009640341119763
10 0.7453433173212772 0.32293288839451245 0.2949788075727607 0.016028921023359288
10 0.7479231421305453 0.3461920652576937 0.29497598191579544 0.03039673711531331
10 0.7456032777620797 0.36830923248053393 0.29549307714043516 0.015398591027067112
10 0.7468267872280305 0.38336299592139417 0.29923142130545355 0.015053763440860216
10 0.745665442215315 0.39740452354467926 0.29949138174625606 0.01267704857248795
10 0.7476660073467081 0.41153133110863926 0.299618536309692 0.015543196143863553
10 0.7466968070076293 0.4254022988505747 0.29639728736931337 0.01621431219873934
10 0.7466346425543939 0.4415609936967001 0.29755580672506354 0.016373748609566183
10 0.7457304323255156 0.45593993325917687 0.2983300367335405 0.014671857619577308
10 0.7457954224357163 0.46981090100111234 0.2971686917208251 0.015342973674453097
10 0.748567391918621 0.4923952539859103 0.2936874823396439 0.028353726362625137
10 0.7454083074314778 0.53853170189099 0.2989742865216163 0.014022988505747127
10 0.7452783272110766 0.5541787170930663 0.29613732692851086 0.016548016314423434
10 0.7452783272110766 0.5674601408972934 0.29613732692851086 0.014341861327400816
10 0.7446990675332014 0.5838672599184279 0.29626730714891214 0.016703744901742677
10 0.7450211924272394 0.599469781238413 0.2956230573608364 0.017441601779755282
10 0.7474060469059056 0.6144419725621061 0.2991042667420175 0.01185020393029292
10 0.744311952528963 0.6266221727845754 0.2980729019497033 0.015902855024100854
10 0.74508618253744 0.6431145717463849 0.299618536309692 0.016740823136818687
10 0.7466346425543939 0.6574119391916945 0.29755580672506354 0.016562847608453838
10 0.7465696524441933 0.6803299962921765 0.2987171517377791 0.03025213199851687
10 0.745987567109353 0.7247423062662217 0.29884713195818025 0.01584723767148684
10 0.7466346425543939 0.7416573971078977 0.29755580672506354 0.015839822024471636
10 0.7459254026561175 0.7566295884315907 0.3000056513139305 0.017015202076381165
10 0.7474060469059056 0.7720244716351502 0.2991042667420175 0.017345198368557656
10 0.7466346425543939 0.7867408231368187 0.29755580672506354 0.016321839080459772
10 0.747988132240746 0.8061957730812013 0.2989742865216163 0.031535038932146826
13 0.3617773382311387 0.21265850945494993 0.024334557784684942 0.015461624026696331
13 0.3605510031082227 0.3380978865406007 0.025753037581237637 0.017589914720059323
13 0.36080813789205995 0.5422877271041898 0.021110483187341055 0.01645902855024101
13 0.7462362249222944 0.7047645532072674 0.025948007911839502 0.016510938079347424
13 0.746623339926533 0.5193548387096775 0.024142413111048318 0.01797182054134223
13 0.7462362249222944 0.3017278457545421 0.025948007911839502 0.01592139414163886
27 0.7475247244984459 0.1524323322209863 0.0440011302627861 0.01685205784204672