27 0.26056851311953355 0.11810551558752998 0.05466472303206997 0.027577937649880094
27 0.7379737609329446 0.11990407673860912 0.06924198250728864 0.026378896882494004
6 0.7357871720116618 0.3688249400479616 0.33163265306122447 0.33093525179856115
9 0.7379737609329446 0.5227817745803357 0.08527696793002916 0.024940047961630695
17 0.7412536443148688 0.15875299760191847 0.10058309037900874 0.03357314148681055
17 0.260932944606414 0.14916067146282974 0.17055393586005832 0.027817745803357313
17 0.26166180758017493 0.2772182254196643 0.15597667638483964 0.02302158273381295
17 0.2631195335276968 0.3908872901678657 0.11224489795918367 0.023980815347721823
17 0.2653061224489796 0.4935251798561151 0.052478134110787174 0.022062350119904078
17 0.2642128279883382 0.5635491606714629 0.11443148688046648 0.023980815347721823
17 0.26567055393586003 0.6326139088729017 0.1858600583090379 0.022062350119904078
17 0.2660349854227405 0.7170263788968825 0.13702623906705538 0.023980815347721823
17 0.266399416909621 0.7923261390887291 0.08819241982507289 0.024940047961630695
17 0.7376093294460642 0.5649880095923261 0.09912536443148688 0.024940047961630695
17 0.7365160349854227 0.641726618705036 0.09402332361516035 0.02302158273381295
17 0.7350583090379009 0.7127098321342926 0.09985422740524781 0.024940047961630695
17 0.7332361516034985 0.7865707434052758 0.12536443148688048 0.02302158273381295
15 0.26239067055393583 0.18225419664268586 0.32798833819241985 0.04028776978417266
15 0.26457725947521865 0.234052757793765 0.32653061224489793 0.05755395683453238
15 0.26384839650145775 0.320863309352518 0.33527696793002915 0.05851318944844125
15 0.22849854227405247 0.36258992805755397 0.2543731778425656 0.02877697841726619
15 0.26166180758017493 0.43884892086330934 0.32653061224489793 0.07577937649880095
15 0.2660349854227405 0.5270983213429257 0.3250728862973761 0.04124700239808154
15 0.2620262390670554 0.596642685851319 0.32434402332361517 0.04220623501199041
15 0.26822157434402333 0.6743405275779376 0.33090379008746357 0.05947242206235012
15 0.26712827988338195 0.7515587529976019 0.32871720116618075 0.04508393285371703
15 0.2033527696793003 0.8191846522781775 0.1967930029154519 0.02685851318944844
15 0.6636297376093294 0.5995203836930456 0.1858600583090379 0.03836930455635491
15 0.7365160349854227 0.6738609112709832 0.33163265306122447 0.04316546762589928
15 0.6512390670553936 0.7429256594724221 0.16107871720116618 0.039328537170263786
15 0.7182944606413995 0.8282973621103118 0.3010204081632653 0.060431654676258995