17 0.26844318641326326 0.308517745302714 0.21770319450060654 0.03596555323590814
21 0.21088960776384957 0.3953444676409186 0.21097048119692682 0.03633611691022965
21 0.2645289122523251 0.43936325678496874 0.32148402749696725 0.0513152400835073
25 0.2649332794177113 0.7795302713987473 0.30773554387383745 0.028089770354906056
17 0.7277678932470684 0.27424321503131527 0.22410432672866964 0.048830897703549064
17 0.729385361908613 0.38351252609603337 0.24674484431864135 0.087839248434238
7 0.7280347755762232 0.1625365344467641 0.3216821674080065 0.04253653444676409
24 0.9471936918722199 0.0536169102296451 0.06772745653052972 0.07939457202505219
15 0.7319409623938535 0.4633768267223382 0.3149454104326729 0.04923277661795407
15 0.732078447230085 0.5221868475991649 0.31359482410028305 0.062468684759916494
15 0.7301900525677315 0.5832620041753653 0.31305701577031947 0.05308977035490605
15 0.7296522442377679 0.6432881002087683 0.3152122927618277 0.054154488517745306
15 0.7300566114031541 0.711847599164927 0.31763849575414477 0.07435281837160752
15 0.7324828143954711 0.7809237995824635 0.31602102709260005 0.055929018789144046
32 0.7459684593610999 0.8687943632567849 0.09713708046906591 0.06674321503131524