28 0.2768422965116279 0.1275 0.04448401162790698 0.023006692160611856
28 0.7261809593023256 0.12304015296367111 0.044898255813953486 0.017906309751434035
15 0.26352107558139537 0.15717495219885277 0.2883829941860465 0.016964627151051626
15 0.2676453488372093 0.1729110898661568 0.2941170058139535 0.014211281070745698
15 0.2768059593023256 0.19785372848948377 0.3149563953488372 0.0320697896749522
15 0.2659665697674419 0.22279158699808796 0.29579578488372094 0.016802103250478012
15 0.2775072674418605 0.2654923518164436 0.3180341569767442 0.06466539196940727
15 0.24771438953488373 0.3103059273422562 0.2584484011627907 0.018479923518164434
15 0.23988008720930232 0.3287141491395793 0.2411046511627907 0.015540152963671127
15 0.27708575581395345 0.35263862332695983 0.315515988372093 0.03248087954110899
15 0.23155886627906977 0.3789579349904398 0.2253015988372093 0.01665869980879541
15 0.2655486918604651 0.39782504780114725 0.28992005813953486 0.01574569789674952
15 0.2513517441860465 0.41510994263862333 0.26068677325581396 0.014980879541108987
15 0.2781359011627907 0.4394980879541109 0.3167768895348837 0.03173518164435946
15 0.2754796511627907 0.47391491395793495 0.31481831395348836 0.03211281070745698
15 0.27743822674418606 0.506491395793499 0.31369912790697674 0.031018164435946464
15 0.2014171511627907 0.5336376673040153 0.1675327034883721 0.017958891013384323
15 0.23722383720930235 0.5507552581261951 0.23747093023255814 0.017595602294455066
15 0.23568313953488373 0.5683317399617591 0.23271438953488371 0.013365200764818357
15 0.23316860465116276 0.5869120458891013 0.22432049418604652 0.015195984703632887
15 0.24043968023255816 0.6031118546845124 0.24222383720930232 0.014464627151051627
15 0.22729287790697675 0.6205019120458891 0.2142514534883721 0.01723231357552581
15 0.24512718023255814 0.6384464627151052 0.2574709302325581 0.014474187380497133
15 0.275686773255814 0.6543690248565965 0.31607558139534886 0.016505736137667305
15 0.27617732558139535 0.6705640535372849 0.3195748546511628 0.01577437858508604
15 0.2788335755813954 0.6964244741873805 0.3164970930232558 0.03105640535372849
15 0.22575581395348837 0.7221940726577437 0.20781613372093022 0.01413001912045889
15 0.2263844476744186 0.7385707456978967 0.21159156976744184 0.015975143403441684
15 0.2692550872093023 0.7556883365200765 0.29817223837209306 0.014875717017208414
15 0.25260901162790694 0.7726242829827915 0.26656250000000004 0.015616634799235182
15 0.27834665697674416 0.7973757170172083 0.31299781976744184 0.028690248565965585
15 0.719142441860465 0.15083173996175908 0.3040406976744186 0.014211281070745698
15 0.6998401162790698 0.16794933078393884 0.26375726744186045 0.015320267686424473
15 0.7271875 0.19344168260038241 0.3192877906976744 0.0320793499043977
15 0.726765988372093 0.2279493307839388 0.31676962209302323 0.03374282982791587
15 0.7269767441860465 0.253255258126195 0.3163517441860465 0.01700286806883365
15 0.7174672965116279 0.27055927342256214 0.2973292151162791 0.018479923518164434
15 0.7266969476744186 0.2976147227533461 0.3174709302325581 0.03505258126195029
15 0.7162063953488372 0.32264340344168263 0.29648982558139536 0.01665391969407266
15 0.725719476744186 0.3386567877629063 0.31886991279069765 0.013346080305927342
15 0.7045966569767441 0.35623326959847035 0.2699127906976744 0.016477055449330782
15 0.7246002906976744 0.38237093690248564 0.3166315406976744 0.03341778202676864
15 0.7244585755813954 0.40857074569789675 0.318030523255814 0.01847036328871893
15 0.709142441860465 0.4269789674952199 0.28320130813953487 0.015530592734225622
15 0.7254396802325581 0.4437284894837476 0.31831031976744184 0.015903441682600383
15 0.7258575581395349 0.4602915869980879 0.3157921511627907 0.01811663479923518
15 0.7259992732558139 0.48513862332695984 0.3160719476744186 0.03027246653919694
15 0.7249491279069767 0.5096175908221797 0.3148110465116279 0.017394837476099427
15 0.698092296511628 0.5285755258126195 0.259422238372093 0.01776768642447419
15 0.6809593023255814 0.5462428298279158 0.22095930232558142 0.013355640535372849
15 0.708234011627907 0.5612428298279158 0.27886627906976746 0.015750478011472276
15 0.7273982558139535 0.5873804971319312 0.3155123546511628 0.03269120458891014
15 0.7225726744186046 0.6137762906309752 0.3050218023255814 0.015922562141491396
15 0.7261373546511628 0.6376099426386234 0.31467296511627907 0.03157265774378585
15 0.7006795058139534 0.6635611854684513 0.26375726744186045 0.017222753346080307
15 0.7213808139534884 0.6808604206500956 0.30683866279069766 0.014282982791586997
15 0.7253670058139535 0.7049760994263862 0.3156504360465116 0.029378585086042065
15 0.7252979651162791 0.7319359464627151 0.31467296511627907 0.020368068833652008
15 0.6828488372093023 0.7494216061185468 0.23228924418604652 0.015587954110898661
15 0.6652943313953489 0.7661711281070746 0.19634084302325583 0.015960803059273422
15 0.6803997093023256 0.7838384321223709 0.2299091569767442 0.02038240917782027
15 0.7266279069767442 0.8114483747609943 0.3181686046511628 0.03364244741873805