28 0.2743516335466487 0.10603413654618474 0.04977096665543954 0.023980923694779117
28 0.7273290670259347 0.10736947791164658 0.050818457393061636 0.026656626506024097
16 0.274008083529808 0.4974849397590361 0.24443246884472888 0.04383032128514056
15 0.27647356012125296 0.1485190763052209 0.3346884472886494 0.05139558232931727
15 0.27546311889525094 0.20221887550200804 0.33491411249578984 0.045672690763052214
15 0.27602222970697204 0.2540813253012048 0.3337925227349276 0.04899096385542169
15 0.2491950151566184 0.3010893574297189 0.28687100033681373 0.03257028112449799
15 0.27142135399124284 0.33889558232931727 0.3358134051869316 0.03455321285140562
15 0.27321657123610643 0.3838955823293173 0.3394038396766588 0.05426706827309237
15 0.272990906028966 0.5717620481927711 0.33446615021892895 0.04512550200803213
15 0.2738901987201078 0.6299748995983936 0.33626136746379254 0.05446285140562249
15 0.24997979117547997 0.6761495983935744 0.29068710003368137 0.03971385542168675
15 0.2716470191983833 0.7107781124497992 0.33177164028292355 0.03199799196787149
15 0.27153250252610306 0.754437751004016 0.3337925227349276 0.049036144578313255
15 0.27456382620410913 0.8099748995983936 0.33311889525092625 0.053022088353413654
15 0.7279016503873358 0.1490261044176707 0.33937689457729875 0.04637550200803213
15 0.7281273155944762 0.2112550200803213 0.33533512967329066 0.06373493975903614
15 0.7288009430784775 0.2780020080321285 0.34117547995958236 0.05332831325301205
15 0.7036544291007073 0.3201606425702811 0.29088582014146175 0.030552208835341366
15 0.7282384641293365 0.3623142570281125 0.3333142472212866 0.047926706827309234
15 0.728012798922196 0.42655120481927716 0.3373560121252947 0.06930220883534137
15 0.7284641293364769 0.4928012048192771 0.3382553048164365 0.05454317269076305
15 0.7292489053553385 0.5488403614457831 0.3330919501515662 0.049492971887550204
15 0.7300336813742 0.598027108433735 0.3369080498484338 0.047454819277108436
15 0.7300336813742 0.6497138554216868 0.3369080498484338 0.053785140562249
15 0.713533176153587 0.6980622489959839 0.3106399461098013 0.04004016064257029
15 0.7032064668238465 0.733027108433735 0.28998652745032 0.03968373493975903
15 0.7289120916133378 0.7733433734939759 0.3391545975075783 0.036646586345381524
15 0.7296968676321993 0.8165010040160643 0.34297069720444595 0.04933734939759036