15 0.2678465415849902 0.2255349794238683 0.3377989358723047 0.07795473251028807
15 0.27029683562027446 0.3484938271604938 0.3328983478017362 0.06667078189300411
15 0.27239428731447773 0.4743662551440329 0.33709885186222344 0.07562139917695473
15 0.27344441332959957 0.6136172839506172 0.332198263791655 0.09074897119341564
15 0.2725119014281714 0.7839094650205761 0.34153178381405763 0.10005761316872427
17 0.27648557826939235 0.6822098765432099 0.15345841500980117 0.030403292181069956
17 0.27088490618874267 0.15264609053497943 0.13945673480817697 0.02477366255144033
17 0.2741528983478017 0.2826378600823045 0.14598991879025483 0.025493827160493827
17 0.2781181741809017 0.4138271604938272 0.14832259871184542 0.030674897119341567
17 0.27578549425931115 0.5326707818930042 0.14925791094931393 0.027617283950617282
21 0.27532343881265753 0.5573662551440329 0.05311957434892187 0.01939506172839506
21 0.2776561187342481 0.7045061728395062 0.05218426211145337 0.021493827160493827
21 0.2783562027443293 0.7240534979423868 0.050784094091290956 0.023555555555555555
21 0.2769560347241669 0.43183539094650203 0.05078689442733128 0.019358024691358024
21 0.27672360683281993 0.3059588477366255 0.05591991038924671 0.018637860082304527
21 0.27403808457014844 0.1759670781893004 0.054752170260431256 0.01380246913580247
27 0.27345561467376084 0.11320164609053497 0.046586390366844026 0.015843621399176954