15 0.27558489033306255 0.16711158569140416 0.30456539398862714 0.033192738921516286
15 0.2660885458976442 0.21045381740523225 0.2855727051177904 0.0297010144153764
15 0.23293663688058489 0.2478964228510411 0.2280625507717303 0.03060331019754405
15 0.21948415922014622 0.36531767218366257 0.19588139723801787 0.03423384943940203
15 0.27628757108042246 0.41524292578750666 0.30597075548334685 0.05084890549919914
15 0.2718034118602762 0.5453764014949279 0.30227863525588955 0.05678590496529631
15 0.24841186027619822 0.5981954084356648 0.2519821283509342 0.0398825413774693
15 0.20778635255889522 0.6363854778430326 0.17424857839155158 0.02378003203416978
15 0.20980909829406985 0.6730165509877202 0.17301787164906582 0.0392418579818473
15 0.22009748172217708 0.7103523758675921 0.19183590576766857 0.023737319807794983
15 0.19714865962632006 0.7495301655098772 0.1490982940698619 0.030416444207154298
15 0.7202396425670187 0.80893219434063 0.3126360682372055 0.09836091831286706
15 0.7212916328188465 0.7258408969567539 0.3077132412672624 0.05010144153764015
15 0.7234930950446792 0.6641270688734651 0.3033143785540211 0.05152162306460224
15 0.723842404549147 0.6049546182594767 0.304017059301381 0.05340630005339028
15 0.7232290820471161 0.5476348104644955 0.3010276198212835 0.04973838761345435
15 0.6906051990251828 0.4977095568606514 0.24105605199025185 0.03312333155365724
15 0.7186555645816409 0.4469674319273892 0.30595450852965067 0.049567538707955154
15 0.7096872461413485 0.394522156967432 0.27746141348497155 0.030213561131874
15 0.671348497156783 0.3591564335290977 0.20781884646628757 0.028846769887880406
15 0.7219090170593013 0.30899092365189534 0.3036677497969131 0.05337426588360918
15 0.724813160032494 0.247971169247197 0.30067424857839153 0.051558996262680186
17 0.7254346060113729 0.1869514148424987 0.08557270511779042 0.031254671649759744
17 0.2771689683184403 0.3161825947677523 0.14942729488220957 0.040010678056593696
17 0.27699431356620635 0.49035237586759206 0.0963119415109667 0.0392205018686599
28 0.27383021933387486 0.12121729845168179 0.06183996750609261 0.026946075814201813