15 0.3013743051266214 0.279831678895123 0.29347745521927115 0.1634441087613293
15 0.3038140827671402 0.4247302546396202 0.28751698579369983 0.1047475183426845
15 0.30740580605311923 0.532753560638757 0.2825015441630636 0.08404833836858007
15 0.3055064854848672 0.657138541217091 0.2949691167387276 0.15479067760034526
15 0.30801420630018533 0.7757229175658178 0.2932056825200741 0.06240397065170479
6 0.7984064237183446 0.8310056107034959 0.27651945645460163 0.19190332326283988
6 0.7568004941321803 0.5735779024600777 0.3586473131562693 0.2888088044885628
6 0.7789592340951205 0.2533664220975399 0.32300185299567635 0.31317220543806645
9 0.9262075355157504 0.2945878290893396 0.014410129709697343 0.03386706948640483
9 0.9135361334156887 0.16062149331031508 0.014820877084620137 0.09737160120845922
9 0.9253273625694873 0.57404833836858 0.014005558987029031 0.03405697022011221
9 0.9236998147004324 0.819382822615451 0.010753551575046325 0.030401381096245142
28 0.3010531192093885 0.17359948208890807 0.047532427424336006 0.019162710401381094