15 0.5188888888888888 0.1612074303405573 0.6235837245696401 0.049277605779153764
15 0.5287949921752738 0.20748194014447885 0.6308841940532082 0.044819401444788444
15 0.5167996870109547 0.2752579979360165 0.6194053208137715 0.04002063983488132
15 0.5199295774647887 0.3528379772961816 0.631924882629108 0.061026831785345716
15 0.5162754303599374 0.4027244582043344 0.6246244131455398 0.03696078431372549
15 0.5110641627543036 0.4486532507739938 0.620453834115806 0.052450980392156864
15 0.5079342723004695 0.5150567595459236 0.6267136150234742 0.08205882352941177
15 0.5089749608763694 0.6096697626418989 0.6225430359937403 0.06075335397316821
15 0.49332550860719876 0.7166666666666667 0.6350625978090767 0.06009287925696594
15 0.49645539906103286 0.8004385964912281 0.616283255086072 0.04394736842105263
17 0.5037636932707354 0.6660887512899898 0.4931846635367762 0.04562951496388029
17 0.49777777777777776 0.7675799793601651 0.20264475743348984 0.021573787409700725
17 0.5032472613458528 0.5697574819401445 0.26679968701095463 0.02220846233230134
17 0.5160250391236307 0.3132714138286894 0.3831220657276995 0.023173374613003093
17 0.5136776212832551 0.24308565531475748 0.31895931142410017 0.023152734778121773
28 0.5251643192488262 0.12284313725490195 0.1103129890453834 0.020025799793601654
24 0.10083724569640062 0.15948916408668729 0.0785602503912363 0.06648090815273477
24 0.17985915492957746 0.16808565531475747 0.07072769953051643 0.05891124871001032
24 0.10787949921752739 0.2153921568627451 0.07699530516431925 0.04826109391124871
24 0.1968153364632238 0.2234778121775026 0.06394366197183099 0.04998452012383901
24 0.08153364632237872 0.2783539731682147 0.07125978090766823 0.04621259029927761
24 0.1777699530516432 0.2800722394220846 0.09158841940532081 0.041398348813209494
24 0.07136150234741784 0.3349484004127967 0.06657276995305164 0.033498452012383904
24 0.16107981220657278 0.3413106295149639 0.05194835680751174 0.048297213622291016
24 0.09014084507042254 0.38225490196078427 0.06656494522691705 0.04348813209494324
24 0.16629890453834115 0.3932610939112487 0.06863849765258216 0.03660990712074304
24 0.17698748043818466 0.450546955624355 0.0618622848200313 0.05830237358101135
24 0.08701095461658842 0.4551909184726522 0.08534428794992174 0.0572703818369453
24 0.08779342723004695 0.5033539731682146 0.04622065727699531 0.02976264189886481
24 0.1777699530516432 0.5271001031991744 0.07906885758998435 0.060732714138286896
24 0.10109546165884194 0.6148297213622291 0.08221439749608764 0.046305469556243546
24 0.1968153364632238 0.6141382868937049 0.07020344287949921 0.053183694530443755
24 0.08440532081377153 0.7102992776057792 0.06135367762128325 0.045299277605779155
24 0.1855946791862285 0.7180392156862745 0.069679186228482 0.05184210526315789
24 0.0891001564945227 0.7968317853457172 0.1082942097026604 0.08007223942208462
24 0.19341940532081378 0.8305417956656347 0.07906885758998435 0.05668730650154799
24 0.6868622848200313 0.8382868937048503 0.20209702660406884 0.05771929824561403
24 0.7215492957746479 0.7522755417956657 0.1431455399061033 0.04668730650154799
24 0.6858137715179969 0.6347832817337461 0.15619718309859154 0.03667698658410733
24 0.805266040688576 0.29348813209494323 0.1321830985915493 0.04346749226006192