17 0.2773005671077505 0.3095344325897187 0.2244952741020794 0.026416100872938893
21 0.22062381852551982 0.3956935014548981 0.201648393194707 0.03344810863239573
21 0.2770661625708885 0.4509602327837051 0.3145293005671077 0.07708535402521823
25 0.27262003780718336 0.7923375363724539 0.2780264650283554 0.023947623666343357
17 0.7284990548204159 0.2539185257032008 0.2326086956521739 0.043074684772065955
7 0.7266540642722117 0.1438603297769156 0.30255198487712665 0.04136760426770126
15 0.7307183364839319 0.37168768186226964 0.30914555765595464 0.052337536372453926
15 0.7229754253308128 0.4157516973811833 0.3013232514177694 0.030281280310378272
15 0.6550321361058601 0.45066925315227935 0.15623818525519848 0.031246362754607182
15 0.7345519848771267 0.49708535402521825 0.30761058601134217 0.053249272550921434
15 0.7318714555765595 0.5541173617846751 0.30684310018903593 0.05909311348205625
15 0.7189867674858224 0.6011348205625606 0.28107750472589793 0.031134820562560624
15 0.7304877126654065 0.6469641125121242 0.3132854442344045 0.04802133850630456
15 0.7294933837429112 0.7022405431619787 0.31282797731568995 0.05231813773035887
15 0.7282646502835539 0.7614451988360814 0.3165066162570888 0.05661493695441319