28 0.7413640956551028 0.11330092367525522 0.03936679016503873 0.019829849295089935
15 0.740565847086561 0.16289742343218278 0.3516840687100034 0.07235294117647059
15 0.738992926911418 0.24052989790957705 0.35393061636914785 0.06621779290228488
15 0.7452812394745705 0.3100583373845406 0.3530313236780061 0.05553719008264463
15 0.7424755810037049 0.5314487117160914 0.35145840350286295 0.07828877005347593
15 0.7308016167059616 0.591249392318911 0.31733243516335463 0.028711716091395237
15 0.7431492084877063 0.636951871657754 0.34741663859885485 0.04622751579970832
15 0.7418019535197036 0.6899513855128828 0.34472212866284946 0.04915896937287312
15 0.745506904681711 0.7484589207583859 0.3427012462108454 0.0475546912980068
15 0.7450555742674302 0.799022848808945 0.344496463455709 0.0553475935828877
17 0.7411384304479623 0.42091395235780266 0.09011114853486023 0.036120563928050554