28 0.28834980988593156 0.12280924331671954 0.04198859315589354 0.016212052560036248
28 0.7177908745247148 0.13472134118713183 0.04301140684410647 0.017693701857725418
15 0.25576045627376426 0.15225645672859084 0.30963498098859316 0.030416855459900315
15 0.2912243346007604 0.23155414589941098 0.3774372623574144 0.05494789306751246
15 0.19248669201520913 0.2780969642048029 0.186212927756654 0.02141368373357499
15 0.18904942965779467 0.30518350702310826 0.1793384030418251 0.02530584503851382
15 0.28622433460076047 0.3364567285908473 0.37993916349809886 0.013375623017671047
15 0.1866273764258555 0.3635432714091527 0.1791825095057034 0.02471227911191663
15 0.22217110266159693 0.39169007702763936 0.24557794676806083 0.021427276846397825
15 0.28872243346007603 0.4389669234254644 0.3786882129277567 0.056397825101948344
15 0.2855209125475285 0.48690983235160845 0.37384410646387833 0.027516991391028544
15 0.19311026615969581 0.5143633892161306 0.18746007604562737 0.02470774807430902
15 0.1817832699619772 0.5406116900770277 0.16636882129277566 0.021341187131853196
15 0.28872243346007603 0.5816583597643861 0.3786882129277567 0.04198006343452651
15 0.2881787072243346 0.6274898051653828 0.38228136882129277 0.04054372451291346
15 0.28560076045627375 0.6643497961033077 0.37244106463878324 0.0248889895786135
15 0.21279467680608363 0.6919030357951971 0.22683269961977187 0.02040326234707748
15 0.28598859315589353 0.7342455822383326 0.3716577946768061 0.05481649297689171
15 0.28747528517110266 0.7953058450385139 0.37619011406844105 0.06520616221114635
15 0.7181863117870723 0.21098323516085182 0.38288593155893536 0.05290439510647939
15 0.6245285171102661 0.2535251472587222 0.18775285171102662 0.01695514272768464
15 0.618041825095057 0.2784685092886271 0.17947148288973383 0.022152242863615768
15 0.7187338403041825 0.3061123697326688 0.3792927756653992 0.023439057544177615
15 0.6154638783269962 0.33300860897145446 0.1758783269961977 0.023235160851835072
15 0.6146844106463878 0.35823289533303126 0.17119391634980988 0.02340734028092433
15 0.6143726235741445 0.38392387856819216 0.17056653992395437 0.022650657000453104
15 0.6148403041825095 0.4106388763026733 0.17463117870722433 0.01835070231082918
15 0.611167300380228 0.43576801087449024 0.17197338403041826 0.020199365654734933
15 0.6124980988593155 0.46378341640235615 0.1668174904942966 0.022233801540552788
15 0.611167300380228 0.4915178975985501 0.16572243346007606 0.021844132306298142
15 0.6378060836501901 0.5146035342093339 0.22368821292775665 0.023321250566379702
15 0.7153764258555133 0.5410783869506117 0.3772623574144487 0.020407793384685093
15 0.7167794676806084 0.5850974173085637 0.3769505703422053 0.05444494789306751
15 0.6098403041825096 0.6250339827820571 0.16463117870722435 0.020729497054825553
15 0.7149049429657794 0.670022655188038 0.3794486692015209 0.05671046669687358
15 0.7132661596958175 0.7202854553692796 0.3777300380228137 0.03806977797915723
15 0.7144372623574144 0.7604938830992297 0.3753878326996198 0.03655641141821477
15 0.7163117870722434 0.8116855459900317 0.37913688212927754 0.05328047122791119
16 0.7149163498098859 0.1677208880833711 0.16695817490494297 0.018518350702310827
16 0.2874790874524715 0.18731309469868598 0.14494296577946766 0.02232895333031264