17 0.26428165584415586 0.17531969309462916 0.2358116883116883 0.036915601023017906
14 0.2714448051948052 0.2363682864450128 0.342674512987013 0.044434782608695655
14 0.26941558441558444 0.29196419437340154 0.34673295454545455 0.05331969309462915
14 0.2663068181818182 0.34653196930946295 0.3453814935064935 0.0478772378516624
14 0.2640056818181818 0.4062148337595908 0.34890016233766236 0.05676214833759591
14 0.26197646103896105 0.4682864450127877 0.3399715909090909 0.0499539641943734
14 0.26346590909090906 0.546388746803069 0.34132305194805196 0.09976982097186701
14 0.26535714285714285 0.6420562659846547 0.3418668831168831 0.08445012787723785
14 0.26103084415584416 0.7135038363171355 0.34294642857142854 0.05343222506393862
14 0.26103084415584416 0.772843989769821 0.33321022727272726 0.053447570332480814
14 0.1537702922077922 0.8170127877237852 0.1300487012987013 0.03334015345268543
31 0.27389204545454543 0.10625575447570332 0.058607954545454546 0.01950383631713555