14 0.2721074856046065 0.14860809476801579 0.37019193857965454 0.04384007897334649
14 0.2717236084452975 0.19846495557749258 0.3709596928982726 0.054713721618953604
14 0.26993474088291747 0.2468410661401777 0.37044913627639153 0.040903257650542944
14 0.2708291746641075 0.29686574531095755 0.37377351247600765 0.058030602171767025
14 0.2689097888675624 0.3475468904244817 0.3714702495201535 0.04093287265547878
14 0.23820345489443379 0.379634748272458 0.3131324376199616 0.024155972359328724
14 0.2681420345489443 0.4199506416584403 0.36993474088291745 0.05542941757156959
14 0.2687831094049904 0.47095755182625865 0.3727523992322457 0.042941757156959526
14 0.26647984644913625 0.5134155972359329 0.37428790786948174 0.040977295162882524
14 0.26839923224568135 0.5566929911154984 0.3735201535508637 0.046584402764067126
14 0.2671170825335893 0.5986525172754195 0.3709596928982726 0.03770977295162883
14 0.263278310940499 0.6386377097729516 0.36942418426103646 0.040681145113524185
14 0.26353550863723607 0.6787857847976309 0.3699385796545106 0.03806021717670286
14 0.262510556621881 0.7227196446199408 0.3678886756238004 0.04893385982230997
14 0.2640460652591171 0.7687956564659427 0.3709596928982726 0.04236426456071076
14 0.2649443378119002 0.8094373149062192 0.37428790786948174 0.038751233958538994
14 0.7446257197696737 0.8017077986179665 0.3739616122840691 0.05685093780848964
14 0.7456506717850289 0.7500345508390918 0.3790786948176583 0.04038499506416584
14 0.7482072936660269 0.7062685093780849 0.3780537428023033 0.035765054294175716
14 0.7461612284069098 0.6680898321816386 0.38009980806142035 0.04233464955577492
14 0.7447523992322457 0.6244866732477788 0.372679462571977 0.04001974333662389
14 0.7457773512476008 0.5812092793682132 0.3777965451055662 0.03836130306021718
14 0.7443685220729366 0.5422112537018756 0.37958925143953937 0.037364264560710764
14 0.7423224568138196 0.5066683119447186 0.372426103646833 0.025508390918065154
14 0.7441151631477927 0.482147087857848 0.372936660268714 0.021880552813425467
14 0.7409136276391555 0.45088351431391904 0.3803570057581574 0.038326752221125374
14 0.7441151631477927 0.4090868706811451 0.3760076775431862 0.04160414610069102
14 0.7406602687140116 0.3654837117472853 0.37370441458733206 0.03928923988153998
14 0.7441151631477927 0.3231934846989141 0.3760076775431862 0.04355873642645607
14 0.7438579654510556 0.27744817374136227 0.37856429942418424 0.04683613030602172
14 0.7430902111324377 0.2323593287265548 0.36781957773512475 0.035636722606120434
14 0.7424491362763915 0.19122408687068115 0.3711439539347409 0.04418065153010859
14 0.7389942418426103 0.1471224086870681 0.3780537428023033 0.03890424481737413
31 0.7423339731285988 0.11125370187561698 0.06227639155470249 0.026386969397828232
31 0.27531669865642994 0.10861796643632773 0.05876391554702496 0.021120434353405725