28 0.2602651806302844 0.08940948693126816 0.060368946963873946 0.017478218780251693
28 0.7449846272098386 0.08714908034849952 0.055172943889315915 0.02070183930300097
17 0.2584704073789393 0.11781219748305906 0.0537086856264412 0.020067763794772507
17 0.2628247501921599 0.18897386253630205 0.13005380476556494 0.024927395934172314
17 0.2560376633358955 0.30563891577928365 0.0626748654880861 0.020116166505324298
17 0.2543735588009224 0.3734123910939013 0.06088393543428132 0.027879961277831558
17 0.2633358954650269 0.5394530493707648 0.1126325903151422 0.0250242013552759
17 0.2537317448116833 0.6127153920619555 0.06421214450422752 0.02052274927395934
17 0.2528324365872406 0.7001742497579864 0.07318216756341275 0.025067763794772508
17 0.25975019215987705 0.7768199419167474 0.14850115295926208 0.0176621490803485
17 0.25923904688701 0.8668635043562439 0.09521137586471945 0.023499515972894482
17 0.7284588777863182 0.8376573088092932 0.10359723289777095 0.02510164569215876
17 0.7352459646425826 0.7368054211035818 0.1494542659492698 0.0266892545982575
17 0.7375518831667948 0.6495062923523718 0.15099154496541123 0.024404646660212973
17 0.7371675634127594 0.5344530493707648 0.07797463489623366 0.020827686350435626
17 0.7398578016910069 0.4418296224588577 0.11563412759415834 0.025319457889641822
17 0.7426787086856265 0.20333494675701838 0.05671022290545734 0.020735721200387223
15 0.25641045349730973 0.15137463697967088 0.3970099923136049 0.040730880929332046
15 0.25743274404304384 0.22979670861568247 0.3929093005380477 0.04655856727976766
15 0.25461568024596465 0.26965634075508227 0.3964950038431976 0.03527589545014521
15 0.25525749423520366 0.33807357212003875 0.39316679477325134 0.03271055179090029
15 0.2557686395080707 0.43473378509196514 0.3972636433512683 0.09244433688286545
15 0.25372021521906224 0.49798644724104546 0.39316679477325134 0.036950629235237176
15 0.2566641045349731 0.5738286544046467 0.38829746348962335 0.03761858664085189
15 0.2561529592621061 0.6503146176185867 0.3964950038431976 0.05119554695062924
15 0.25525749423520366 0.7377734753146177 0.38701767870868564 0.040246853823814134
15 0.25538431975403536 0.8192642787996127 0.39188700999231363 0.05801548886737657
15 0.2585857033051499 0.8984898354307841 0.3967524980784012 0.040290416263310744
15 0.7462528823981552 0.2359293320425944 0.4020599538816296 0.03559051306873185
15 0.741641045349731 0.2756243949661181 0.4020599538816296 0.04915295256534366
15 0.7395887778631822 0.3201645692158761 0.40103766333589547 0.04916747337850919
15 0.7394619523443505 0.3653436592449177 0.3961683320522675 0.046597289448209095
15 0.737413528055342 0.4064908034849951 0.3951421983089931 0.0378944820909971
15 0.7381821675634127 0.4829816069699903 0.4028285933897003 0.05147144240077445
15 0.7365180630284397 0.5909341723136495 0.3979631053036126 0.07957889641819942
15 0.7299846272098386 0.6913020329138432 0.4018063028439662 0.055721200387221684
15 0.7317755572636433 0.7635914811229428 0.3961683320522675 0.03767182962245886
15 0.7345964642582629 0.801190706679574 0.39873174481168333 0.03735721200387222
15 0.7321598770176787 0.8691239109390125 0.39539969254419677 0.03963697967086157
15 0.7348501152959261 0.8984898354307841 0.39924289008455033 0.032541142303969026
13 0.7395887778631822 0.14589060987415298 0.3979631053036126 0.08397386253630204