15 0.2796367763904654 0.2910493827160494 0.3314680287552024 0.052412155745489075
15 0.2848656829360575 0.3564672364672365 0.33030646992054485 0.05822412155745489
15 0.2536549375709421 0.4125118708452042 0.28116912599318955 0.024458689458689457
15 0.19463866818009837 0.4551187084520418 0.16811577752553916 0.03256885090218424
15 0.20036700718880063 0.49960113960113967 0.17791146424517595 0.03193257359924027
15 0.23032917139614076 0.5418945868945869 0.23618236852062052 0.037336182336182334
15 0.18384790011350738 0.5880389363722698 0.13657586076428302 0.0316951566951567
15 0.21298146046159666 0.6285660018993352 0.19650397275822928 0.02731244064577398
15 0.1648391978811956 0.6708784425451092 0.10021944759742717 0.03692782526115859
15 0.19206583427922816 0.7140075973409307 0.16131290200529702 0.027331433998100667
15 0.17421869088157396 0.7530721747388415 0.11731744230041619 0.024192782526115862
15 0.26079455164585696 0.7955745489078823 0.2987665531592887 0.03418328584995251
15 0.7080930760499432 0.194985754985755 0.27850926976920165 0.028228869895536565
15 0.7363980325387817 0.24842355175688507 0.3334581914491109 0.04633903133903134
15 0.7009572455542944 0.3046771130104463 0.2675520242149073 0.025489078822412154
15 0.7363980325387817 0.35644824311490975 0.3400983730609156 0.04359924026590693
15 0.7201286416950435 0.4114482431149098 0.30756337495270525 0.02858499525166192
15 0.7290124858115777 0.4529107312440646 0.3137041241013999 0.03232193732193732
15 0.6707415815361332 0.496372269705603 0.20712447975785092 0.029643874643874645
15 0.7155656451002649 0.5379392212725547 0.2901286416950435 0.03150997150997151
15 0.6409421112372304 0.581272554605888 0.15250851305334845 0.026495726495726495
15 0.6707415815361332 0.6180911680911682 0.1938441165342414 0.03136752136752137
15 0.668418463866818 0.6671557454890789 0.19583806280741584 0.03156220322886989
15 0.7099205448354142 0.7089268755935423 0.2788422247446084 0.029677113010446343
15 0.6863488460083239 0.7534093067426401 0.23833522512296632 0.0290360873694207
15 0.6842716609912978 0.795389363722697 0.229205448354143 0.031733143399810065
28 0.7348316307226637 0.148684710351377 0.06300794551645857 0.023983855650522315
17 0.2821831252364737 0.22856125356125356 0.14929247067726067 0.03650997150997151