14 0.26800825206301576 0.19890686274509803 0.3359677419354839 0.15990686274509802
14 0.26825956489122277 0.3634705882352941 0.34246811702925734 0.16158823529411764
14 0.26776069017254317 0.5800147058823529 0.3354688672168042 0.2593725490196078
14 0.27351087771942983 0.8105931372549019 0.34096774193548385 0.18916176470588233
14 0.7472168042010502 0.8596127450980392 0.3386459114778695 0.08720098039215686
14 0.7504688672168042 0.7363970588235295 0.3331470367591898 0.15449509803921568
14 0.7493435858964741 0.5868676470588235 0.33239684921230306 0.13190686274509802
14 0.7473443360840211 0.44779411764705884 0.34339834958739685 0.11454411764705882
14 0.7490922730682671 0.3075833333333333 0.34089647411852964 0.1635343137254902
14 0.7488447111777945 0.1658921568627451 0.3343960990247562 0.1056421568627451
35 0.74460240060015 0.09283823529411764 0.11585896474118529 0.024240196078431375
35 0.2682670667666917 0.09790196078431372 0.1114291072768192 0.02064705882352941
31 0.112119279819955 0.09267647058823529 0.02868717179294824 0.021950980392156864
31 0.9026331582895725 0.0918578431372549 0.023818454613653412 0.030122549019607845