15 0.2612859195402299 0.2343651529193698 0.2774497126436781 0.06391566265060242
15 0.26361709770114944 0.37133456904541245 0.2769288793103448 0.068758109360519
15 0.25966594827586204 0.5119416126042632 0.270323275862069 0.07084800741427247
15 0.20448635057471262 0.6445319740500464 0.16514008620689655 0.05155699721964782
15 0.2689942528735632 0.7824976830398518 0.2941594827586207 0.08379981464318814
15 0.7387033045977012 0.23971733086190916 0.27873563218390807 0.0629147358665431
15 0.7366954022988506 0.3642817423540315 0.27342672413793107 0.06635310472659871
15 0.7422665229885057 0.5074745134383689 0.2944073275862069 0.09534754402224281
15 0.746217672413793 0.6571825764596849 0.29376436781609194 0.07551899907321594
15 0.7459590517241379 0.7938646895273401 0.2932471264367816 0.07477293790546803
28 0.2713972701149425 0.14540778498609824 0.05193965517241379 0.016510658016682115
28 0.7451544540229886 0.15371640407784987 0.05200790229885057 0.018016682113067655
16 0.27220186781609196 0.1801575532900834 0.11358477011494254 0.025556070435588506
16 0.2698599137931034 0.3167052826691381 0.11475933908045978 0.030389249304911953
16 0.2686853448275862 0.45196941612604263 0.11827227011494253 0.02510658016682113
16 0.26905172413793105 0.5951668211306765 0.1116846264367816 0.02056997219647822
16 0.268760775862069 0.7174559777571826 0.1110955459770115 0.017669138090824838
16 0.7457650862068965 0.1864179796107507 0.10154813218390804 0.017298424467099165
16 0.7458369252873562 0.3085171455050973 0.10608836206896552 0.02535217794253939
16 0.7444468390804597 0.439967562557924 0.0995007183908046 0.02225208526413346
16 0.7458369252873562 0.5996478220574606 0.094375 0.02008341056533828
16 0.744960488505747 0.7365616311399444 0.09261853448275863 0.019981464318813716