16 0.9236015473887815 0.051470735367683845 0.0569825918762089 0.01982991495747874
1 0.6159613152804642 0.23435217608804404 0.20125725338491296 0.27593796898449224
1 0.8525145067698259 0.22434217108554277 0.2019961315280464 0.27193096548274137
1 0.7349206963249516 0.3994497248624312 0.1524990328820116 0.2259479739869935
1 0.5929593810444874 0.5409754877438719 0.1517485493230174 0.21198099049524763
1 0.8801083172147002 0.5337018509254626 0.15402707930367507 0.2123111555777889
1 0.7362127659574468 0.6307653826913457 0.14579497098646035 0.2263431715857929
1 0.6079148936170213 0.7875337668834417 0.17547001934235976 0.2437318659329665
1 0.7368588007736944 0.8223811905952977 0.058889748549323016 0.11932966483241621
1 0.8692765957446809 0.7818609304652326 0.1736247582205029 0.23639319659829916
7 0.6171257253384913 0.3619159579789895 0.016676982591876208 0.017603801900950473
7 0.857845261121857 0.35097548774387194 0.01965570599613153 0.015217608804402202
7 0.7367311411992263 0.5044822411205603 0.01866924564796905 0.016778389194597298
7 0.5933423597678916 0.635887943971986 0.01735009671179884 0.015727863931965985
7 0.8821315280464216 0.6296048024012005 0.019988394584139264 0.018759379689844924
7 0.735725338491296 0.7369634817408705 0.01866924564796905 0.013806903451725864
7 0.7377369439071566 0.8684792396198099 0.02068085106382979 0.016873436718359176
7 0.6076634429400387 0.895887943971986 0.020866537717601545 0.013196598299149574
7 0.8703249516441006 0.89112056028014 0.021497098646034815 0.014062031015507754