28 0.9577086280056577 0.06319939347990902 0.029513437057991514 0.019628506444275967
25 0.6452531824611032 0.9604662623199394 0.21224328147100424 0.021137225170583775
25 0.936964639321075 0.9648900682335103 0.0728910891089109 0.018608794541319182
6 0.6022404526166902 0.28185367702805153 0.12196888260254597 0.3887035633055345
6 0.7559264497878359 0.2756937073540561 0.18040452616690242 0.4086050037907506
6 0.9115049504950495 0.28106520090978016 0.12663932107496464 0.4003942380591357
6 0.6381838755304102 0.6101061410159212 0.19244413012729844 0.2605231235784685
6 0.7800905233380481 0.6183206974981047 0.07173408769448374 0.2504131918119788
6 0.8947666195190948 0.6247952994692949 0.16105516265912306 0.22355951478392722
6 0.8414908062234795 0.8480060652009098 0.21857991513437056 0.216986353297953
6 0.6306421499292787 0.8761182714177407 0.1405884016973126 0.15570128885519333
9 0.5984724186704384 0.46491660348749053 0.018254596888260255 0.021315390447308565
9 0.7574653465346535 0.4691811978771797 0.017994342291371992 0.016576952236542833
9 0.9108005657708628 0.4680742987111448 0.017734087694483733 0.01626231993934799
9 0.7786789250353607 0.7298294162244124 0.01799151343705799 0.018544351781652767
9 0.6326506364922206 0.7273047763457164 0.01871852899575672 0.017282031842304778
9 0.6317086280056577 0.9468802122820318 0.016834512022630834 0.016709628506444276
9 0.8438557284299859 0.9462509476876422 0.019632248939179635 0.01923426838514026
9 0.9006647807637906 0.7271455648218348 0.017264497878359264 0.01885898407884761