27 0.5210884353741496 0.11511351909184726 0.10874527588813303 0.01828689370485036
24 0.17303854875283448 0.14984520123839007 0.08327286470143613 0.034298245614035085
24 0.15482993197278913 0.19166150670794632 0.08430083144368859 0.034272445820433435
24 0.174572940287226 0.24044891640866872 0.08293272864701436 0.038890608875129004
24 0.17065759637188208 0.27994840041279667 0.05808767951625094 0.034226006191950466
24 0.1859712773998488 0.33477812177502575 0.068291761148904 0.032332301341589265
24 0.19295540438397582 0.39030443756449945 0.051617535903250196 0.027192982456140352
24 0.1636734693877551 0.4284004127966976 0.15645502645502646 0.04761609907120743
24 0.15278155706727134 0.4781217750257998 0.148291761148904 0.04479876160990712
24 0.1403628117913832 0.5240041279669763 0.14046863189720332 0.03664086687306502
24 0.1471655328798186 0.5674509803921569 0.1540816326530612 0.04451496388028896
24 0.1395086923658352 0.6218111455108358 0.15578231292517006 0.06027863777089783
24 0.18410430839002268 0.7344272445820433 0.06114890400604687 0.03685242518059856
24 0.27804232804232804 0.7654437564499484 0.24902494331065758 0.026842105263157896
24 0.18614512471655328 0.8192208462332302 0.07884353741496598 0.06235810113519091
10 0.517838246409675 0.16140866873065016 0.5618065003779289 0.04348297213622291
10 0.517838246409675 0.2015376676986584 0.5618065003779289 0.04239938080495356
10 0.5260015117157975 0.25043859649122807 0.5781481481481482 0.05422084623323013
10 0.5159637188208617 0.29713622291021674 0.5682766439909297 0.0407172342621259
10 0.5278760393046107 0.3482456140350877 0.5852910052910053 0.059277605779153766
10 0.5265154950869236 0.3959958720330238 0.5825699168556312 0.036248710010319915
10 0.5282161753590325 0.4374613003095975 0.5791685563114135 0.04249742002063983
10 0.5203854875283447 0.4789318885448916 0.5839304610733181 0.039453044375644994
10 0.5210657596371883 0.5193550051599587 0.5852910052910053 0.04593395252837977
10 0.5198790627362055 0.5701186790505677 0.5795086923658352 0.052177502579979364
10 0.5234542705971277 0.6429463364293085 0.5832501889644747 0.08861197110423116
13 0.5107029478458049 0.7056191950464397 0.241156462585034 0.025717234262125906
10 0.5156235827664398 0.7491744066047472 0.5743990929705215 0.05751805985552116
10 0.5100075585789872 0.8008668730650155 0.5665759637188209 0.04889576883384933