15 0.26421014228383805 0.1742857142857143 0.32797154323239697 0.051092436974789913
15 0.26228748631886173 0.22794584500466852 0.3177271068952937 0.04368814192343604
15 0.2640496169281284 0.275359477124183 0.3244509303174024 0.04223155929038282
15 0.22475009120758846 0.3080298786181139 0.2506566946369938 0.019477124183006535
15 0.26076614374315943 0.3410037348272642 0.3194892375045604 0.040350140056022415
15 0.17977015687705217 0.3735714285714286 0.157493615468807 0.019439775910364145
15 0.2549252097774535 0.3996825396825397 0.30940532652316677 0.024542483660130718
15 0.2600474279460051 0.4322455648926237 0.31964976286026997 0.036405228758169934
15 0.25516599781101784 0.46819327731092436 0.31148485954031374 0.028398692810457517
15 0.26180591025173294 0.5078664799253034 0.3263735862823787 0.040135387488328664
15 0.2632469901495804 0.5647992530345471 0.32605253557095953 0.0638608776844071
15 0.26332725282743524 0.6231185807656396 0.324611455673112 0.04323062558356676
15 0.2594053265231667 0.6710410830999066 0.3247719810288216 0.040746965452847804
15 0.2600474279460051 0.7191736694677872 0.31964976286026997 0.04276377217553688
15 0.2617256475738781 0.7692483660130719 0.3278146661802262 0.04253034547152194
15 0.26180591025173294 0.8174836601307189 0.3263735862823787 0.0427077497665733
15 0.7466581539584093 0.1699719887955182 0.3258664720904779 0.04451914098972923
15 0.7424151769427216 0.22015406162464984 0.32538489602334913 0.04244631185807656
15 0.7445749726377235 0.27248366013071895 0.33130974097044874 0.04261904761904762
15 0.7470558190441445 0.3234780578898226 0.33147026632615834 0.050373482726423904
15 0.7472163443998541 0.37437441643323993 0.3221853338197738 0.0353921568627451
15 0.7459357898577161 0.43120915032679735 0.3260269974461875 0.06096171802054155
15 0.7264866836920831 0.47866946778711483 0.29192995257205395 0.030915032679738563
15 0.743936519518424 0.5201447245564893 0.3236264137176213 0.04625116713352007
15 0.7440970448741335 0.5696078431372549 0.32714702663261586 0.04069561157796452
15 0.7445749726377235 0.6178384687208217 0.33130974097044874 0.04906162464985995
15 0.7463371032469902 0.6768207282913166 0.3252243706676396 0.06049953314659197
15 0.709598686610726 0.7252054154995332 0.25655600145932145 0.030247432306255838
15 0.7264866836920831 0.7479411764705882 0.28552717986136444 0.022450980392156865
15 0.748898212331266 0.7992390289449113 0.33034658883619117 0.073828197945845
28 0.7434658883619116 0.12333800186741363 0.05692083181320686 0.0188562091503268
28 0.2627106895293689 0.12691876750700282 0.059211966435607444 0.021918767507002803