31 0.2742528073711489 0.112597503900156 0.04646703138496976 0.01921996879875195
31 0.7274546501583645 0.11225429017160686 0.05162395623380363 0.019906396255850233
14 0.27795277857759865 0.15564742589703587 0.29662539591131587 0.04367004680187207
14 0.2760149726461273 0.1967550702028081 0.2937575583069392 0.038198127925117
14 0.2767722430175641 0.2390054602184087 0.29628851137345236 0.037753510140405615
14 0.27281025050388713 0.3267082683307332 0.3015145407428736 0.07888455538221528
14 0.2717160955945868 0.42502340093603747 0.3043794989922257 0.06041341653666147
14 0.2693550244745177 0.5046138845553821 0.30775122372588537 0.04285101404056162
14 0.25545061906133026 0.5690171606864275 0.27488338612150875 0.02642355694227769
14 0.26834437086092716 0.6452691107644306 0.3037057299164987 0.07480499219968799
14 0.2682579902101929 0.7440444617784712 0.30454938093866973 0.057246489859594386
14 0.26834437086092716 0.7940600624024962 0.3057299164987043 0.04218798751950078
14 0.7283731644111718 0.7850390015600623 0.30532392744025344 0.061142745709828396
14 0.7307313561762165 0.6717628705148206 0.3100431903253671 0.09217238689547583
14 0.7301410883961993 0.6058736349453978 0.30987330837892313 0.03848283931357254
14 0.7274460120932911 0.5617940717628706 0.31054707745465016 0.040756630265210606
14 0.7266858623668299 0.502874414976599 0.3100431903253671 0.07088533541341653
14 0.7309012381226605 0.4083229329173167 0.31442556867261734 0.040713728549141966
14 0.7306478548805068 0.3676911076443058 0.31088396199251367 0.04165366614664587
14 0.7282867837604377 0.2998634945397816 0.31223437949899224 0.09233619344773791
14 0.7285401670025914 0.22529641185647425 0.3137517995968903 0.056914976599063964
14 0.7309012381226605 0.16511700468018722 0.30835588828102506 0.06397815912636505
17 0.7239965447739707 0.4480772230889235 0.11450043190325368 0.02979719188767551
17 0.26826662827526637 0.2742823712948518 0.11237834725021596 0.02472698907956318
17 0.2688568960552836 0.3841302652106084 0.09636337460408868 0.022472698907956317
17 0.2679297437374028 0.47046021840873636 0.13800172761301469 0.02249609984399376
17 0.2680132450331126 0.5415990639625585 0.08860927152317881 0.02640015600624025
17 0.266328822343795 0.5974414976599064 0.08119205298013246 0.021618564742589705
17 0.2648085228908724 0.7018096723868955 0.1631183414915059 0.024843993759750393
17 0.7276187733947596 0.73698127925117 0.15917074575295131 0.023939157566302653
28 0.06960840771667147 0.13964898595943837 0.019524906420961705 0.03085803432137286
28 0.06977828966311546 0.18612714508580344 0.023907284768211922 0.02379095163806552
28 0.0687676360495249 0.23351404056162248 0.023907284768211922 0.026770670826833074
28 0.07095882522315002 0.29609204368174724 0.030313849697667723 0.03135725429017161
28 0.06952490642096171 0.40468798751950075 0.028459545061906132 0.033439937597503896
28 0.0706219406852865 0.4898751950078003 0.0276158940397351 0.039403276131045245
28 0.07070544198099626 0.5629563182527302 0.024750935790382952 0.02937207488299532
28 0.07179959689029658 0.6181084243369734 0.027952778577598616 0.03418486739469579
28 0.06843075151166139 0.7232800312012481 0.025257702274690468 0.03215678627145086
28 0.07137921105672329 0.7865405616224649 0.02609847394183703 0.03537051482059282
28 0.5375611862942701 0.7730655226209049 0.03496400806219407 0.03308502340093604
28 0.5356233803627988 0.6223322932917317 0.026029369421249643 0.024820592823712948
28 0.5402591419522027 0.5558736349453978 0.026199251367693636 0.03439547581903276
28 0.5416066801036568 0.4774258970358814 0.03091851425280737 0.03232059282371295
28 0.5394154909300317 0.40879875195007803 0.02249064209617046 0.03344383775351014
28 0.5363806507342355 0.3606084243369735 0.026536135905557156 0.030230109204368177
28 0.5390786063921682 0.26560452418096725 0.025862366829830116 0.029294071762870515
28 0.5367175352720991 0.20873634945397818 0.025188597754103082 0.02516770670826833
28 0.5397523754678952 0.14775741029641187 0.03125539879067089 0.029258970358814352