16 0.2502707930367505 0.12097393015248402 0.08560928433268859 0.021411706837186423
16 0.25298646034816247 0.20044269552385638 0.10136170212765956 0.018735858337432368
16 0.25179110251450676 0.27250368912936546 0.15140425531914894 0.017412690605017215
16 0.2502707930367505 0.32915887850467285 0.14438684719535783 0.018603049680275454
16 0.2520580270793037 0.40280865715691094 0.14557833655705996 0.017417609444171173
16 0.25080077369439074 0.4777176586325627 0.10573307543520309 0.019768814559763894
16 0.2509980657640232 0.5518002951303492 0.11010058027079304 0.02046237088047221
16 0.251926499032882 0.7247909493359567 0.10718762088974855 0.0199754058042302
16 0.2521934235976789 0.800723069355632 0.058468085106382975 0.013600590260698474
15 0.25231334622823987 0.1592916871618298 0.3685222437137331 0.04855386128873586
15 0.25271179883945843 0.232193802262666 0.3709052224371373 0.05093457943925234
15 0.2524448742746615 0.29979340875553373 0.36878529980657637 0.03158878504672897
15 0.25237911025145066 0.36149040826364975 0.36944680851063827 0.048917855386128875
15 0.25251063829787235 0.4391933103787506 0.3665338491295938 0.04574028529267093
15 0.2515203094777563 0.5124151500245941 0.3685222437137331 0.050772257747171666
15 0.25072340425531914 0.5870831283817018 0.3716982591876209 0.04961141170683719
15 0.2519148936170213 0.6436448598130841 0.36931528046421663 0.05364485981308411
15 0.2524448742746615 0.693059517953763 0.3671992263056093 0.032272503689129366
15 0.2513191489361702 0.7620068863748156 0.37209671179883946 0.051992129857353665
15 0.2544332688588008 0.834387604525332 0.3711682785299807 0.053315297589768815
7 0.7537021276595745 0.7527397934087555 0.41485493230174086 0.37991146089522876
7 0.7506924564796905 0.2865322183964584 0.4152456479690523 0.3807673389080177
10 0.7456595744680851 0.46423512051155924 0.08913346228239845 0.017884899163797343
10 0.754742746615087 0.9308657156910969 0.08637911025145067 0.02001967535661584