27 0.2758575300038715 0.1582878787878788 0.06184281842818429 0.029035353535353536
27 0.7352380952380952 0.1508787878787879 0.05454897406116919 0.026338383838383838
15 0.2592024777390631 0.20661616161616161 0.25927603561749907 0.0468989898989899
15 0.7358730158730159 0.1976919191919192 0.29584978706929926 0.04723232323232323
15 0.2762369337979094 0.2668939393939394 0.2902439024390244 0.07048484848484848
15 0.27339527680991094 0.40343939393939393 0.2907588075880759 0.05065656565656566
15 0.26965543941153697 0.4458686868686869 0.28172667440960125 0.03045959595959596
15 0.2724932249322493 0.4867878787878788 0.287406116918312 0.045626262626262626
15 0.27339527680991094 0.5428535353535353 0.293855981416957 0.058772727272727275
15 0.27455671699574136 0.6014494949494948 0.2915331010452962 0.05070707070707071
15 0.2735269066976384 0.6492676767676767 0.2894696089818041 0.04533333333333334
15 0.27416957026713124 0.7105555555555556 0.2892102206736353 0.07902525252525253
15 0.2735269066976384 0.7773989898989899 0.2894696089818041 0.04503030303030303
15 0.7365195509097948 0.2594848484848485 0.2986914440572977 0.08395454545454545
15 0.7343244289585753 0.33440909090909093 0.2958536585365854 0.06612626262626263
15 0.7357452574525746 0.39434848484848484 0.294045683313976 0.056712121212121214
15 0.7334223770809137 0.44822727272727275 0.2924970963995354 0.047297979797979804
15 0.731486643437863 0.49234343434343436 0.2932713898567557 0.0425959595959596
15 0.7334223770809137 0.5458838383838384 0.2924970963995354 0.060792929292929294
15 0.7347115756871855 0.6120555555555555 0.2950793650793651 0.07798484848484848
15 0.7336778939217963 0.6920353535353535 0.2930120015485869 0.08238383838383839
15 0.7336778939217963 0.7657828282828283 0.2899148277197058 0.06422222222222222
17 0.2743012001548587 0.34670202020202023 0.23217576461478903 0.05636363636363636