15 0.26826894502228826 0.1555406698564593 0.32802005943536405 0.04632535885167464
15 0.24684992570579495 0.19940191387559808 0.29261144130757805 0.032617224880382774
15 0.26690564635958397 0.23704784688995215 0.33272288261515603 0.04283732057416268
15 0.26690564635958397 0.28426315789473683 0.3297511144130758 0.04157416267942584
15 0.23026002971768203 0.32063157894736843 0.2534881129271917 0.02627272727272727
15 0.17677563150074294 0.34631100478468896 0.15543462109955425 0.025956937799043064
15 0.22134472511144132 0.3734306220095694 0.24160475482912333 0.02660287081339713
15 0.267648588410104 0.409 0.34015230312035666 0.03841626794258374
15 0.2688893016344725 0.4522296650717703 0.3337147102526003 0.04257416267942584
15 0.23026002971768203 0.48907655502392344 0.26834695393759284 0.03014354066985646
15 0.20723254086181278 0.5200191387559808 0.21337667161961366 0.030789473684210523
15 0.2675260029717682 0.5930813397129187 0.32950594353640417 0.06973205741626795
15 0.16662332838038632 0.6415693779904307 0.13810178306092125 0.025081339712918663
15 0.2087184249628529 0.6693253588516747 0.21634843982169388 0.027004784688995215
15 0.26492570579494795 0.7120717703349282 0.33470653789004456 0.05509090909090909
15 0.2639338781575037 0.7888038277511962 0.3297548291233284 0.09562679425837321
15 0.7465638930163447 0.7970956937799043 0.3291864784546805 0.0815933014354067
15 0.7478008915304606 0.7187751196172248 0.34057578008915307 0.06848803827751196
15 0.7463150074294205 0.21838755980861244 0.33166047548291233 0.04570334928229665
15 0.750278603268945 0.16702392344497607 0.33364413075780086 0.0578133971291866
6 0.745575780089153 0.45879425837320575 0.2410289747399703 0.42508612440191385
9 0.745334323922734 0.6568803827751196 0.0949294205052006 0.021258373205741626
27 0.2666679049034175 0.11166985645933014 0.06181649331352154 0.02174641148325359
27 0.7460772659732541 0.11358373205741626 0.06372585438335811 0.02174641148325359