17 0.2643026086956522 0.10891124871001032 0.08431999999999999 0.023116615067079464
17 0.2652278260869565 0.22760577915376679 0.1529495652173913 0.02933952528379773
17 0.2677808695652174 0.3423426212590299 0.12466434782608697 0.025588235294117648
17 0.2689391304347826 0.4613828689370485 0.11863304347826087 0.028374613003095975
17 0.2727652173913044 0.5768111455108359 0.1554991304347826 0.034251805985552115
17 0.2776382608695652 0.7634520123839009 0.0845495652173913 0.033957688338493296
17 0.7338330434782608 0.7180392156862745 0.13293913043478262 0.033947368421052636
17 0.7354573913043478 0.5463622291021671 0.11114434782608697 0.03321465428276574
17 0.7355721739130435 0.4379876160990712 0.1489391304347826 0.031119711042311662
17 0.734295652173913 0.3303044375644995 0.11995478260869566 0.03040247678018576
17 0.7355721739130435 0.22141382868937048 0.09607304347826086 0.02933952528379773
17 0.73824 0.11252321981424149 0.12227478260869566 0.03240454076367389
14 0.722928695652174 0.16705366357069143 0.27530782608695653 0.056847265221878225
14 0.18488695652173912 0.16550567595459237 0.13835478260869566 0.05994324045407637
14 0.22093913043478264 0.285061919504644 0.20628869565217392 0.057569659442724457
14 0.1811791304347826 0.4032404540763674 0.12815304347826087 0.06895252837977296
14 0.18755478260869565 0.5178070175438596 0.13951304347826088 0.05453560371517028
14 0.26684521739130435 0.6310010319917442 0.30922782608695654 0.0662641898864809
14 0.24180869565217392 0.7061713106295149 0.24245565217391302 0.06181114551083591
14 0.2107408695652174 0.8178173374613004 0.1886678260869565 0.06425180598555211
14 0.7136556521739131 0.8346749226006192 0.26232347826086955 0.07319917440660476
14 0.7398539130434783 0.7651754385964913 0.3091582608695652 0.06217234262125903
14 0.6566191304347826 0.6588648090815274 0.15103652173913043 0.05594943240454077
14 0.6520973913043479 0.595562435500516 0.14895304347826088 0.06143962848297213
14 0.6719234782608695 0.48959752321981426 0.18442434782608697 0.060030959752321984
14 0.6831686956521739 0.38414860681114554 0.19717565217391303 0.05759545923632611
14 0.6794573913043478 0.27766769865841073 0.19532173913043477 0.06135190918472652