17 0.269481658692185 0.15654507556018762 0.15406299840510365 0.02683168316831683
17 0.2670933014354067 0.39906722251172483 0.1110047846889952 0.024121938509640437
17 0.2673564593301435 0.505039082855654 0.1051555023923445 0.01928608650338718
17 0.26895534290271134 0.5774830640958833 0.08283094098883573 0.024517978113600833
17 0.2653668261562998 0.8083637311099531 0.09000797448165869 0.02562272016675352
17 0.7258532695374801 0.736618030224075 0.1672846889952153 0.025951016154247
17 0.7249242424242424 0.6634757686294945 0.15426236044657096 0.023496612819176657
17 0.7235964912280701 0.19581031787389264 0.12289872408293462 0.026149035956227203
17 0.7241267942583731 0.14334549244398123 0.2005103668261563 0.017102657634184473
14 0.2700079744816587 0.2170088587806149 0.3273604465709729 0.08939030745179781
14 0.2716028708133971 0.32801980198019803 0.3273604465709729 0.13007295466388744
14 0.27053827751196174 0.45066701406982806 0.3220454545454546 0.07937988535695675
14 0.27040669856459326 0.5403074517978114 0.32656299840510367 0.041881188118811884
14 0.2678827751196172 0.6414174048983846 0.3199202551834131 0.11070349140177176
14 0.2684130781499202 0.7506930693069307 0.32417464114832534 0.09787389265242313
14 0.21539074960127594 0.83372589890568 0.2261004784688995 0.02632100052110474
14 0.7243859649122807 0.8154872329338198 0.32543460925039874 0.046122980719124546
14 0.7263795853269538 0.7725794684731631 0.3278269537480064 0.037425742574257424
14 0.7262480063795853 0.6997863470557583 0.3227751196172249 0.04400729546638875
14 0.7253149920255183 0.23941636268890046 0.32888755980861245 0.05708702449192288
14 0.7156140350877193 0.16940072954663887 0.3015151515151515 0.023361125586242835
31 0.7236004784688995 0.11051068264721209 0.05591706539074961 0.024387701928087546
31 0.26988437001594895 0.12475768629494528 0.06076953748006379 0.023699843668577383
6 0.7254505582137162 0.4621521625846795 0.3371291866028708 0.33579989577905156
9 0.7245295055821371 0.6129233976029183 0.0976475279106858 0.028697238144867118