27 0.7431348391512663 0.10126553152323976 0.048442847364818624 0.023364012885411876
15 0.7358247775496235 0.1430004601932812 0.32950718685831626 0.044242982052462035
15 0.7452908966461327 0.18779567418315693 0.33886036960985627 0.04670961803957662
15 0.736167008898015 0.23750575241601474 0.326088295687885 0.041813161527841695
15 0.7424401095140314 0.2999493787390704 0.35368925393566053 0.07650253106304648
15 0.7367385352498289 0.3633087896916705 0.3231211498973306 0.043074091118269674
15 0.7373066392881588 0.41117349286700416 0.3256297056810404 0.04308789691670501
15 0.7407289527720738 0.605250805338242 0.3571115674195756 0.06124252185918086
15 0.7419849418206708 0.6670777726645191 0.35277891854893906 0.054201564657156004
15 0.7355954825462012 0.721385181776346 0.3290520191649555 0.041329958582604694
15 0.7419815195071869 0.7760055223193741 0.3555167693360712 0.0585273815002301
15 0.7365092402464065 0.8324620340543029 0.325403832991102 0.04994937873907041
17 0.7400479123887749 0.5239346525540727 0.28730321697467487 0.034832029452369996