6 0.2907990411506193 0.22861618798955613 0.10163803435876947 0.03878851174934726
10 0.2898881342389133 0.2789817232375979 0.2964562524970036 0.02481462140992167
10 0.28973232121454257 0.32299216710182765 0.29922493008389933 0.05252219321148825
10 0.2885777067518977 0.38117493472584857 0.30153415900918895 0.05028198433420366
10 0.28919296843787456 0.4352375979112272 0.2966120655213743 0.0498485639686684
10 0.2896564123052337 0.4931174934725849 0.30061126648022374 0.05302872062663185
10 0.2914262884538554 0.5498381201044387 0.305685177786656 0.049869451697127934
10 0.28104274870155815 0.5976710182767624 0.28338793447862565 0.0329556135770235
10 0.2904234918098282 0.6407832898172323 0.30522572912504997 0.044788511749347254
10 0.2898082301238514 0.6962506527415143 0.31014382740711144 0.051190600522193215
10 0.26205353575709145 0.7419738903394256 0.25001598082301235 0.032073107049608356
10 0.23606072712744708 0.776041775456919 0.1949620455453456 0.03787989556135771
10 0.7197762684778266 0.6686892950391645 0.3041350379544547 0.032261096605744125
10 0.686096683979225 0.6364334203655352 0.23369956052736718 0.026046997389033943
10 0.678254095085897 0.6045796344647519 0.2210906911705953 0.028678851174934728
10 0.6581062724730323 0.5711174934725849 0.1838753495805034 0.028093994778067885
10 0.7173911306432281 0.5374516971279374 0.29783060327606875 0.031127937336814623
10 0.686636036755893 0.502485639686684 0.23631642029564523 0.025519582245430807
10 0.7162365161805833 0.4571592689295039 0.30628845385537357 0.05348302872062663
10 0.687095485417499 0.4131488250652741 0.24646823811426288 0.03381201044386423
10 0.7183140231721934 0.364668407310705 0.29967638833399923 0.049430809399477804
10 0.6608749500599281 0.32226109660574415 0.18941270475429486 0.03297127937336815
10 0.6614902117459049 0.2877963446475196 0.1906432281262485 0.03440208877284595
10 0.7182381142628845 0.23231853785900783 0.3010587295245705 0.07623498694516971
21 0.7190171793847383 0.15535248041775457 0.053447862564922094 0.022819843342036555
7 0.7168797443068318 0.7409712793733682 0.12711546144626448 0.02608355091383812