15 0.25664401661004155 0.19825790754257908 0.2998754246885617 0.022141119221411192
15 0.23437523593808984 0.226 0.2447678369195923 0.017284671532846716
15 0.257274443186108 0.25503649635036496 0.29056625141562853 0.018914841849148416
15 0.2321102302755757 0.286345498783455 0.24627784069460174 0.02119221411192214
15 0.22657606644016612 0.3127883211678832 0.23822574556436388 0.021523114355231143
15 0.25664401661004155 0.3484817518248175 0.29685541713854285 0.038408759124087595
15 0.2405398263495659 0.3849829683698297 0.26464703661759154 0.02381508515815085
15 0.22745564363910908 0.4125596107055961 0.238478671196678 0.024472019464720194
15 0.24117025292563232 0.4440340632603406 0.2643941109852775 0.025128953771289538
15 0.24632691581728955 0.47047688564476886 0.2762212155530389 0.0215669099756691
15 0.25362400906002264 0.5071435523114356 0.29685541713854285 0.04558637469586375
15 0.2127368818422046 0.5408856447688565 0.21658739146847866 0.02613138686131387
15 0.2532465081162703 0.5794939172749392 0.2915704039260098 0.041065693430656934
15 0.20204228010570027 0.6158345498783455 0.19066817667044167 0.024204379562043795
15 0.2367648169120423 0.6461703163017032 0.2691770479426198 0.0245352798053528
15 0.22871272178180446 0.6758588807785889 0.24401283503208757 0.02357177615571776
15 0.2173914684786712 0.7019756690997566 0.21834654586636465 0.019362530413625303
15 0.23600981502453758 0.7284184914841849 0.2555870139675349 0.023586374695863745
15 0.23248773121932806 0.7579464720194646 0.24854284635711588 0.02035036496350365
15 0.25362400906002264 0.7936350364963504 0.293835409588524 0.04112408759124088
15 0.7234541336353341 0.20945498783454988 0.2942695356738392 0.046481751824817515
15 0.7164288410721027 0.24529927007299268 0.2845224613061533 0.02391727493917275
15 0.7036995092487731 0.27385401459854014 0.25325405813514534 0.0292992700729927
15 0.7093620234050585 0.3037080291970803 0.2630653076632692 0.026715328467153285
15 0.72320120800302 0.3390705596107056 0.29376745941864857 0.03905109489051095
15 0.6965269913174783 0.37768369829683696 0.24947904869762175 0.02284184914841849
15 0.7091090977727444 0.40363990267639904 0.2655832389580974 0.024145985401459853
15 0.7060890902227256 0.4318637469586375 0.2625632314080785 0.026102189781021898
15 0.7028199320498301 0.4620389294403893 0.259041147602869 0.024160583941605838
15 0.7203057757644393 0.49708029197080295 0.29552661381653456 0.03974695863746959
15 0.7073499433748585 0.5350413625304136 0.27112117780294454 0.026126520681265204
15 0.6970328425821065 0.5629440389294403 0.23840694601736503 0.02354257907542579
15 0.7001774254435637 0.5924720194647202 0.2582861457153643 0.024199513381995132
15 0.6760211400528501 0.6194014598540145 0.20091355228388072 0.023557177615571776
15 0.6965269913174783 0.6477907542579076 0.243439033597584 0.02388807785888078
15 0.6835673839184598 0.6756934306569343 0.22507361268403173 0.0212992700729927
15 0.7213137032842583 0.7107347931873479 0.29754246885617214 0.040778588807785884
15 0.7151491128727822 0.74723600973236 0.28068327670819176 0.022291970802919708
15 0.6830653076632692 0.7725450121654501 0.21802567006417514 0.02230170316301703
15 0.7123820309550773 0.8004476885644769 0.28118535296338243 0.027498783454987834
28 0.7248471121177803 0.16321654501216545 0.053944884862212154 0.018238442822384425
28 0.26067950169875426 0.1609440389294404 0.05426576066440166 0.01759124087591241