15 0.2742595744680851 0.20507345739471106 0.3062510638297873 0.06277668952007835
15 0.27326808510638295 0.27625367286973557 0.2991617021276596 0.060181194906953964
15 0.26759574468085107 0.34351616062683643 0.2980255319148936 0.05759059745347698
15 0.27042978723404254 0.4093143976493634 0.3002936170212766 0.0579333986287953
15 0.2657489361702128 0.47657688540646426 0.30625531914893617 0.059255631733594515
15 0.2724170212765957 0.544818805093046 0.3076723404255319 0.05470617042115573
15 0.26376595744680853 0.6112683643486778 0.3022808510638298 0.056356513222331046
15 0.27752340425531913 0.6845690499510284 0.33149787234042555 0.0717238001958864
15 0.26816170212765955 0.7583643486777668 0.3093744680851064 0.058682664054848184
15 0.23696170212765957 0.8197502448579824 0.2333531914893617 0.04041136141038198
15 0.7240127659574468 0.8150146914789422 0.3325659574468085 0.0603281096963761
15 0.7289787234042553 0.7399167482859942 0.3305787234042553 0.0668413320274241
15 0.7145106382978723 0.665303623898139 0.30505106382978725 0.056694417238001955
15 0.717063829787234 0.5973898139079333 0.3067531914893617 0.05014691478942214
15 0.7153617021276595 0.5315964740450538 0.31015744680851065 0.061557296767874636
15 0.712668085106383 0.4692311459353575 0.31327659574468086 0.05435847208619001
15 0.7252893617021277 0.3960871694417238 0.3300127659574468 0.0687022526934378
15 0.7198978723404256 0.2948677766895201 0.33965957446808515 0.09740940254652301
15 0.6763617021276596 0.20850146914789422 0.22704680851063827 0.04024485798237023
28 0.7223191489361702 0.16131733594515182 0.06705531914893617 0.030112634671890303
28 0.27994468085106383 0.14792850146914788 0.0588936170212766 0.02292360430950049