28 0.27940721649484535 0.13092938496583142 0.05464285714285714 0.026173120728929387
28 0.7137150220913108 0.12075626423690206 0.04991531664212076 0.022223234624145785
16 0.7134683357879235 0.23815945330296126 0.09949558173784978 0.0219498861047836
16 0.2812481590574374 0.16707972665148063 0.0804160530191458 0.021931662870159453
16 0.28566642120765834 0.34994533029612757 0.05979749631811487 0.023198177676537587
16 0.7155559646539028 0.3898861047835991 0.049178939617083944 0.02107972665148064
16 0.7154344624447717 0.3153120728929385 0.07102356406480118 0.02318906605922551
16 0.7140832106038292 0.6034305239179955 0.07273932253313696 0.021749430523917996
16 0.7172717231222385 0.7114214123006833 0.07323269513991164 0.020865603644646923
16 0.29020618556701033 0.6521867881548975 0.06445876288659794 0.0190250569476082
16 0.28689248895434466 0.5069886104783599 0.053416789396170845 0.027494305239179954
15 0.28111561119293077 0.2023143507972665 0.370279823269514 0.045029612756264235
15 0.2542415316642121 0.2357266514806378 0.31505891016200294 0.01708883826879271
15 0.28246318114874813 0.2688382687927107 0.36561487481590577 0.04322095671981777
15 0.28013254786450664 0.3109111617312073 0.37126288659793816 0.041717539863325735
15 0.28418262150220913 0.3879134396355353 0.371999263622975 0.04690205011389522
15 0.20859351988217967 0.422997722095672 0.21198085419734905 0.021699316628701594
15 0.217919734904271 0.44684282460136676 0.22768777614138438 0.023831435079726654
15 0.26540868924889544 0.47569931662870163 0.34475699558173784 0.026874715261959
15 0.2802540500736377 0.5472391799544419 0.36120029455081 0.04420956719817768
15 0.28356774668630336 0.5794350797266514 0.3663512518409426 0.017489749430523917
15 0.2881111929307806 0.6108747152619589 0.3680706921944035 0.0421002277904328
15 0.2900736377025037 0.6918268792710706 0.36905007363770254 0.03452847380410023
15 0.29228276877761417 0.7291890660592255 0.37052282768777617 0.04000911161731207
15 0.28982695139911635 0.7723234624145786 0.36561487481590577 0.038801822323462416
15 0.2895839469808542 0.8197129840546697 0.3680706921944035 0.04610933940774487
15 0.7165243004418261 0.8045239179954442 0.3780706921944035 0.04853302961275627
15 0.7197164948453608 0.7572892938496583 0.37266936671575845 0.050646924829157176
15 0.7166494845360825 0.648236902050114 0.3709499263622975 0.0402870159453303
15 0.6508762886597939 0.6819544419134397 0.23351251840942563 0.02753986332574032
15 0.7215574374079529 0.5665284738041002 0.3778240058910162 0.040874715261958995
15 0.7132106038291605 0.5180774487471527 0.37880706921944035 0.05149430523917996
15 0.7149300441826215 0.47144874715261953 0.370460235640648 0.04024145785876993
15 0.7143188512518409 0.42953075170842825 0.37365243004418264 0.03658314350797266
15 0.7157916053019145 0.3543507972665148 0.3707069219440354 0.044765375854214126
15 0.7159131075110456 0.275371298405467 0.37242268041237114 0.043530751708428246
15 0.7139506627393225 0.20170842824601368 0.3684977908689249 0.036523917995444195
15 0.7152982326951399 0.15979043280182234 0.37266936671575845 0.04015489749430524