31 0.268075891146033 0.11004446640316205 0.05810655423533921 0.027124505928853754
31 0.7474741280183979 0.11004446640316205 0.06506707550785741 0.023833992094861662
14 0.2664584131851284 0.15985671936758894 0.37683020314296667 0.05593379446640316
14 0.2680528938290533 0.23025197628458496 0.3710808738980452 0.03534090909090909
14 0.25751628976619395 0.2014377470355731 0.34872748179379076 0.025459486166007905
14 0.26965120735914144 0.26854249011857706 0.3678880797240322 0.036151185770750986
14 0.26901111536987354 0.30807312252964425 0.3717209658873132 0.037811264822134386
14 0.26933307780758914 0.34059782608695655 0.3685281717133001 0.02215909090909091
14 0.2508087389804523 0.36365118577075095 0.3289267918742813 0.023799407114624506
14 0.2683748562667689 0.38546936758893285 0.3640551935607513 0.021324110671936757
14 0.2674166347259487 0.4056422924901186 0.36597163664239174 0.01884881422924901
14 0.25272518206209277 0.42502470355731226 0.3365887313146799 0.019733201581027666
14 0.26933307780758914 0.4633053359683795 0.36724798773476425 0.053483201581027665
14 0.2674166347259487 0.5102371541501977 0.36724798773476425 0.040296442687747035
14 0.2680567267152166 0.5505830039525692 0.3646952855500192 0.03864130434782608
14 0.26933307780758914 0.5880484189723321 0.36597163664239174 0.036161067193675886
14 0.2677347642775009 0.6242737154150197 0.36661172863165964 0.037801383399209486
14 0.2686929858183212 0.6666798418972332 0.3646952855500192 0.03861660079051383
14 0.2265389037945573 0.6942638339920949 0.2803832886163281 0.022964426877470353
14 0.25049060942889995 0.7123962450592886 0.3321195860482944 0.01806324110671937
14 0.236439248754312 0.7313339920948617 0.30018397853583745 0.021353754940711463
14 0.24538137217324646 0.7498616600790514 0.31806822537370644 0.018878458498023717
14 0.199072441548486 0.7692094861660079 0.2292832502874665 0.019698616600790513
14 0.22494059026446914 0.7873221343873518 0.2784668455346876 0.02133893280632411
14 0.21663855883480262 0.8066699604743083 0.2631353008815638 0.018863636363636364
14 0.17256420084323496 0.8247875494071145 0.1698811805289383 0.017213438735177868
14 0.7487658106554235 0.15944664031620553 0.3755576849367574 0.056763833992094864
14 0.7474856266768877 0.2084387351778656 0.373001149865849 0.036170948616600786
14 0.7497240321962437 0.24837450592885374 0.36980835569183595 0.04027667984189723
14 0.7490839402069758 0.28708992094861663 0.37236489076274437 0.03866600790513834
14 0.7107589114603295 0.3159090909090909 0.29443848217707935 0.022193675889328066
14 0.7497240321962437 0.34843379446640316 0.3710847067842085 0.03782608695652174
14 0.7385435032579531 0.3822134387351779 0.3461747796090456 0.02468873517786561
14 0.6832962821004216 0.40320652173913046 0.2356765044078191 0.02056818181818182
14 0.7510003832886163 0.4320256916996047 0.36725182062092754 0.035380434782608695
14 0.7254503641241855 0.4604298418972332 0.3199885013415102 0.023023715415019765
14 0.7289651207359141 0.4818379446640316 0.3257378305864316 0.023018774703557315
14 0.7356688386354925 0.5040711462450593 0.3404254503641242 0.023013833992094862
14 0.750042161747796 0.5341205533596838 0.37044844768110385 0.03700592885375494
14 0.7203411268685319 0.5625395256916995 0.3084898428516673 0.023023715415019765
14 0.7497240321962437 0.5897084980237154 0.37364124185511693 0.034545454545454546
14 0.7091644308164048 0.6181126482213438 0.29507857416634725 0.022188735177865612
14 0.7494020697585282 0.6378754940711462 0.369168263702568 0.020533596837944666
14 0.7519586048294365 0.6650444664031621 0.369168263702568 0.03370553359683794
14 0.7490839402069758 0.7033300395256917 0.3761977769260253 0.03616600790513834
14 0.7510003832886163 0.7407954545454545 0.36980835569183595 0.038626482213438736
14 0.7497240321962437 0.7774357707509881 0.3685320045994634 0.03614624505928853
14 0.750042161747796 0.8140711462450593 0.3717247987734764 0.03861166007905139