16 0.5733743409490334 0.17601081335213917 0.6511423550087874 0.0499529854254819
16 0.5760105448154658 0.5245063469675599 0.6388400702987698 0.048777621062529385
16 0.5738137082601055 0.7522331922896098 0.6379613356766256 0.051716031969910675
30 0.5557996485061512 0.05935590032910202 0.1555360281195079 0.02468265162200282
28 0.22891036906854131 0.059943582510578276 0.05536028119507909 0.03173483779971791
13 0.5773286467486819 0.11224729666196522 0.6414762741652021 0.07757404795486601
15 0.5755711775043937 0.22713916314057359 0.6432337434094904 0.0499529854254819
15 0.5724956063268892 0.3769981194170193 0.6493848857644992 0.24741419840150447
15 0.5689806678383128 0.5891513869299483 0.6441124780316344 0.07581100141043723
15 0.5685413005272407 0.6770098730606487 0.648506151142355 0.09755524212505877
15 0.5760105448154658 0.8065937940761636 0.640597539543058 0.05230371415138693
15 0.5861159929701231 0.848613070051716 0.6256590509666081 0.03173483779971791