27 0.44818359375 0.15254368932038836 0.094814453125 0.020401294498381878
17 0.447744140625 0.21576699029126215 0.46427734375 0.021339805825242718
15 0.4484375 0.2911974110032362 0.567890625 0.07557281553398058
15 0.4481640625 0.3537669902912622 0.57068359375 0.038569579288025894
15 0.342333984375 0.38736569579288027 0.3556640625 0.020245954692556634
15 0.42080078125 0.4381877022653722 0.515947265625 0.020815533980582522
15 0.29806640625 0.4132880258899676 0.26546875 0.020996763754045307
15 0.453046875 0.5314951456310679 0.572080078125 0.058608414239482196
15 0.324599609375 0.4874304207119741 0.318525390625 0.02157281553398058
15 0.32501953125 0.46299676375404536 0.3143359375 0.01933980582524272
15 0.45375 0.6081359223300972 0.568447265625 0.03863430420711974
15 0.35783203125 0.5746278317152104 0.381630859375 0.02048543689320388
15 0.451513671875 0.6501618122977346 0.57068359375 0.03827831715210356
15 0.318876953125 0.6853333333333332 0.305400390625 0.019773462783171523
15 0.4107421875 0.7121812297734628 0.48244140625 0.020148867313915856
1 0.5 0.9896051779935275 1 0.02079611650485437