13 0.2726085300837776 0.21546300832925036 0.08621858339680122 0.042229299363057325
13 0.2717212490479817 0.3327437530622244 0.09510281797410511 0.04160705536501715
13 0.27248286367098246 0.44854973052425284 0.09053313023610053 0.05176384125428712
13 0.2738766184310739 0.5527584517393435 0.09484767707539984 0.02500734933855953
13 0.27616146230007615 0.651420872121509 0.07504569687738004 0.022420382165605095
13 0.2741317593297791 0.7458304752572269 0.09840060929169839 0.027016168544830965
13 0.7250990099009901 0.6675894169524742 0.07574257425742574 0.04104360607545321
13 0.7262376237623762 0.562234198922097 0.19530464584920032 0.043953944145026944
13 0.7267479055597867 0.4289514943655071 0.14148895658796648 0.047839294463498286
13 0.7264927646610815 0.3193483586477217 0.1501180502665651 0.03833414992650661
13 0.7242079207920792 0.23784419402253798 0.23998476770754001 0.0693483586477217
27 0.27222772277227725 0.16302792748652623 0.04737623762376238 0.021631553160215578
10 0.19899086062452398 0.26430181283684473 0.12785986290936785 0.047795198432141105
10 0.20622239146991622 0.38011268985791274 0.15298933739527798 0.05011268985791279
10 0.20787509520182787 0.49640862322390983 0.14867479055597868 0.051450269475747185
10 0.2104112718964204 0.596702596766291 0.1628903274942879 0.048211660950514455
10 0.19924219345011426 0.6883341499265067 0.15273800456968772 0.053135717785399314
10 0.23642802741812644 0.7824203821656052 0.22558644325971058 0.0492405683488486
10 0.6592231530845392 0.722312591866732 0.1800837776085301 0.07013228809407153
10 0.64500761614623 0.6105830475257227 0.14251713632901752 0.04658010779029887
10 0.7125285605483624 0.48889759921607057 0.28364813404417366 0.07562469377756002
10 0.6886671744097487 0.36589906908378245 0.22374333587204873 0.055007349338559525