17 0.7461341974837972 0.3814920948616601 0.11318337781166603 0.039006916996047435
28 0.26313762866946244 0.1057608695652174 0.07284788410217309 0.029046442687747035
28 0.7449904689287076 0.11498517786561264 0.0697255051467785 0.03168478260869565
15 0.2635074342356081 0.16786067193675888 0.3648570339306138 0.0603606719367589
15 0.2635074342356081 0.23012351778656126 0.36180709111704157 0.05444664031620554
15 0.26414029736942435 0.2927124505928854 0.36460160121997714 0.06500494071146244
15 0.26337781166603125 0.3528310276679842 0.36003049942813575 0.05283102766798419
15 0.26299656881433475 0.4137747035573123 0.3607929851315288 0.06009881422924901
15 0.2637590545177278 0.4857559288537549 0.35926801372474265 0.07559782608695652
15 0.2566450629050705 0.5496640316205533 0.35113610369805565 0.04135869565217391
15 0.25969500571864274 0.5990760869565217 0.3663820053373999 0.05323122529644268
15 0.25995043842927945 0.6473369565217392 0.35774304231795656 0.03314723320158103
15 0.25702630575676705 0.7320059288537549 0.3686694624475791 0.12738636363636363
15 0.25638963019443384 0.8285227272727274 0.36587495234464357 0.059550395256916994
15 0.7418032786885246 0.175602766798419 0.3729203202439954 0.05014822134387352
15 0.7416774685474647 0.23522727272727273 0.38028974456728937 0.054777667984189725
15 0.7438353030880671 0.29221837944664036 0.37393442622950823 0.054135375494071145
15 0.7472664887533359 0.5027272727272727 0.3762218833396874 0.17081027667984192
15 0.7472664887533359 0.6496492094861661 0.3701219977125429 0.12077569169960474
15 0.74472359893252 0.7894911067193676 0.37723980175371713 0.14947134387351776