17 0.26600907029478454 0.34954545454545455 0.21707482993197277 0.03628507295173962
23 0.19420861678004536 0.42515151515151517 0.18936961451247167 0.03225028058361391
23 0.26713832199546483 0.4658473625140292 0.33876190476190476 0.05190796857463524
29 0.26600453514739225 0.7913636363636364 0.29265759637188205 0.029545454545454545
17 0.7338503401360544 0.22014590347923682 0.22154195011337868 0.04310886644219977
17 0.7327165532879819 0.30620089786756455 0.2540408163265306 0.03938832772166105
17 0.7320816326530613 0.3507912457912458 0.3026621315192744 0.035039281705948375
17 0.7338548752834467 0.39615600448933785 0.10363718820861678 0.026632996632996633
17 0.7315873015873017 0.46272727272727276 0.12328798185941044 0.030701459034792367
17 0.734108843537415 0.5321043771043771 0.067859410430839 0.02542087542087542
17 0.7319637188208616 0.5958641975308642 0.11648526077097507 0.027620650953984287
17 0.7336054421768707 0.6636812570145904 0.03662131519274377 0.030443322109988777
17 0.7333469387755102 0.7530134680134679 0.16611337868480724 0.02765993265993266
14 0.6539863945578231 0.4218799102132435 0.16763718820861678 0.027575757575757576
14 0.6515963718820862 0.4895398428731762 0.16436281179138323 0.028215488215488214
14 0.6688526077097505 0.5598540965207631 0.19434013605442177 0.024803591470258138
14 0.649578231292517 0.6275140291806959 0.16033560090702947 0.02544332210998878
14 0.6886258503401361 0.7026599326599328 0.2384263038548753 0.048540965207631875
14 0.6527301587301587 0.7821661054994388 0.1620952380952381 0.03172278338945006
28 0.9304897959183673 0.6056902356902356 0.03885714285714286 0.03791245791245791
7 0.7387346938775511 0.1444500561167228 0.3400544217687075 0.04498316498316498