27 0.14778686213701722 0.13522580645161292 0.012526078376092473 0.01819354838709677
27 0.8675500422892585 0.14400403225806452 0.01538201296870595 0.017588709677419354
31 0.7226473075838737 0.1435 0.10654637722018608 0.01779032258064516
31 0.29444319142937697 0.13926209677419354 0.10689314914011841 0.016580645161290323
15 0.2921793064561601 0.1931532258064516 0.31062588102621935 0.06624596774193547
15 0.2914744854806879 0.25935483870967746 0.30413588948407105 0.06303225806451612
15 0.2909811107978573 0.3349435483870968 0.300608965322808 0.07738306451612903
15 0.2912630391880462 0.41092338709677423 0.3045587820693544 0.06830645161290323
15 0.2909811107978573 0.47712499999999997 0.300608965322808 0.0626733870967742
15 0.2897800958556526 0.5510967741935484 0.30074992951790247 0.07863709677419355
15 0.2916859317733295 0.6262822580645162 0.3003270369326191 0.07038306451612904
15 0.2915449675782351 0.7017661290322581 0.3017366788835636 0.07847580645161291
15 0.29260219904144347 0.7775483870967742 0.30808570623061743 0.06899596774193549
15 0.7019227516210882 0.7925766129032258 0.25642796729630674 0.036092741935483875
15 0.722590921905836 0.7463548387096774 0.2918381731040316 0.04052016129032258
15 0.713349309275444 0.6963024193548387 0.2843614321962222 0.04212096774193548
15 0.7264702565548351 0.6376693548387097 0.30721736678883566 0.0471491935483871
15 0.7263292923597406 0.5706693548387096 0.3086270087397801 0.05602822580645161
15 0.7259768818720045 0.49348790322580643 0.30876797293487457 0.0820766129032258
15 0.7256949534818156 0.40750403225806453 0.3065125458133634 0.06994354838709678
15 0.716523822948971 0.32626612903225805 0.2949422046800113 0.06366532258064515
15 0.7210374964758951 0.25108467741935486 0.3073583309839301 0.07434274193548387
17 0.722385114180998 0.19204435483870966 0.119568649563011 0.025278225806451612