17 0.26727137546468405 0.308062930186824 0.25540520446096654 0.03460668633235005
17 0.7314944237918216 0.2097345132743363 0.1869256505576208 0.03163716814159292
17 0.7334386617100372 0.31331366764995083 0.1731635687732342 0.03344149459193707
17 0.7339591078066914 0.35904129793510325 0.3400706319702602 0.03528023598820059
17 0.7322899628252788 0.5380875122910521 0.145817843866171 0.027949852507374633
21 0.1859368029739777 0.3975368731563422 0.21624535315985133 0.0362094395280236
21 0.27202973977695166 0.4544542772861357 0.36725650557620815 0.07536873156342183
25 0.2710371747211896 0.8561455260570305 0.3178550185873606 0.03138151425762045
7 0.7282342007434944 0.11822025565388397 0.33744237918215614 0.034823008849557524
15 0.7352899628252788 0.423874139626352 0.35861338289962824 0.051548672566371675
15 0.7339665427509293 0.48009832841691247 0.35420074349442376 0.047315634218289084
15 0.6798066914498142 0.5818633235004916 0.2423531598513011 0.05015732546705998
15 0.7374981412639405 0.6612930186823992 0.35420074349442376 0.09653392330383481
15 0.7427881040892192 0.7407325467059981 0.35772862453531595 0.0495968534906588
15 0.7364386617100371 0.8023205506391348 0.35208550185873605 0.047699115044247786
15 0.7188847583643122 0.8482792527040315 0.31521189591078064 0.028539823008849555