15 0.26906910132474043 0.15060195986934205 0.32284282133906195 0.050461969202053196
15 0.2716970998925886 0.20520298646756882 0.32236305048335123 0.05079328044797013
15 0.26906910132474043 0.2683667755482968 0.3257071249552453 0.06387307512832478
15 0.2663265306122449 0.33214652356509566 0.3187826709631221 0.04958002799813346
15 0.26823487289652703 0.3925058329444704 0.31973863229502325 0.05457302846476902
15 0.26740064446831363 0.4566028931404573 0.31949874686716795 0.05957069528698087
15 0.2691908342284282 0.5189827344843677 0.3159183673469388 0.055543630424638356
15 0.26489437880415323 0.5729631357909473 0.32737558181167203 0.04217918805412973
15 0.26513068385248834 0.6204106392907139 0.32785535266738275 0.04561362575828278
15 0.26393841747225205 0.6701913205786281 0.3254672395273899 0.044381707886140924
15 0.26214822771213747 0.7154643023798414 0.32618331543143575 0.04346243583761083
15 0.26692445399212317 0.7798693420438637 0.3214106695309703 0.0714792347176855
15 0.23327246688148942 0.8330704619692021 0.25697099892588615 0.02855809612692487
15 0.7329323308270677 0.17113392440503966 0.326827783745077 0.0392673821745217
15 0.7307841031149301 0.21578161455902942 0.32539921231650554 0.03710219318712086
15 0.7346043680630147 0.2703873075128325 0.330171858216971 0.05858609426038264
15 0.731500179018976 0.32623425104993 0.3239670605084139 0.04148856742883807
15 0.7307841031149301 0.558338777414839 0.3339885427855353 0.02786280914605693
15 0.7328141783029001 0.6001866542230518 0.31943071965628356 0.046229584694353704
15 0.7304260651629072 0.65012599160056 0.3232509846043681 0.043443770415305644
15 0.733172216254923 0.6952403173121793 0.32444325098460436 0.04034531031264582
15 0.7293519513068385 0.7411292580494634 0.32539921231650554 0.04440037330844611
15 0.7283995703544576 0.7846896873541763 0.3234872896527032 0.0419272048530098
15 0.7305477980665951 0.8428744750349977 0.3249194414607948 0.061231917872141856
17 0.7325850340136054 0.4393327111525898 0.11560329394915861 0.03809612692487167
17 0.7341317579663443 0.4984507699486701 0.2461582527747941 0.07047130191320579
28 0.26824561403508773 0.11139524031731218 0.03905836018617974 0.01685020998600093
28 0.733422842821339 0.13504433037797478 0.04996777658431794 0.026812879141390574