25 0.26120264803236487 0.13399999999999998 0.05262596542846635 0.027366666666666668
25 0.7413681500551673 0.12240952380952382 0.05524825303420375 0.025138095238095237
16 0.26401618242000735 0.17337142857142857 0.22448694372931224 0.048966666666666665
16 0.2598492092681133 0.3381571428571429 0.21909525560867968 0.028057142857142857
16 0.2618094887826407 0.4751571428571429 0.22301581463773446 0.02587142857142857
16 0.26377344611989706 0.6005714285714286 0.1886943729312247 0.04431904761904762
16 0.7421000367782273 0.1767047619047619 0.1390989334314086 0.04991904761904762
16 0.7405075395365943 0.3983238095238095 0.15209268113276941 0.04743809523809524
16 0.7401397572637 0.6820142857142857 0.13811695476278044 0.04910476190476191
9 0.2604560500183891 0.25989523809523807 0.360066200809121 0.12106190476190476
9 0.26351967635159984 0.4046761904761905 0.3588414858403825 0.10205238095238095
9 0.2568995954394998 0.5299285714285714 0.348543582199338 0.08017619047619048
9 0.2642552408973887 0.7353619047619048 0.3603126149319603 0.21675714285714284
9 0.7420926811327694 0.28323333333333334 0.3626921662375873 0.1505952380952381
9 0.7401287237955131 0.5391476190476191 0.3617138653916881 0.20527619047619047
9 0.7359617506436189 0.7726619047619048 0.35043398308201545 0.11802380952380952