14 0.2606979280261723 0.1295803528850739 0.36387495456197744 0.03344301382927992
14 0.26142493638676845 0.1709155937052933 0.36242093784078516 0.047443967572722935
14 0.26227190112686294 0.22035765379113018 0.3655725190839695 0.03760133524082022
14 0.2599709196655761 0.2575584167858846 0.36242093784078516 0.031888412017167383
14 0.2604543802253726 0.2938054363376252 0.3662995274445656 0.03571292322365284
14 0.2599709196655761 0.32941821649976155 0.36532897128316977 0.034453981878874586
14 0.2602108324245729 0.37774916547448734 0.36872410032715375 0.05481640438721984
14 0.26251544892766265 0.42353361945636625 0.37478007997091967 0.03575107296137339
14 0.262635405307161 0.4591463996185026 0.3706615776081425 0.034487362899380064
14 0.26118138858596873 0.5052503576537911 0.36775354416575795 0.050395803528850744
14 0.2582733551435841 0.5478540772532189 0.36775354416575795 0.032603719599427754
14 0.2319847328244275 0.5796518836432999 0.31953471464921845 0.03134000953743443
14 0.25972737186477646 0.7185979971387697 0.36775354416575795 0.05363376251788269
14 0.2582733551435841 0.7729709108249881 0.36484551072337335 0.05174058178350024
14 0.257546346782988 0.8233667143538388 0.3662995274445656 0.051440152598950885
14 0.25960741548527805 0.8718550309966618 0.3660559796437659 0.03968526466380544
14 0.7341875681570338 0.8775774916547449 0.36865139949109416 0.05494992846924177
14 0.731882951653944 0.8298855507868383 0.3742239185750636 0.03586075345731998
14 0.7349145765176299 0.13609918931807344 0.3671973827699018 0.036943252265140676
14 0.736245001817521 0.18252265140677157 0.3625917848055253 0.053490701001430614
14 0.7329734641948382 0.30763948497854077 0.3749509269356598 0.05384358607534573
14 0.7341875681570338 0.3511969480209824 0.3715594329334787 0.034139246542680024
14 0.7339440203562341 0.3925321888412017 0.3623518720465285 0.0405102527420124
14 0.7363685932388222 0.4292560801144492 0.3671973827699018 0.03575107296137339
14 0.7356415848782261 0.4667763471626133 0.3715594329334787 0.03830710538865045
14 0.7361250454380225 0.504611349546972 0.36962195565249 0.041492608488316644
14 0.736245001817521 0.5421316165951359 0.36549981824790984 0.036418693371483075
14 0.7341875681570338 0.5780591320934669 0.36574336604870955 0.039608965188364334
14 0.7353980370774263 0.7219360991893181 0.36816793893129773 0.035512637100619936
14 0.7334605597964376 0.7573915116833572 0.37010541621228643 0.0358416785884597
14 0.7322464558342421 0.7923652837386742 0.36768447837150126 0.03711969480209824
17 0.7362522719011269 0.25946590367191225 0.16486368593238823 0.03951835956127802
17 0.7324972737186477 0.6688364329995231 0.22568520537986186 0.0323175965665236
17 0.2570665212649946 0.6632713400095375 0.21412577244638312 0.03454458750596089
31 0.26264631043257 0.09269909394372913 0.039171210468920394 0.02453028135431569
31 0.7358960378044348 0.09889842632331902 0.046368593238822246 0.01976156413924654