15 0.21780415430267064 0.2360498046875 0.19179154302670626 0.0456689453125
15 0.2600853115727003 0.2946533203125 0.2704154302670623 0.0574072265625
15 0.26144287833827895 0.35634765625 0.2716505934718101 0.0499365234375
15 0.21768175074183976 0.41283203125 0.18116097922848665 0.0476708984375
15 0.2630526706231454 0.4702978515625 0.2704154302670623 0.05517578125
15 0.26428783382789317 0.542734375 0.27288946587537094 0.0809130859375
15 0.2639169139465875 0.6202197265625 0.2736313056379822 0.05619140625
15 0.26527818991097923 0.71837890625 0.27486646884272997 0.059150390625
15 0.26824554896142433 0.78462890625 0.27783382789317507 0.0607958984375
15 0.7355675074183976 0.77291015625 0.2718286350148368 0.056884765625
15 0.7356899109792285 0.68142578125 0.27949183976261127 0.053603515625
15 0.6547181008902077 0.5886376953125 0.1190318991097923 0.0438134765625
15 0.6876038575667656 0.5022021484375 0.18479970326409498 0.040859375
15 0.6413686943620178 0.4195068359375 0.09529673590504452 0.0434423828125
15 0.6753635014836795 0.3348583984375 0.15883902077151335 0.0460205078125
15 0.7083716617210682 0.2804931640625 0.23227002967359053 0.04666015625
15 0.7302522255192878 0.2311669921875 0.2775148367952522 0.0554345703125
17 0.7400222551928783 0.189169921875 0.14127225519287834 0.022216796875
17 0.2680007418397626 0.2000732421875 0.12008160237388725 0.0225439453125
17 0.7412574183976262 0.3864599609375 0.18825296735905042 0.0222705078125
17 0.7422514836795252 0.4667138671875 0.12495548961424333 0.0206640625
17 0.7442247774480713 0.55201171875 0.18528560830860533 0.019384765625
17 0.7422514836795252 0.6387744140625 0.1130860534124629 0.01908203125
17 0.7437351632047478 0.7325341796875 0.07451409495548961 0.019111328125
27 0.7434903560830861 0.1491259765625 0.056216617210682496 0.02416015625
27 0.2680044510385757 0.161171875 0.057770771513353116 0.01830078125
17 0.2722032640949555 0.672470703125 0.1403560830860534 0.025927734375