27 0.2796735143066764 0.11024542829643888 0.06803008070432869 0.02367661212704524
17 0.7331364636830521 0.19989412897016362 0.1861518708730741 0.0340279114533205
17 0.7336170212765957 0.2945813282001925 0.2611628760088041 0.043893166506256014
17 0.7338701393983859 0.541929740134745 0.2697175348495965 0.033864292589027914
15 0.2796661775495231 0.18048604427333975 0.3529530447542186 0.08601539942252166
15 0.27893983859134264 0.2640904716073147 0.34667278063096113 0.07583734359961501
15 0.2730630961115187 0.34305101058710297 0.3558510638297872 0.07325794032723773
15 0.26992663242846665 0.42127045235803656 0.3608400586940572 0.07553416746871992
15 0.27403154805575936 0.506082771896054 0.3577806309611152 0.07410009624639076
15 0.2694424064563463 0.5867276227141482 0.3566544387380778 0.08333974975938403
15 0.26598312545854735 0.6573965351299326 0.35456346294937635 0.05784408084696824
15 0.2671900220102715 0.7368768046198267 0.3585876742479824 0.09643407122232915
15 0.2659024211298606 0.8204860442733397 0.3495744680851064 0.06091915303176131
15 0.6741452677916361 0.6442011549566892 0.23881511371973588 0.020895091434071224
15 0.735953778429934 0.7125938402309914 0.3624247982391783 0.09854667949951877
15 0.7367571533382246 0.7801588065447546 0.3543763756419662 0.030948026948989415
15 0.7403778429933969 0.8263907603464871 0.36001100513573 0.0516121270452358
15 0.7346661775495231 0.45709817131857555 0.35984959647835657 0.06482194417709336
15 0.73506603081438 0.39946102021174207 0.35904622157006605 0.05345524542829644
15 0.686940572267058 0.35449470644850817 0.2660161408657373 0.028570741097208852
17 0.737993396918562 0.5878392685274302 0.12847028613352898 0.027776708373435995