15 0.26356232939035484 0.1898094103633115 0.36283894449499543 0.07917212626563432
15 0.7341583257506825 0.20039904705181658 0.369845313921747 0.10829660512209649
15 0.7341583257506825 0.30017272185824895 0.369845313921747 0.07953543776057176
15 0.2686169244767971 0.2750208457415128 0.3638489535941765 0.057022036926742105
15 0.7318835304822566 0.3799285288862418 0.36529572338489535 0.06036331149493746
15 0.26293448589626933 0.3517986896962477 0.3691583257506824 0.0795473496128648
15 0.26735668789808914 0.43634901727218584 0.37041856232939036 0.06402025014889814
15 0.7311237488626023 0.46828469326980343 0.3728753412192903 0.09811197141155449
15 0.26735668789808914 0.5086599166170339 0.3643539581437671 0.055765336509827276
15 0.7364331210191083 0.5702144133412745 0.3622611464968153 0.083579511614056
15 0.26659690627843496 0.5776593210244193 0.36890354868061875 0.06074449076831447
15 0.7310009099181074 0.6496366885050625 0.3620109190172885 0.0597736748064324
15 0.26735668789808914 0.6489696247766527 0.3734531392174704 0.062418106015485406
15 0.26924931756141945 0.7280643240023824 0.3817925386715195 0.07766527695056581
15 0.7289763421292084 0.7260810005955926 0.3700955414012739 0.08163787969029183
15 0.27190627843494086 0.82039309112567 0.3552547770700637 0.07570577724836212
15 0.7299909008189263 0.7962358546754021 0.3660555050045496 0.055181655747468736
15 0.7092675159235668 0.8524895771292436 0.3215741583257507 0.03269207861822514
27 0.2676205641492266 0.11815961882072662 0.05247952684258417 0.033156640857653366
27 0.7359417652411283 0.1168374032162001 0.061000909918107374 0.02653365098272781