31 0.2660401101061738 0.1712794117647059 0.06281557215886749 0.024259803921568627
17 0.7283169484860401 0.24383823529411766 0.12382618953991348 0.036044117647058824
14 0.2699606763664963 0.23763235294117646 0.33806134486826583 0.06284803921568628
14 0.26838773102634683 0.2977696078431373 0.334915454187967 0.04586764705882353
14 0.26760125835627213 0.3368235294117647 0.33648839952811643 0.023980392156862745
14 0.265241840346048 0.37784803921568627 0.334915454187967 0.04523529411764706
14 0.2662917813605977 0.43030392156862746 0.3370114038537161 0.04623039215686275
14 0.21635863153755408 0.4705049019607843 0.22928037750688163 0.020745098039215686
14 0.23575304758159654 0.5007352941176471 0.2712229650019662 0.024348039215686276
14 0.26891466771529693 0.5409411764705883 0.33281950452221787 0.04200980392156863
14 0.2694376720408966 0.5945441176470587 0.3370114038537161 0.047254901960784315
14 0.2678647267007471 0.6443872549019608 0.3370114038537161 0.046941176470588236
14 0.20220212347620922 0.6842598039215687 0.20097129374754227 0.02472549019607843
14 0.7279158474243019 0.39779901960784314 0.3385174990169092 0.24984313725490195
14 0.7271293747542272 0.5778774509803921 0.34323633503735745 0.09627450980392158
14 0.7242469524184034 0.6777254901960784 0.34690523004325596 0.09401470588235293
14 0.7252929610696028 0.7743088235294118 0.3395674400314589 0.08913725490196078