15 0.2734432 0.1878598484848485 0.3339808 0.08341856060606061
15 0.27408319999999997 0.2795691287878788 0.3327008 0.09828125
15 0.27323200000000003 0.3614914772727273 0.3284352 0.048106060606060604
15 0.2753632 0.4142140151515152 0.3327008 0.05127840909090909
15 0.273552 0.49756155303030297 0.33035519999999996 0.10433712121212121
15 0.269712 0.5982670454545455 0.3405952 0.07848011363636363
15 0.269712 0.6730871212121212 0.3354752 0.050085227272727274
15 0.27173759999999997 0.7395407196969698 0.3382496 0.06746685606060607
15 0.26864319999999997 0.8176751893939395 0.338464 0.07033143939393939
15 0.736768 0.8042613636363636 0.3390336 0.07569128787878789
15 0.7350624 0.7284943181818182 0.3356192 0.06430871212121211
15 0.7309024000000001 0.6437263257575757 0.3413792 0.08227746212121212
15 0.7334624000000001 0.5487026515151515 0.3388192 0.08162405303030303
15 0.7342112 0.4609375 0.3415936 0.06517992424242425
15 0.7323968 0.3435037878787879 0.34692480000000003 0.15985795454545454
15 0.7349568 0.22589962121212123 0.3418048 0.06290719696969697
15 0.7373024 0.16291666666666665 0.3413792 0.04868371212121212
28 0.7365664 0.11555871212121212 0.0442272 0.029730113636363634
28 0.273136 0.12471590909090909 0.0402432 0.021524621212121214