28 0.27323826714801447 0.14486333647502356 0.05502527075812274 0.017657869934024503
28 0.7374657039711191 0.14674835061262959 0.05350902527075812 0.025197926484448633
13 0.2867075812274368 0.22200754005655043 0.2725740072202166 0.09843072573044298
15 0.27335018050541515 0.3420405278039585 0.2906245487364621 0.12360037700282751
15 0.2719061371841155 0.4515362865221489 0.29351263537906136 0.08435438265786993
15 0.2734729241877256 0.5429736098020735 0.2951985559566787 0.07872290292177192
15 0.2726281588447653 0.6227803958529688 0.2920685920577617 0.0686899151743638
15 0.2716678700361011 0.6958388312912347 0.2872563176895307 0.06588124410933083
15 0.2686570397111913 0.768105560791706 0.29135018050541517 0.06715834118755891
15 0.7361335740072202 0.21085296889726673 0.29200000000000004 0.08554665409990575
15 0.7342057761732852 0.28437794533459004 0.293927797833935 0.04786050895381715
15 0.7358916967509026 0.3533459000942507 0.29151985559566784 0.07835532516493875
15 0.7346895306859206 0.4219981149858624 0.2948880866425993 0.047898209236569275
15 0.7331227436823105 0.5016588124410933 0.29609386281588446 0.1035344015080113
15 0.734086642599278 0.6022054665409992 0.2922418772563177 0.08973609802073515