27 0.5313328530259366 0.09741567695961996 0.09917146974063401 0.025073634204275535
13 0.5233933717579251 0.3487553444180522 0.5011599423631125 0.03559144893111639
13 0.5308429394812679 0.38106413301662706 0.31144812680115275 0.028
10 0.5293876080691642 0.1545890736342043 0.7292867435158501 0.08812351543942992
10 0.5238688760806917 0.22458907363420427 0.7326512968299711 0.045695961995249404
10 0.5344308357348703 0.2781187648456057 0.719200288184438 0.05394774346793349
10 0.5281916426512968 0.4179667458432304 0.7355331412103746 0.04669833729216152
10 0.5281916426512968 0.4721282660332542 0.7297694524495677 0.06001425178147268
10 0.5310734870317003 0.5258194774346793 0.7240057636887608 0.04387648456057007
10 0.5329899135446685 0.5848931116389549 0.7220821325648416 0.07271733966745843
10 0.5315489913544669 0.6542612826603326 0.7307276657060519 0.06323040380047505
10 0.5310734870317003 0.7073159144893112 0.7297694524495677 0.038223277909738715
10 0.5296325648414986 0.7481757719714964 0.7268876080691642 0.043938242280285034
10 0.5286671469740634 0.8015486935866983 0.7364913544668588 0.05757244655581947
10 0.5310662824207493 0.854603325415677 0.7412968299711816 0.04016152019002375