15 0.2663853396099529 0.14725769407441433 0.34063887020847344 0.05119430408819477
15 0.26590114324142566 0.2026963711529628 0.3407464694014795 0.04865870463941204
15 0.266546738399462 0.25857602204869085 0.3420376597175521 0.05584290307762976
15 0.2680564895763282 0.31600367478180985 0.3364324142568931 0.05286173633440514
15 0.26633154001344994 0.3755672944418925 0.3372965702757229 0.052682590721175926
15 0.2287626092804304 0.4141065686724851 0.2632380632145259 0.022241616903996324
15 0.2669233355749832 0.4529030776297657 0.3395595158036315 0.04828203950390446
15 0.26767989240080703 0.5094487827285255 0.33891392064559517 0.05531924666972899
15 0.26708473436449226 0.5636977491961415 0.3409616677874916 0.04598989435002297
15 0.2670309347679892 0.6185484611851171 0.34193006052454605 0.05405604042259991
15 0.2658473436449227 0.6789205328433624 0.34171486213853397 0.056968305006890214
15 0.26767989240080703 0.7339917317409279 0.33891392064559517 0.055167661920073496
15 0.7394889038332212 0.22640790078089112 0.3434364492266308 0.05041341295360588
15 0.7383557498318762 0.27786862655029854 0.3422494956287828 0.04876435461644465
15 0.6783120376597175 0.326022048690859 0.20706792199058507 0.041966008268259074
15 0.7398117014122394 0.37490583371612307 0.3419266980497646 0.051359669269637115
15 0.6800907868190988 0.4127514928801102 0.21386012104909213 0.02277446026642168
15 0.7348520511096166 0.4352090032154341 0.32338264963012775 0.020257234726688104
15 0.7186281102891727 0.4669361506660542 0.28770006724949565 0.03805695911805236
15 0.7371721587088097 0.5167064768029398 0.3420342972427707 0.04921910886541112
15 0.7338298587760591 0.5612080845199816 0.3245696032279758 0.03511713367018834
15 0.7371721587088097 0.7156499770326137 0.34634835238735706 0.11864951768488746
15 0.7373873570948217 0.8035691318327973 0.3467787491593813 0.04997703261368856
17 0.735988567585743 0.6219384474046854 0.25557162071284467 0.038745980707395496
17 0.7359314055144586 0.16622416169039964 0.29104236718224613 0.04640790078089114
27 0.7376698049764626 0.10165824529168581 0.04006052454606591 0.01891134588883785
27 0.2689307330195023 0.10701883325677537 0.041677874915938135 0.019315571887919155