28 0.24815462315462317 0.1288073852295409 0.05439005439005439 0.02058383233532934
15 0.2488850038850039 0.17340319361277445 0.32488344988344986 0.03992015968063872
15 0.2488850038850039 0.21644211576846306 0.32294094794094796 0.03992015968063872
15 0.24815462315462317 0.26696606786427146 0.3243978243978244 0.05239520958083832
15 0.2471833721833722 0.31905189620758484 0.33022533022533024 0.03680139720558882
15 0.2454856254856255 0.3608433133732535 0.3277972027972028 0.03804890219560878
15 0.24694250194250195 0.4038822355289421 0.32196969696969696 0.03929640718562874
15 0.24766899766899766 0.4453592814371258 0.3273115773115773 0.03617764471057884
15 0.24815462315462317 0.4949500998003992 0.3273115773115773 0.0530189620758483
15 0.2063908313908314 0.5832085828343313 0.24961149961149962 0.02120758483033932
15 0.2454856254856255 0.657749500998004 0.32196969696969696 0.03804890219560878
15 0.24572649572649571 0.7007884231536927 0.32925407925407923 0.03929640718562874
15 0.2437839937839938 0.781561876247505 0.3282828282828283 0.0374251497005988
16 0.24257187257187257 0.5570109780439122 0.1422882672882673 0.02120758483033932
16 0.24524087024087024 0.6240668662674651 0.09324009324009325 0.01808882235528942
16 0.2454856254856255 0.7481936127744512 0.08886946386946387 0.02307884231536926
19 0.2416006216006216 0.8373902195608783 0.19570707070707072 0.019336327345309382