21 0.294521613832853 0.21734 0.32 0.06356
21 0.2936916426512968 0.36422 0.3216657060518732 0.225752
21 0.2946628242074928 0.514588 0.3186138328530259 0.06903200000000001
21 0.29535446685878963 0.576868 0.32332853025936603 0.056148
22 0.3798155619596542 0.617104 0.08119308357348703 0.02112
7 0.3049337175792507 0.720004 0.049587896253602305 0.029427999999999996
32 0.2908559077809798 0.164492 0.10713832853025936 0.016763999999999998
17 0.732613832853026 0.215036 0.28420749279538904 0.048556
17 0.7379596541786743 0.322944 0.10102017291066283 0.025292
17 0.7358126801152738 0.4784 0.09755331412103746 0.023216
17 0.7362247838616715 0.6390399999999999 0.14497982708933718 0.026883999999999998
21 0.7367867435158502 0.658388 0.04361383285302594 0.014116
21 0.7383083573487031 0.343428 0.04596829971181556 0.01198
21 0.7373371757925072 0.49706000000000006 0.07564265129682998 0.014332
15 0.7391325648414986 0.408696 0.3088904899135446 0.08246
15 0.7384380403458214 0.5583640000000001 0.31249567723342936 0.10114400000000001
15 0.7396167146974063 0.7063119999999999 0.31235734870317006 0.065568
15 0.7403112391930836 0.77918 0.30875216138328526 0.069248