14 0.2530476900149031 0.15031663516068053 0.37593889716840534 0.03724480151228734
14 0.2546609538002981 0.19726843100189037 0.37171758569299557 0.04419187145557656
14 0.2564008941877794 0.24422022684310019 0.37519374068554395 0.039792060491493385
14 0.25317064083457524 0.290382797731569 0.3806594634873324 0.03948960302457467
14 0.2545380029806259 0.3431616257088847 0.38488077496274214 0.05998582230623819
14 0.25205290611028314 0.39452268431001886 0.379914307004471 0.03793950850661626
14 0.2518070044709389 0.43784971644612475 0.3734575260804769 0.04330812854442344
14 0.23913934426229508 0.4748724007561437 0.34812593144560355 0.028511342155009452
14 0.2526751117734724 0.5114272211720227 0.3737034277198212 0.03734404536862004
14 0.2515573770491803 0.552703213610586 0.37295827123695974 0.03672495274102079
14 0.2529210134128167 0.6034357277882797 0.37718330849478393 0.055014177693761816
14 0.251929955290611 0.654007561436673 0.37817436661698955 0.04084593572778828
14 0.251929955290611 0.6985964083175803 0.38115499254843516 0.048738185255198484
14 0.2518032786885246 0.7565784499054821 0.3823994038748137 0.06639886578449905
14 0.25602831594634873 0.8150283553875236 0.38488077496274214 0.04152173913043478
14 0.7436959761549925 0.814555765595463 0.3810842026825634 0.04246691871455577
14 0.7438189269746647 0.15378544423440454 0.3798397913561848 0.040396975425330814
14 0.7400931445603577 0.19853024574669187 0.378349478390462 0.04293005671077505
14 0.7418330849478391 0.24594990548204157 0.37586810730253356 0.04136578449905482
14 0.7450633383010432 0.2865973534971645 0.37934426229508195 0.03948960302457467
14 0.7398472429210134 0.3228355387523629 0.37487332339791357 0.028785444234404534
14 0.7449366616989568 0.36222589792060494 0.3776043219076006 0.039508506616257086
14 0.745558867362146 0.4074432892249527 0.3803353204172876 0.04487712665406427
14 0.7458084947839047 0.4525 0.3808345752608048 0.04425803402646503
14 0.7194821162444113 0.4893667296786389 0.3252049180327869 0.027254253308128546
14 0.7459314456035767 0.5237145557655954 0.37661326378539495 0.03923913043478261
14 0.7466766020864382 0.5668856332703214 0.3751229508196722 0.0424007561436673
14 0.7441915052160955 0.6103686200378071 0.3761140089418778 0.03862948960302457
14 0.7444411326378539 0.6570037807183365 0.37661326378539495 0.04116257088846881
14 0.7459314456035767 0.7115170132325142 0.37363263785394935 0.059456521739130436
14 0.7458047690014903 0.7653969754253308 0.38679582712369603 0.04245274102079395
31 0.2561624441132638 0.11660207939508506 0.058774217585693 0.02274102079395085
31 0.7425894187779434 0.11565689981096408 0.05845380029806259 0.020850661625708884