27 0.25672737461473805 0.0945673076923077 0.04230596805827963 0.016988636363636362
15 0.2564611936116559 0.14263986013986016 0.3378845615018213 0.0658347902097902
15 0.2582319977584758 0.20182692307692307 0.33434855701877275 0.047062937062937064
15 0.2580778929672177 0.2508784965034965 0.3350518352479686 0.044274475524475526
15 0.2584813673297843 0.3039947552447552 0.3358615858783973 0.059073426573426575
15 0.25827963014850097 0.3664117132867133 0.33545811151583077 0.06409965034965034
15 0.25843093303446346 0.45254807692307697 0.33676940319417203 0.10237762237762238
15 0.25984589520874196 0.5345935314685315 0.3355589801064724 0.0568006993006993
15 0.2592406836648921 0.5893269230769231 0.33434575511347714 0.04961101398601399
15 0.26019893527598764 0.6368487762237762 0.33323339871112356 0.04534090909090909
15 0.2585318016251051 0.6980856643356643 0.334950966657327 0.07164335664335664
15 0.2601485009806669 0.7804370629370629 0.3341412160268983 0.0897465034965035
15 0.26045110675259175 0.845541958041958 0.3327262538526198 0.04023164335664336
27 0.7476295881199215 0.09266608391608393 0.03976463995516951 0.019488636363636364
15 0.7475147100028019 0.13663898601398602 0.3366601288876436 0.05383741258741259
15 0.748475763519193 0.18802447552447552 0.33554777248529 0.04940996503496503
15 0.7482740263379098 0.24334790209790208 0.3351442981227235 0.06231643356643357
15 0.7481227234519474 0.3073033216783217 0.33484449425609414 0.06411276223776223
15 0.7488792378817596 0.37145541958041955 0.333328663491174 0.06314685314685314
15 0.747212104230877 0.43678758741258744 0.3350462314373774 0.06612325174825175
15 0.747971420565985 0.49313811188811185 0.33353040067245726 0.04798076923076923
15 0.7477696833847016 0.555590034965035 0.33514710002801906 0.07671765734265734
15 0.7457971420565985 0.6201354895104895 0.33423648080694873 0.049746503496503496
15 0.7457467077612777 0.6668706293706294 0.33514710002801906 0.0470541958041958
15 0.7464555898010647 0.7065122377622378 0.3345418884841692 0.03333041958041958
15 0.7471112356402354 0.7512762237762238 0.33484449425609414 0.05979458041958042
15 0.7462034183244606 0.8042395104895105 0.33100308209582513 0.04590909090909091
15 0.7453936676940319 0.8487674825174826 0.3293863827402634 0.045109265734265734