27 0.27763571990558616 0.11076494427558257 0.05469315499606609 0.02494934143870314
27 0.7312627852084972 0.12439716312056738 0.059783634933123525 0.022700101317122596
13 0.2774272226593234 0.15937689969604865 0.09203776553894571 0.02319148936170213
13 0.27675452399685285 0.2682269503546099 0.08799370574350905 0.02903242147922999
13 0.2771479150275374 0.41061803444782163 0.3072462627852085 0.039442755825734546
10 0.21505900865460265 0.20321681864235056 0.2275688434303698 0.05703647416413374
10 0.1856648308418568 0.3132826747720365 0.1687844217151849 0.054888551165146904
10 0.2781589299763966 0.47841945288753795 0.3591660110149489 0.05868794326241134
10 0.2778914240755311 0.5409067882472138 0.35323367427222657 0.053419452887537994
10 0.27667584579071597 0.6101722391084093 0.364287962234461 0.07734042553191489
10 0.27289929189614476 0.6898581560283688 0.372918961447679 0.08041540020263425
10 0.27411487018095987 0.7625177304964539 0.3618607395751377 0.05034447821681864
10 0.2734421715184894 0.8226697061803445 0.36321007081038553 0.0577710233029382
10 0.7304523996852872 0.1887841945288754 0.36562549173878833 0.0524822695035461
10 0.7280920535011801 0.256919959473151 0.3649527930763179 0.07588145896656534
10 0.7301140833988985 0.33677811550151976 0.3609087332808812 0.07583586626139817
10 0.7126553894571204 0.39494427558257345 0.32463808025177027 0.028926038500506585
10 0.7298465774980331 0.43829280648429586 0.3603697875688434 0.04442755825734549
10 0.7296420141620771 0.4960536980749747 0.36400865460267506 0.05054711246200608
10 0.7295082612116444 0.5533434650455927 0.36643587726199844 0.053986828774062814
10 0.7295082612116444 0.607598784194529 0.3610424862313139 0.04961499493414387
10 0.7296420141620771 0.6676139817629179 0.36400865460267506 0.05677304964539007
10 0.7287686860739575 0.7247315096251266 0.36899685287175454 0.049447821681864235
10 0.7284972462627852 0.7776798378926039 0.36306451612903223 0.047679837892603855
10 0.7295751376868607 0.8398328267477203 0.36522029897718333 0.06084093211752786