27 0.26382776801405977 0.1037919621749409 0.04385237258347979 0.019645390070921986
27 0.7429384885764498 0.10439243498817967 0.03654481546572935 0.01885579196217494
15 0.2683304042179262 0.14748936170212765 0.3494868189806678 0.04718676122931442
15 0.26543760984182774 0.214 0.35408435852372583 0.06251063829787235
15 0.2578769771528998 0.28381087470449173 0.33006326889279436 0.05050118203309693
15 0.2668471001757469 0.3520189125295508 0.3583866432337434 0.06721513002364066
15 0.2639543057996485 0.4280520094562648 0.35705096660808433 0.0676548463356974
15 0.265884007029877 0.5011489361702128 0.3579402460456942 0.06821276595744681
15 0.2642530755711775 0.5794751773049645 0.35764499121265375 0.08321513002364066
15 0.2593602811950791 0.6546713947990545 0.3330298769771529 0.046070921985815604
15 0.26084358523725837 0.7136075650118203 0.33006326889279436 0.05421749408983451
15 0.25668892794376097 0.7746430260047281 0.3276906854130053 0.048595744680851066
15 0.2662530755711775 0.8374657210401891 0.3571985940246046 0.06651063829787233
15 0.7430826010544817 0.15523404255319148 0.36016168717047453 0.060690307328605204
15 0.7430087873462214 0.2239479905437352 0.35556414762741656 0.05247281323877069
15 0.7421195079086116 0.29245862884160756 0.35971880492091385 0.06380141843971632
15 0.7404885764499122 0.36545626477541376 0.35942003514938486 0.06615602836879432
15 0.7454551845342707 0.4406903073286052 0.35897715289982424 0.06500236406619385
15 0.7436028119507909 0.51548463356974 0.3626854130052724 0.06695035460992907
15 0.7378945518453427 0.5806903073286053 0.3349525483304042 0.05173049645390071
15 0.7493884007029877 0.6486004728132387 0.34755711775043935 0.06584869976359338
15 0.7381159929701231 0.7137210401891253 0.3309490333919156 0.05045390070921985
15 0.7369314586994729 0.767177304964539 0.334506151142355 0.05361702127659575
15 0.746274165202109 0.8334893617021276 0.3573427065026362 0.07252482269503545