14 0.2721834723275208 0.17907 0.3471986353297953 0.051415
14 0.2560386656557998 0.22136 0.316751326762699 0.036585
14 0.21444275966641396 0.25675 0.2363267626990144 0.032305
14 0.21982562547384382 0.28991 0.24401440485216075 0.027620000000000002
14 0.2572706595905989 0.322455 0.3204397270659591 0.03389
14 0.2707998483699773 0.351965 0.3475056861258529 0.030019999999999998
14 0.27087945413191816 0.39668000000000003 0.35227445034116756 0.052505
14 0.2714177407126611 0.449715 0.35488627748294166 0.05511
14 0.27064821834723274 0.5055299999999999 0.3502729340409401 0.05314
14 0.2694958301743745 0.55157 0.34642911296436696 0.03567
14 0.18791508718726307 0.5901000000000001 0.19096285064442758 0.031595
14 0.2695716451857468 0.6236649999999999 0.3511978771796816 0.027719999999999998
14 0.27133813495072023 0.66585 0.3513495072024261 0.047165
14 0.26741849886277486 0.71513 0.3468915845337377 0.028075
14 0.22812736921910537 0.74712 0.2667740712661107 0.0251
14 0.18999241849886278 0.77896 0.19050037907505687 0.02792
14 0.2698786959818044 0.82469 0.3518119787717968 0.04838
14 0.7357354056103108 0.18880000000000002 0.3561031084154663 0.0445
14 0.7375777103866565 0.246295 0.3474905231235785 0.047915
14 0.7397308567096286 0.30460000000000004 0.3517968157695224 0.052950000000000004
14 0.7354245640636846 0.373045 0.355489006823351 0.07826000000000001
14 0.7387338893100834 0.43916000000000005 0.3574867323730098 0.05632
14 0.7035178165276725 0.48581 0.28398407884761184 0.036015
14 0.7409628506444276 0.53012 0.35425701288855194 0.049575
14 0.7400416982562548 0.6068600000000001 0.3524109173616376 0.09756999999999999
14 0.7376573161485974 0.686975 0.3522592873388931 0.050875
14 0.7265087187263078 0.73626 0.32534874905231237 0.039895
31 0.7398218347232752 0.12781499999999998 0.0674450341167551 0.01788
31 0.27366186504927975 0.11808 0.06254359363153905 0.02072