15 0.2684290909090909 0.14218943360304617 0.37200727272727274 0.05147072822465493
15 0.2674581818181818 0.19455021418372204 0.3700690909090909 0.049581151832460736
15 0.26794181818181817 0.24342217991432652 0.37103636363636366 0.044516896715849595
15 0.23728 0.387977153736316 0.3053490909090909 0.019485959067110897
15 0.26830545454545457 0.4176487386958591 0.3674 0.03504521656354117
15 0.2675781818181818 0.4623988576868158 0.3688545454545455 0.04838648262732032
15 0.26491272727272724 0.516030461684912 0.3693418181818182 0.052841504045692524
15 0.2660036363636364 0.5702950975725846 0.36716000000000004 0.05095192765349833
15 0.26648727272727274 0.6261494526415993 0.3623090909090909 0.052237029985721085
15 0.7516654545454545 0.25865778200856737 0.3712072727272727 0.04452165635411709
15 0.7523927272727272 0.3202237029985721 0.3697527272727273 0.07246549262256069
15 0.743909090909091 0.38258448357924796 0.35569454545454543 0.03916230366492147
15 0.7447563636363637 0.4276487386958591 0.35884727272727274 0.045521180390290336
15 0.7504509090909091 0.46398381722989057 0.37460000000000004 0.02871013802950976
15 0.677130909090909 0.49476439790575916 0.22068363636363636 0.025544978581627797
15 0.7496036363636364 0.5353879105188005 0.3656327272727273 0.0534840552118039
15 0.7520290909090909 0.5868015230842455 0.3666 0.049690623512613045
15 0.7510581818181817 0.6426511185149929 0.3714509090909091 0.04716801523084245
15 0.754330909090909 0.6900951927653499 0.36781454545454545 0.03988100904331271
15 0.7533599999999999 0.7284959543074726 0.36878181818181816 0.030371251784864352
15 0.7509381818181818 0.7799095668729176 0.37266181818181815 0.057039504997620186
15 0.7537236363636363 0.840842455973346 0.36514545454545455 0.05705854355069014
15 0.6784618181818182 0.8879628748215135 0.21898545454545457 0.023750594954783436
17 0.7519127272727274 0.17678248453117565 0.2524290909090909 0.07115659209900048
28 0.26710545454545453 0.09934316991908615 0.05372727272727273 0.01909090909090909
17 0.26722181818181817 0.3429128986197049 0.2037781818181818 0.03597810566396954