28 0.1425710102489019 0.12359783963439967 0.01281112737920937 0.014540922309929373
32 0.27983308931185946 0.1228209389281263 0.08162518301610541 0.02129206481096801
15 0.2796486090775988 0.18929372663066057 0.29941434846266474 0.08361030328209389
15 0.27983308931185946 0.26978811798919816 0.3019765739385066 0.0825716659742418
15 0.2796486090775988 0.3624844204403822 0.30234260614934116 0.10178645616950562
15 0.2792825768667643 0.4647901952638139 0.3001464128843338 0.08620689655172414
15 0.27983308931185946 0.5777440797673453 0.29904831625183015 0.12931034482758622
15 0.2781844802342606 0.6917324470294973 0.3001464128843338 0.08516825924387204
15 0.27910102489019034 0.7823556294142086 0.29978038067349927 0.09711258828417117
6 0.6105417276720352 0.2694515995014541 0.0899385065885798 0.16855421686746988
6 0.7513060029282577 0.23413793103448277 0.18740849194729137 0.3400789364353968
6 0.8874699853587116 0.2560988782717075 0.07655344070278185 0.1715247195679269
6 0.6099150805270864 0.5222850020772747 0.12382430453879942 0.18398836726215206
6 0.7446149341142021 0.5311882010801827 0.11127379209370425 0.2623307021188201
6 0.8732474377745241 0.5199127544661405 0.08575695461200586 0.15906107187370172
6 0.6235109809663251 0.7828375571250519 0.1978653001464129 0.2860697964270877
6 0.8523308931185944 0.7786830078936435 0.1945212298682284 0.28725799750727044
9 0.6222547584187409 0.9148899044453677 0.023007320644216688 0.02433319484835895
9 0.8514963396778917 0.9110344827586208 0.02551683748169839 0.02136684669713336
9 0.7375021961932651 0.6513751557955961 0.02007906295754026 0.01721229746572497
9 0.6105417276720352 0.5994432904029913 0.02551683748169839 0.01899044453676776
9 0.8763865300146413 0.5854964686331533 0.025098096632503657 0.02077274615704196
9 0.750471449487555 0.3920108018280017 0.020916544655929722 0.018400498545907768
9 0.6101229868228405 0.342156211051101 0.02216983894582723 0.01602409638554217
9 0.8837071742313324 0.33147486497715 0.017988286969253295 0.021960947237224762
17 0.9127789165446559 0.04154549231408392 0.06191215226939971 0.01899044453676776