28 0.27216793340571843 0.09734939759036144 0.05211726384364821 0.021204819277108433
28 0.7252985884907709 0.09879518072289156 0.06514657980456026 0.020240963855421686
15 0.2747014115092291 0.14698795180722893 0.33514296055012666 0.06265060240963856
15 0.27325370973579444 0.22457831325301206 0.3322475570032573 0.07710843373493977
15 0.2699963807455664 0.29686746987951806 0.3344191096634093 0.04433734939759036
15 0.2710821570756424 0.3566265060240964 0.333695258776692 0.059759036144578316
15 0.2725298588490771 0.42650602409638555 0.33514296055012666 0.060722891566265064
15 0.26963445530220775 0.47759036144578315 0.3322475570032573 0.026024096385542168
15 0.2710821570756424 0.5257831325301204 0.33079985522982264 0.05879518072289157
15 0.26963445530220775 0.588433734939759 0.333695258776692 0.043373493975903614
15 0.2703583061889251 0.6433734939759036 0.33659066232356133 0.05108433734939759
17 0.7274701411509229 0.19855421686746988 0.20702135360115817 0.03469879518072289
15 0.7296416938110749 0.28481927710843374 0.335866811436844 0.06843373493975903
15 0.7285559174809989 0.3710843373493976 0.3394860658704307 0.08289156626506024
15 0.7296416938110749 0.4689156626506024 0.3416576185305827 0.09156626506024096
15 0.7303655446977922 0.5696385542168675 0.3344191096634093 0.0963855421686747
15 0.7296416938110749 0.6544578313253012 0.33876221498371334 0.04626506024096386
15 0.7310893955845096 0.7310843373493976 0.33297140788997465 0.0819277108433735
15 0.7296416938110749 0.824578313253012 0.335866811436844 0.0819277108433735