15 0.2739430740037951 0.1719189453125 0.3667362428842505 0.07365234375
15 0.2769791271347249 0.255263671875 0.37888045540796966 0.080185546875
15 0.2733130929791271 0.356513671875 0.36395445920303604 0.0990966796875
15 0.2677457305502846 0.4385546875 0.36496774193548387 0.052236328125
15 0.2739430740037951 0.4971533203125 0.37280834914611005 0.0561572265625
15 0.2649639468690702 0.54810546875 0.36243643263757114 0.038916015625
15 0.26837950664136623 0.6094775390625 0.3616774193548387 0.08158203125
15 0.2210740037950664 0.6723095703125 0.2701024667931689 0.03146484375
15 0.7313396584440227 0.79765625 0.3767855787476281 0.1493505859375
15 0.7295711574952561 0.694609375 0.3793168880455408 0.0506787109375
15 0.7341252371916509 0.636171875 0.36717267552182165 0.0607568359375
15 0.7305806451612903 0.574638671875 0.378303605313093 0.0548779296875
15 0.7362732447817837 0.5189697265625 0.37602656546489566 0.06072265625
15 0.7350094876660341 0.46248046875 0.37349905123339655 0.0512646484375
15 0.7337457305502847 0.4056689453125 0.37703984819734343 0.052880859375
15 0.7073092979127135 0.3594384765625 0.3196166982922201 0.0346337890625
15 0.7333662239089185 0.3255810546875 0.36869070208728655 0.0333251953125
15 0.7098406072106263 0.2939990234375 0.3246755218216319 0.0287548828125
17 0.7347666034155598 0.2160302734375 0.28494117647058825 0.0857080078125
28 0.2735749525616698 0.0973583984375 0.057840607210626185 0.0300048828125