15 0.25516537649542576 0.2672537878787879 0.3508198451794511 0.047135416666666666
15 0.26044334975369454 0.32234375 0.3487086558761435 0.05314867424242424
15 0.1665095003518649 0.3670123106060606 0.16506333567909923 0.030743371212121215
15 0.25469739619985926 0.4063210227272727 0.36114004222378604 0.04306818181818182
15 0.25786418015482054 0.4636221590909091 0.3576213933849402 0.06486742424242424
15 0.2563370865587614 0.53796875 0.35879310344827586 0.06772727272727272
15 0.2532899366643209 0.6099479166666667 0.3639549612948627 0.07153409090909091
15 0.25516537649542576 0.6833475378787879 0.3620795214637579 0.06871685606060605
15 0.25270232230823364 0.7558001893939394 0.3557459535538353 0.06778882575757575
15 0.25317030260380013 0.8284138257575757 0.3538705137227305 0.07285984848484849
15 0.741643209007741 0.729436553030303 0.33010555946516534 0.04347064393939394
15 0.7480928923293455 0.7854734848484849 0.36411681914144967 0.0551657196969697
15 0.7428149190710767 0.8478267045454545 0.3324524982406756 0.05676136363636364
15 0.7475052779732582 0.5147632575757576 0.3615341308937368 0.053513257575757575
15 0.7432828993666432 0.4568323863636364 0.3727938071780436 0.05697443181818182
15 0.7450422237860661 0.396216856060606 0.3608339197748065 0.06074337121212121
15 0.7497325826882476 0.3300804924242424 0.35895496129486276 0.055359848484848484
15 0.7499683321604503 0.2702556818181818 0.350981703026038 0.05502840909090909
15 0.7482090077410274 0.20301136363636363 0.3601266713581985 0.06447916666666667
15 0.7465657987332863 0.14176136363636363 0.35684377199155526 0.04425662878787879
27 0.7475158339197748 0.1048248106060606 0.0462878254750176 0.02341382575757576
27 0.26127726952850105 0.0923532196969697 0.04776917663617171 0.023091856060606063
17 0.2568191414496833 0.19258996212121213 0.08389162561576355 0.043641098484848484
17 0.7477480647431386 0.6156297348484848 0.15934553131597468 0.045018939393939396
17 0.5875475017593244 0.6874479166666667 0.03880717804363125 0.02009943181818182