6 0.2172126537785589 0.15026635021097046 0.2850896309314587 0.09941719409282701
6 0.46230579964850615 0.22699367088607594 0.15472407732864674 0.26593618143459913
6 0.6985518453427065 0.1418539029535865 0.28369771528998244 0.09802742616033756
6 0.5782565905096662 0.21906118143459916 0.12542355008787345 0.04340717299578059
6 0.7436695957820737 0.24489715189873418 0.19346572934973638 0.07251845991561182
6 0.5981757469244288 0.30924314345991566 0.08136379613356766 0.12282172995780591
6 0.7447240773286466 0.3242879746835443 0.19557469244288223 0.07926951476793248
6 0.7333813708260105 0.40763449367088606 0.2140456942003515 0.06781118143459915
6 0.7579156414762741 0.4825685654008439 0.16497012302284708 0.05733913502109705
6 0.4637539543057997 0.407043776371308 0.2731810193321617 0.0951318565400844
6 0.3293427065026362 0.30904535864978905 0.0724323374340949 0.12242616033755274
6 0.3573075571177504 0.22450421940928272 0.13152548330404218 0.04360759493670886
6 0.18106854130052724 0.25093881856540085 0.22546924428822496 0.09528744725738396
6 0.17144112478031634 0.33893723628691985 0.1951318101933216 0.06581223628691983
6 0.17962038664323374 0.41001054852320673 0.19565905096660807 0.06781118143459915
6 0.17276274165202107 0.4767273206751055 0.19143760984182775 0.05634757383966244
6 0.12765202108963095 0.5842194092827004 0.10121968365553603 0.15018459915611815
6 0.23067486818980668 0.579071729957806 0.08405623901581721 0.13513713080168777
6 0.16023198594024604 0.696368670886076 0.16163093145869947 0.06211497890295358
6 0.1793567662565905 0.7661550632911392 0.18880140597539544 0.07223101265822784
6 0.1825237258347979 0.8467246835443039 0.1951318101933216 0.0765928270042194
6 0.3183936731107206 0.7919857594936709 0.06795079086115993 0.11795358649789028
6 0.4650755711775044 0.7654535864978903 0.19350790861159928 0.07201740506329113
6 0.4656028119507909 0.8468222573839662 0.19456239015817223 0.0756039029535865
6 0.603585237258348 0.7996097046413502 0.08426362038664323 0.1391402953586498
6 0.7457820738137083 0.7688212025316455 0.18818629173989454 0.07399789029535865
6 0.7459121265377856 0.8463291139240506 0.1995325131810193 0.07580168776371309
6 0.7639859402460457 0.6954694092827004 0.16127592267135324 0.05675369198312236
6 0.8 0.5867853375527426 0.0987451669595782 0.1458148734177215
6 0.699219683655536 0.5788633966244726 0.07765202108963093 0.12284546413502109
6 0.5721862917398945 0.677753164556962 0.214597539543058 0.09139504219409282
6 0.3489912126537786 0.6803243670886076 0.21779613356766256 0.08466508438818565
6 0.31602108963093145 0.5427347046413502 0.09169420035149385 0.137289029535865
6 0.4650755711775044 0.4999683544303798 0.21250263620386645 0.08263449367088609
6 0.46784534270650263 0.5887605485232067 0.19746221441124778 0.07850210970464135
6 0.6163796133567663 0.54125 0.08927592267135326 0.14738396624472574
9 0.2153743409490334 0.18648997890295357 0.031293497363796136 0.015087025316455697
9 0.18397891036906852 0.28340189873417726 0.028660808435852374 0.01768723628691983
9 0.17646045694200352 0.35972046413502107 0.027869947275922673 0.014738924050632912
9 0.18120913884007028 0.4356460970464135 0.027869947275922673 0.015748945147679324
9 0.17777855887521968 0.4808834388185654 0.030506151142355012 0.01714926160337553
9 0.1308189806678383 0.5834361814345991 0.028404217926186293 0.015593354430379748
9 0.23001757469244288 0.5818512658227848 0.03366608084358524 0.01479957805907173
9 0.3166818980667838 0.5478006329113925 0.02811247803163445 0.016373945147679324
9 0.3298734622144113 0.3120094936708861 0.03233040421792619 0.014330168776371308
9 0.3635114235500879 0.24044040084388185 0.025202108963093148 0.017281118143459916
9 0.46059402460456944 0.22499736286919833 0.035743409490333916 0.019651898734177213
9 0.7000140597539543 0.17233649789029537 0.028583479789103687 0.016468881856540087
9 0.57997539543058 0.23519251054852322 0.029128295254833042 0.010350738396624473
9 0.596066783831283 0.31072257383966245 0.03281898066783832 0.01531909282700422
9 0.7419613356766257 0.2689477848101266 0.026994727592267134 0.01728902953586498
9 0.7427521968365554 0.3548707805907173 0.02540949033391916 0.013351793248945148
9 0.7354973637961335 0.4344567510548523 0.03147978910369069 0.020501054852320674
9 0.7597680140597539 0.4986998945147679 0.02620035149384886 0.01952795358649789
9 0.6180984182776802 0.5422547468354431 0.0309701230228471 0.01399789029535865
9 0.4623093145869947 0.5318618143459916 0.034421792618629175 0.013399261603375527
9 0.4623093145869947 0.4426740506329114 0.02809138840070299 0.014367088607594936
9 0.4708857644991213 0.6164899789029535 0.034158172231985945 0.01518987341772152
9 0.6984288224956063 0.5800606540084389 0.028583479789103687 0.0096334388185654
9 0.8011880492091389 0.5889688818565401 0.03305096660808436 0.012410337552742616
9 0.5761476274165203 0.7140770042194093 0.032558875219683654 0.015580168776371308
9 0.7661019332161687 0.716748417721519 0.03253075571177504 0.017362869198312238
9 0.35229876977152896 0.7118987341772152 0.02652372583479789 0.011223628691983123
9 0.16920562390158173 0.7210047468354431 0.02760632688927944 0.015184599156118143
9 0.18345166959578205 0.7958412447257384 0.030769771528998246 0.015205696202531645
9 0.18358523725834797 0.878792194092827 0.03261862917398945 0.014831223628691983
9 0.3247275922671353 0.7927716244725739 0.0267908611599297 0.011046940928270042
9 0.4648154657293498 0.7936629746835443 0.02835500878734622 0.015601265822784809
9 0.46890685413005273 0.8757252109704642 0.028618629173989454 0.014633438818565402
9 0.6089947275922671 0.8019778481012658 0.033346221441124785 0.015603902953586499
9 0.7505342706502636 0.7991060126582279 0.026727592267135326 0.01580168776371308
9 0.7513251318101933 0.8740400843881857 0.03147627416520211 0.01720727848101266
28 0.937609841827768 0.03889767932489451 0.040421792618629174 0.03560126582278481
33 0.46397188049209137 0.8768459915611815 0.0632688927943761 0.06592827004219409