28 0.8782108963093147 0.0784953642384106 0.035233743409490335 0.029433112582781456
7 0.26964850615114233 0.17605827814569536 0.3958242530755711 0.1503496688741722
7 0.6649806678383128 0.1750860927152318 0.3870861159929701 0.14664105960264903
7 0.16803866432337433 0.392005298013245 0.17150790861159929 0.26599205298013245
7 0.46901230228470997 0.32764238410596025 0.4077469244288225 0.14610066225165563
7 0.46667135325131814 0.4662940397350993 0.39368014059753953 0.13012450331125827
7 0.7798523725834797 0.3905933774834437 0.14796485061511422 0.2561033112582781
7 0.21773286467486822 0.581764238410596 0.2521370826010545 0.09781192052980132
7 0.4724182776801406 0.5804397350993377 0.24342355008787345 0.09339602649006622
7 0.7288646748681897 0.5801721854304636 0.25932161687170474 0.09816688741721855
7 0.14893497363796135 0.7761059602649008 0.14033391915641477 0.24621721854304637
7 0.34970474516695954 0.6693615894039735 0.23008084358523728 0.07689536423841059
7 0.5946643233743409 0.6686516556291391 0.21831985940246046 0.08254834437086093
7 0.7880597539543058 0.7784900662251656 0.14093145869947277 0.24568741721854306
7 0.665933216168717 0.8049933774834437 0.09829173989455184 0.18561854304635764
7 0.47136379613356766 0.7620847682119205 0.2811634446397188 0.10333509933774834
7 0.4751177504393673 0.8582622516556292 0.2230298769771529 0.08190993377483444
7 0.27657644991212654 0.8053483443708609 0.10257293497363795 0.1792609271523179
10 0.2706010544815466 0.23771920529801324 0.03201757469244288 0.015724503311258277
10 0.6707346221441125 0.23527417218543045 0.029332161687170476 0.01344635761589404
10 0.4636660808435853 0.38465430463576156 0.03368014059753954 0.016614569536423842
10 0.17572231985940245 0.38825960264900666 0.03016520210896309 0.013925827814569537
10 0.7866994727592267 0.3907337748344371 0.028562390158172232 0.01463046357615894
10 0.46995079086115993 0.517123178807947 0.03311775043936731 0.025565562913907287
10 0.21681546572934976 0.6162701986754967 0.02602811950790861 0.014543046357615894
10 0.4719226713532513 0.6157059602649007 0.027676625659050966 0.013411920529801325
10 0.7262776801405976 0.611533774834437 0.027820738137082603 0.020625165562913907
10 0.7919543057996485 0.7720397350993377 0.03156414762741652 0.024834437086092714
10 0.6727978910369068 0.8015205298013245 0.02970474516695958 0.020153642384105958
10 0.46723022847100176 0.8082384105960264 0.02955360281195079 0.012373509933774835
10 0.4758629173989455 0.8806278145695364 0.024295254833040424 0.021380132450331123
10 0.2847451669595782 0.8001059602649007 0.026769771528998242 0.022980132450331127
10 0.1631493848857645 0.7709086092715232 0.031293497363796136 0.02257483443708609
10 0.3510755711775044 0.6943761589403974 0.026193321616871705 0.02366887417218543
10 0.6000843585237259 0.6944476821192053 0.025026362038664325 0.02239470198675497
31 0.5257434094903339 0.9109350993377484 0.061915641476274166 0.05614039735099338