27 0.5230685413005273 0.09496681709583223 0.09388049209138839 0.016068489514202283
17 0.520365553602812 0.12426068489514201 0.264298769771529 0.019769046986992302
17 0.5222460456942003 0.20709583222723651 0.13678031634446397 0.02113883727103796
17 0.5231845342706503 0.3345367666578179 0.17615817223198593 0.022479426599415982
17 0.5222460456942003 0.3990045128749668 0.16490685413005274 0.02039554021767985
17 0.5242390158172232 0.6114441199893814 0.16654833040421793 0.023889036368462967
17 0.5234130052724077 0.7101592779400053 0.28445694200351496 0.0212529864613751
17 0.5251739894551845 0.8460976904698699 0.22468189806678385 0.016928590390230955
15 0.5222214411247803 0.15257764799575257 0.7368717047451669 0.03391292805946376
15 0.5212829525483303 0.18222723652774092 0.7349947275922671 0.024159808866471996
15 0.5256203866432337 0.2353278470931776 0.7413251318101933 0.031210512344040348
15 0.5230439367311072 0.26872843111229094 0.7408576449912125 0.0360472524555349
15 0.5249173989455185 0.3045712768781524 0.7446045694200352 0.03513936819750465
15 0.5205799648506151 0.36775949031059196 0.7382776801405976 0.037581629944252716
15 0.5240984182776801 0.4337297584284576 0.7499964850615114 0.04381470666312716
15 0.5253848857644992 0.4744438545261481 0.7455430579964851 0.033172285638439075
15 0.5249173989455185 0.5085160605256172 0.7446045694200352 0.03580833554552694
15 0.5222214411247803 0.5366604725245553 0.7368717047451669 0.017738253251924605
15 0.5251036906854131 0.5721688346164057 0.7350966608084358 0.04538359437217945
15 0.5273954305799649 0.6392036102999735 0.7438488576449912 0.034642951951154764
15 0.5285413005272408 0.6748447040084948 0.7482249560632688 0.03509423944783647
15 0.5259367311072056 0.7370321210512344 0.7367627416520212 0.03355455269445182
15 0.5259367311072056 0.7696840987523228 0.7367627416520212 0.031176002123705866
15 0.5234376098418277 0.7976161401645872 0.7400984182776801 0.01935757897531192
15 0.5260421792618629 0.8247571011414919 0.7432231985940245 0.027995752588266525
15 0.5251599297012302 0.8687815237589593 0.7472548330404218 0.023846562251128217