27 0.5177644991212653 0.08831841605641443 0.0763444639718805 0.02053430973691348
34 0.5179367311072056 0.4881773799837266 0.7351493848857645 0.7533468944941687
10 0.5161792618629174 0.1929075128831028 0.7199191564147628 0.045275291564957965
10 0.5148119507908612 0.243542175210198 0.7242144112478032 0.05252508814754543
10 0.5124710017574693 0.3482804448060754 0.7242179261862918 0.08299430431244914
10 0.5089560632688928 0.3984594521291022 0.7312478031634446 0.022427447789530784
10 0.5142249560632689 0.45995117982099265 0.7347592267135324 0.10201247626796854
10 0.512664323374341 0.5500678058041768 0.7316379613356767 0.07250067805804176
10 0.512274165202109 0.6013018714401953 0.7214833040421792 0.02308380797396257
10 0.5112970123022847 0.6647518307567127 0.7265588752196837 0.09754814212096556
10 0.5128611599297012 0.7343721182533225 0.7249982425307556 0.03788988337401681
10 0.5101265377855887 0.7685787903444535 0.7242179261862918 0.02493897477624085
10 0.5153989455184534 0.8366965012205045 0.7324182776801406 0.049069704366693785
13 0.5952829525483304 0.7972118253322484 0.09312478031634447 0.024342283699484674
13 0.5940984182776802 0.2908597775969623 0.4047592267135325 0.024206672091131
13 0.5933286467486819 0.15583129915920801 0.16888576449912127 0.01814212096555465