27 0.5558347978910368 0.1560849441873128 0.07993673110720562 0.01859787639531718
15 0.5560878734622144 0.20312006534168253 0.5905483304042178 0.04681731554587531
15 0.5519718804920913 0.25748706779199565 0.5878066783831283 0.04508576095834468
15 0.5048084358523726 0.2996433433160904 0.4934797891036907 0.025311734277157636
15 0.48465729349736375 0.3312850530901171 0.45042882249560634 0.03336509665123877
15 0.5540281195079086 0.38161176150285875 0.5946608084358523 0.061791451129866594
15 0.37881195079086116 0.43545330792267906 0.23874165202108963 0.027146746528723113
15 0.4710826010544816 0.4695371630819493 0.4205413005272408 0.02521372175333515
15 0.547311072056239 0.5519820310372993 0.5729982425307557 0.02441056357201198
15 0.555676625659051 0.6107977130411109 0.5869841827768014 0.07831745167438062
15 0.5516977152899823 0.6833269806697523 0.5927416520210896 0.04705690171521917
15 0.5516977152899823 0.7325946093111898 0.5927416520210896 0.04363190852164443
15 0.5564991212653778 0.7849441873128232 0.5941124780316345 0.04423904165532263
15 0.43721968365553604 0.8281622651783284 0.3500702987697715 0.030835829022597332
17 0.5602179261862917 0.5149224067519739 0.12161687170474517 0.028889191396678466