14 0.39935676625659056 0.15777581251381825 0.613427065026362 0.017517134645147026
14 0.40307557117750437 0.2065996020340482 0.6186080843585238 0.07971479106787531
14 0.40273813708260103 0.2762701746628344 0.6156801405975395 0.0560048640282998
14 0.4058945518453427 0.3278686712359054 0.6129736379613357 0.04576829537917311
14 0.40420386643233747 0.36982533716559807 0.6163550087873462 0.03894096838381605
14 0.40476625659050963 0.41284545655538357 0.6152267135325131 0.04699535706389565
14 0.4058945518453427 0.506413884589874 0.6219894551845343 0.08525536148573956
14 0.4070228471001758 0.5775038691134203 0.6197363796133568 0.05303780676542118
14 0.40555711775043934 0.6343422507185497 0.6190579964850615 0.06179305770506301
14 0.4054446397188049 0.7299491487950476 0.6120738137082601 0.07010170240990493
14 0.40950087873462215 0.781054609772275 0.6201862917398946 0.029106787530400177
17 0.4052302284710018 0.6804864028299802 0.3456555360281195 0.01938536369666151
17 0.4059121265377856 0.4529935883263321 0.18021441124780319 0.019535706389564447
31 0.4036625659050967 0.13414547866460313 0.09456590509666081 0.014209595401282334