28 0.7593462214411248 0.12824369052544476 0.059915641476274165 0.02822507240380637
15 0.42097012302284714 0.1879995862639636 0.727170474516696 0.06807612743069921
15 0.4205764499121265 0.23878154737277615 0.7263796133567664 0.03547786512205213
15 0.42354305799648506 0.2641704592470004 0.7299402460456942 0.019176665287546545
15 0.4183971880492091 0.32776996276375675 0.7338980667838313 0.05413736036408771
15 0.42017926186291743 0.37226313611915596 0.7350861159929701 0.03411460488208523
15 0.34539191564147625 0.39823541580471655 0.5807627416520211 0.017583781547372775
15 0.42235500878734616 0.42420976417045925 0.727567662565905 0.03179975175837815
15 0.42097012302284714 0.45729002896152254 0.727170474516696 0.036468762929251136
15 0.32560632688927943 0.48081712867190735 0.5411915641476275 0.019236657012825818
15 0.3839718804920914 0.4992201075713695 0.6555500878734623 0.019706247414149773
15 0.41859402460456946 0.6627699627637567 0.7461652021089632 0.26015928837401736
15 0.3283760984182777 0.8589780719900704 0.5419824253075571 0.020426148117501035
15 0.3014692442882249 0.8754013239553164 0.48816871704745163 0.022995448903599502
17 0.41742355008787346 0.807263136119156 0.3211493848857645 0.025072403806371536
17 0.4192056239015818 0.8344021514273893 0.308091388400703 0.022052130740587504
17 0.41662917398945515 0.5210984691766652 0.45253427065026364 0.02153909805544063
17 0.42731458699472763 0.2888539511791477 0.37892794376098415 0.021028134050475798