14 0.5457469244288226 0.15835589519650656 0.6396836555360281 0.06623144104803493
14 0.5433181019332162 0.22440393013100438 0.6417644991212653 0.06684061135371179
14 0.5422776801405975 0.2943340611353712 0.6466221441124781 0.06658515283842795
14 0.5398488576449911 0.36436899563318775 0.6348260105448155 0.0643886462882096
14 0.5445342706502636 0.43418995633187774 0.6476625659050966 0.06607423580786026
14 0.5382882249560633 0.5046572052401747 0.6351739894551846 0.06474017467248908
14 0.545054481546573 0.574032751091703 0.6382952548330404 0.0676877729257642
14 0.5443585237258348 0.6449301310043668 0.6507873462214411 0.06721615720524018
14 0.5455746924428823 0.7177685589519651 0.642804920913884 0.0663122270742358
14 0.5476555360281194 0.7871572052401746 0.6330896309314588 0.06713318777292578
14 0.5395008787346222 0.8390982532751092 0.6271915641476273 0.028746724890829693
31 0.5379613356766256 0.11042794759825328 0.11399999999999999 0.02211353711790393