31 0.4286783831282952 0.1022822631913541 0.11453075571177504 0.032212333121424026
14 0.2271634446397188 0.13230557321466413 0.30201054481546574 0.024450095359186266
14 0.38765202108963087 0.15509006145369783 0.6229947275922672 0.021275694002966732
14 0.28983479789103694 0.17628311082856538 0.42032688927943757 0.017043865225683408
14 0.22745518453427066 0.19694850603941513 0.29205272407732863 0.022347955075227802
14 0.42689982425307554 0.2179656706929434 0.6874235500878735 0.0198813307904217
14 0.3823831282952549 0.23880483153210427 0.598390158172232 0.02341809705446069
14 0.422506151142355 0.2619410892138165 0.6751212653778559 0.02095147276965459
14 0.4292407732864675 0.2903771985590167 0.6991388400702988 0.03756304301758847
14 0.39848857644991215 0.3271137952956135 0.6341195079086116 0.030506463233735962
14 0.39878383128295253 0.35060182242000426 0.6311915641476274 0.020269124814579362
14 0.2839789103690685 0.37267853358762454 0.4156414762741652 0.019923712650985376
14 0.4333427065026362 0.4030578512396694 0.7003093145869947 0.038298368298368295
14 0.4333427065026362 0.4482729391820301 0.7003093145869947 0.04820300911210002
14 0.4333427065026362 0.49419156600974784 0.7003093145869947 0.04680228862047044
14 0.4280702987697715 0.540288196651833 0.7038242530755712 0.04363424454333545
14 0.4295325131810193 0.5893875821148549 0.696207381370826 0.048592922229285865
14 0.3838453427065026 0.6255922865013774 0.6259226713532513 0.025643144734053824
14 0.34108963093145866 0.6489065479974571 0.5122882249560633 0.021411315956770503
14 0.29569420035149385 0.6702754820936639 0.41798242530755714 0.01965034965034965
14 0.38853427065026364 0.6870544606908243 0.6001476274165203 0.021421911421911424
14 0.28632337434094907 0.711428268700996 0.40627065026362036 0.019309175672812037
14 0.43275571177504396 0.7428671328671329 0.706165202108963 0.039805043441407076
14 0.4289490333919156 0.7875503284594193 0.702066783831283 0.04652892561983471
14 0.43158523725834796 0.8235791481246026 0.7038242530755712 0.025344352617079888
14 0.43158523725834796 0.8445941936851028 0.6827346221441125 0.01863954227590591
14 0.4345131810193322 0.8675545666454757 0.6932794376098419 0.02641661368934096