27 0.5259156414762741 0.10472031837276144 0.09112829525483304 0.025111651558699977
10 0.38029525483304044 0.12593853636966615 0.3592759226713532 0.024417422065001106
10 0.5278769771528998 0.15725403493256687 0.6472231985940246 0.04164713685606898
10 0.5244499121265378 0.1889144373203626 0.6511915641476275 0.025516250276365244
10 0.525353251318102 0.2189829759009507 0.6493884007029876 0.037981428255582574
10 0.4232337434094903 0.2513221313287641 0.4523725834797891 0.0277492814503648
13 0.5250017574692444 0.29568870218881277 0.36719156414762744 0.037028520893212465
10 0.381377855887522 0.3320495246517798 0.36865729349736376 0.023488834844130002
10 0.5242671353251318 0.36291178421401726 0.6544393673110721 0.03981207163387132
10 0.4614833040421793 0.39559363254477115 0.5433040421792619 0.023453460092858723
10 0.28719859402460457 0.4139752376741101 0.18751845342706502 0.019358832633208048
10 0.5231845342706503 0.4568604908246739 0.659493848857645 0.06426707937209816
10 0.43117398945518454 0.497716117621048 0.46824956063268897 0.018856953349546762
10 0.5258910369068541 0.5258545213353969 0.6540773286467486 0.0388105239885032
10 0.4757363796133568 0.5576298916648242 0.5609841827768014 0.020636745522883044
10 0.41962741652021085 0.5787353526420517 0.44515641476274165 0.021987618837055054
10 0.4382108963093146 0.5990448817156755 0.4859297012302285 0.019478222418748616
10 0.5242671353251318 0.6300198982975901 0.6544393673110721 0.04283661286756577
10 0.45895957820738137 0.7236192792394428 0.5166010544815466 0.021191686933451248
10 0.4162003514938488 0.745180190139288 0.43469244288224956 0.023449038248949814
10 0.4255817223198594 0.7658324121158523 0.45345518453427064 0.018443510944063674
10 0.5221054481546573 0.7941963298695556 0.6501089630931458 0.039759009506964406
10 0.3247275922671353 0.8272186601812956 0.24814059753954307 0.026351978775149238
13 0.5289736379613357 0.6850386911342029 0.32460808435852373 0.03482865354852974