6 0.2724323374340949 0.13452497096399535 0.2142601054481547 0.06918466898954703
6 0.4947311072056239 0.13501974448315912 0.20690333919156415 0.06719860627177701
6 0.7186256590509666 0.13700813008130083 0.1993567662565905 0.07266202090592334
6 0.7204112478031635 0.2110034843205575 0.20405272407732863 0.06721718931475029
6 0.49689279437609846 0.20585133565621372 0.19657293497363795 0.06659698025551684
6 0.2762847100175747 0.20814866434378632 0.20956414762741654 0.06895470383275262
6 0.2723409490333919 0.28226945412311266 0.22421441124780317 0.06822996515679443
6 0.4957644991212654 0.28338675958188153 0.20558875219683656 0.07344483159117306
6 0.716372583479789 0.2823925667828107 0.20837258347978913 0.06698954703832752
6 0.7195641476274165 0.35631823461091755 0.2192653778558875 0.07555632984901277
6 0.7213497363796133 0.4318048780487805 0.21494551845342705 0.0671335656213705
6 0.7190966608084358 0.5084576074332171 0.21719859402460456 0.07221602787456445
6 0.7238875219683656 0.5860534262485482 0.20311072056239016 0.06950522648083625
6 0.7178769771528998 0.6567456445993032 0.20010544815465728 0.06862485481997677
6 0.7186256590509666 0.7306759581881533 0.20837258347978913 0.06975145180023228
6 0.7197539543057997 0.8109965156794425 0.20837258347978913 0.0814239256678281
6 0.4936977152899824 0.8078281068524971 0.20145518453427064 0.0683855981416957
6 0.27497012302284707 0.806150987224158 0.20918804920913883 0.06428803716608594
6 0.27065026362038663 0.7344529616724739 0.2050579964850615 0.0646411149825784
6 0.49510720562390154 0.7365017421602787 0.20539894551845342 0.06948432055749129
6 0.4981124780316345 0.662006968641115 0.20915641476274163 0.06797444831591173
6 0.27027416520210895 0.6605783972125435 0.2268471001757469 0.06586295005807201
6 0.2691458699472759 0.5806341463414635 0.21332161687170473 0.06834610917537748
6 0.49266783831282956 0.5846062717770035 0.20502284710017574 0.07480139372822299
6 0.4963304042179262 0.5073240418118468 0.20671353251318103 0.06101045296167247
6 0.49980316344463976 0.43252497096399534 0.2192970123022847 0.0760232288037166
6 0.49623550087873464 0.35835307781649245 0.2121616871704745 0.07142857142857142
6 0.26933567662565905 0.357855981416957 0.21369771528998244 0.07043670150987225
6 0.27065026362038663 0.43334262485481995 0.21857996485061512 0.06797212543554007
6 0.2678312829525483 0.5082090592334495 0.20618629173989456 0.07022764227642277
27 0.7762952548330404 0.09157259001161441 0.07124780316344463 0.017544715447154472
9 0.2697188049209139 0.1596724738675958 0.027370826010544816 0.011479674796747968
9 0.49746221441124777 0.15911265969802554 0.024144112478031634 0.01110569105691057
9 0.7238945518453427 0.16091289198606273 0.025047451669595783 0.012471544715447154
9 0.7192899824253076 0.23131010452961673 0.021479789103690684 0.013235772357723576
9 0.7219191564147628 0.30791405342624856 0.02448506151142355 0.013008130081300813
9 0.4992478031634446 0.23180720092915214 0.024330404217926187 0.012738675958188153
9 0.27291036906854127 0.23236469221835077 0.02473813708260105 0.011621370499419281
9 0.27291036906854127 0.30642508710801397 0.02473813708260105 0.014499419279907085
9 0.49915289982425304 0.31101742160278745 0.023015817223198596 0.01623693379790941
9 0.7177891036906854 0.3845087108013937 0.02298066783831283 0.014250871080139373
9 0.4945518453427065 0.3855005807200929 0.02395430579964851 0.011767711962833913
9 0.2686854130052724 0.38463182346109176 0.024175746924428823 0.013010452961672473
9 0.2684956063268893 0.4571242740998839 0.02605623901581722 0.010515679442508712
9 0.4997152899824253 0.4595447154471545 0.02414059753954306 0.013124274099883856
9 0.722390158172232 0.45892450638792104 0.024295254833040424 0.011881533101045295
9 0.7177891036906854 0.5358397212543554 0.02298066783831283 0.011530778164924507
9 0.4976520210896309 0.5308106852497096 0.024516695957820737 0.011156794425087109
9 0.27422495606326885 0.5318675958188154 0.02286115992970123 0.014011614401858304
9 0.27159578207381374 0.6094494773519163 0.024365553602811948 0.010278745644599303
9 0.4982144112478032 0.6065923344947736 0.023391915641476274 0.013008130081300813
9 0.7180702987697716 0.6101324041811846 0.017912126537785587 0.010401858304297329
9 0.7209806678383128 0.6823182346109176 0.02486115992970123 0.012513356562137048
9 0.497933216168717 0.6850499419279906 0.021701230228471 0.012016260162601626
9 0.2723479789103691 0.6857932636469222 0.02361335676625659 0.009038327526132404
9 0.26915289982425306 0.7568013937282231 0.026242530755711774 0.012513356562137048
9 0.49943409490333923 0.760650406504065 0.029212653778558875 0.01276190476190476
9 0.7196660808435853 0.7581672473867596 0.02448506151142355 0.012264808362369338
9 0.7168506151142355 0.8328432055749129 0.02335676625659051 0.011902439024390244
9 0.7733848857644992 0.8445737514518002 0.057536028119507907 0.007809523809523809
9 0.49624253075571173 0.831103368176539 0.020572934973637963 0.01289430894308943
9 0.2689666080843585 0.8302973286875726 0.024362038664323377 0.01202555168408827
25 0.49435500878734623 0.872 0.2918031634446397 0.02392566782810685
32 0.7027592267135325 0.8918048780487804 0.06731107205623901 0.056831591173054585