31 0.5515922671353252 0.09838281743524953 0.08994727592267135 0.014531480311644559
14 0.547402460456942 0.1328700779111392 0.6688189806678383 0.043529164034533586
14 0.5511528998242531 0.17560328490208466 0.6746572934973638 0.040042114129290374
14 0.4884604569420035 0.21183617603706043 0.5576133567662567 0.01955990734891556
14 0.5501827768014059 0.2470751737207833 0.6710439367311072 0.04305959149294589
14 0.5257152899824253 0.2828090124236681 0.6254481546572935 0.02357759528321752
14 0.5518488576449913 0.31521372920614865 0.6843901581722319 0.04141292903769214
14 0.5347521968365553 0.3502674247209939 0.6485237258347979 0.024569383028005896
14 0.5521265377855887 0.3835060012634239 0.6782706502636204 0.04206990945462202
14 0.55407381370826 0.43081911981469784 0.6855008787346222 0.04874710465361129
14 0.550738137082601 0.47612128869235626 0.6754903339191564 0.04140240050536955
14 0.5457328646748681 0.5253506001263424 0.6821652021089631 0.04491471888818699
14 0.5496239015817224 0.5724152453148031 0.6766045694200352 0.04409349336702464
14 0.5500421792618628 0.6219709412507896 0.6724323374340949 0.04425984417772162
14 0.5510158172231986 0.6671888818698674 0.6793848857644991 0.04174773636555064
14 0.36835852372583483 0.7048389134554643 0.32408084358523725 0.019098757633185935
14 0.5514305799648506 0.7379932617393136 0.6818875219683656 0.04143188039587281
14 0.5517117750439366 0.7821436091808802 0.675768014059754 0.041777216256053906
14 0.5493462214411248 0.8147104653611287 0.6693743409490334 0.01996209728363866