28 0.23462214411247803 0.06623259991019309 0.054481546572934976 0.03367759317467445
28 0.27372583479789103 0.09570049393803323 0.14674868189806678 0.033116299955096545
28 0.23066783831282953 0.12601032779524024 0.07820738137082602 0.03199371351594073
28 0.23154657293497363 0.16951055231252807 0.15729349736379614 0.04265828468792097
28 0.2557117750439367 0.21890435563538393 0.18453427065026362 0.04939380332285586
28 0.9428822495606327 0.9513920071845532 0.0492091388400703 0.03704535249214189
28 0.46133567662565905 0.32723394701392006 0.28646748681898065 0.04265828468792097
28 0.22759226713532513 0.1467781769196228 0.16695957820738136 0.014032330489447688
28 0.4749560632688928 0.3022563987427032 0.29261862917398945 0.014032330489447688
28 0.4947275922671353 0.27896273013022005 0.23022847100175747 0.034800179613830265
28 0.5052724077328646 0.24781095644364617 0.2179261862917399 0.033116299955096545
28 0.5101054481546573 0.22227211495285137 0.218804920913884 0.02918724741805119
28 0.5118629173989455 0.20852043107319262 0.23462214411247803 0.010664571171980242
28 0.5404217926186292 0.1958913336326897 0.16520210896309315 0.02918724741805119
28 0.5276801405975395 0.16586214638527166 0.2117750439367311 0.0376066457117198
28 0.5333919156414763 0.15688145487202515 0.21616871704745166 0.010664571171980242
28 0.5478910369068541 0.14116524472384373 0.07996485061511424 0.02413560844185002
28 0.5676625659050967 0.11759092950157161 0.12478031634446397 0.04321957790749888
28 0.531634446397188 0.08728109564436462 0.10017574692442882 0.03199371351594073
28 0.5527240773286467 0.06763583295913786 0.05799648506151142 0.027503367759317467
28 0.7385764499121266 0.09008756174225416 0.07117750439367311 0.04209699146834306
28 0.882688927943761 0.09008756174225416 0.1608084358523726 0.06118096093399192
28 0.7135325131810193 0.12572968118545128 0.10896309314586995 0.03143242029636282
28 0.8519332161687171 0.12180062864840593 0.09226713532513181 0.02918724741805119
28 0.7434094903339191 0.1498652896273013 0.08084358523725835 0.0224517287831163
28 0.8624780316344464 0.15435563538392455 0.15202108963093147 0.023574315222272116
28 0.7328646748681898 0.17933318365514145 0.06502636203866433 0.02525819488100584
28 0.8352372583479789 0.1765267175572519 0.0852372583479789 0.027503367759317467
28 0.7913005272407733 0.20122361921867984 0.3347978910369069 0.015154916928603502
28 0.7078207381370826 0.22114952851369554 0.15377855887521968 0.03704535249214189
28 0.7152899824253075 0.23630444544229906 0.0843585237258348 0.021329142343960484
28 0.8295254833040422 0.23518185900314323 0.06854130052724078 0.02020655590480467
28 0.7161687170474517 0.2593174674449933 0.0773286467486819 0.02020655590480467
28 0.8264499121265377 0.2593174674449933 0.0852372583479789 0.028064660978895376
28 0.7152899824253075 0.2744723843735968 0.18101933216168717 0.014593623709025595
28 0.7091388400702988 0.2918724741805119 0.1616871704745167 0.02918724741805119
28 0.7003514938488576 0.31460484957341717 0.040421792618629174 0.01964526268522676
28 0.8211775043936731 0.31207903008531657 0.03602811950790861 0.0224517287831163
28 0.7333040421792618 0.33284687920969913 0.06063268892794376 0.021329142343960484
28 0.8172231985940246 0.3348114054782218 0.08084358523725835 0.026380781320161653
28 0.7315465729349736 0.3527727885047149 0.06239015817223199 0.023013022002694207
28 0.8137082601054482 0.35894701392007183 0.05975395430579965 0.029748540637629096
28 0.7412126537785588 0.3707341715312079 0.29789103690685415 0.018522676246070947
28 0.6678383128295254 0.38869555455770094 0.1687170474516696 0.03199371351594073
28 0.718365553602812 0.41535698248765157 0.04481546572934974 0.025819488100583744
28 0.7930579964850615 0.4145150426582847 0.05008787346221441 0.01964526268522676
28 0.6700351493848857 0.4355635383924562 0.22934973637961337 0.01796138302649304
28 0.6757469244288224 0.4580152671755725 0.17398945518453426 0.03143242029636282
28 0.7240773286467487 0.4900089806915133 0.0773286467486819 0.028064660978895376
28 0.8422671353251318 0.4891670408621464 0.15026362038664323 0.030871127076784913
28 0.6673989455184535 0.5124607094746295 0.21528998242530756 0.01796138302649304
28 0.6537785588752196 0.5312640323304895 0.21968365553602812 0.034238886394252356
28 0.718365553602812 0.5601706331387517 0.14850615114235502 0.03143242029636282
28 0.8523725834797891 0.5593286933093848 0.1335676625659051 0.027503367759317467
28 0.6788224956063269 0.5862707678491244 0.2100175746924429 0.015154916928603502
28 0.6546572934973638 0.606757970363718 0.22671353251318102 0.03592276605298608
28 0.7688927943760984 0.6334193982936687 0.1634446397188049 0.04097440502918725
28 0.9538664323374341 0.6668163448585541 0.037785588752196834 0.1347103726986978
28 0.9195957820738138 0.6668163448585541 0.04305799648506151 0.11674898967220476
28 0.8844463971880492 0.6640098787606645 0.04657293497363796 0.13022002694207455
28 0.9042179261862917 0.6690615177368657 0.014059753954305799 0.13920071845532106
28 0.6981546572934973 0.6561517736865738 0.3312829525483304 0.01347103726986978
28 0.6849736379613357 0.6763583295913785 0.3330404217926186 0.034800179613830265
28 0.7794376098418277 0.7047036371800629 0.1335676625659051 0.030871127076784913
28 0.7078207381370826 0.722103726986978 0.3347978910369069 0.017400089806915132
28 0.6757469244288224 0.7439941625505164 0.3585237258347979 0.04097440502918725
28 0.7587873462214412 0.776549169286035 0.2697715289982425 0.04770992366412214
28 0.7719683655536028 0.813033228558599 0.14147627416520211 0.036484059272563985
28 0.8967486818980668 0.8175235743152223 0.10456942003514938 0.04209699146834306