28 0.2080140597539543 0.12754199447161388 0.07017223198594025 0.03431639379119711
16 0.5351845342706503 0.1639315330640017 0.4173989455184534 0.027329364235594303
16 0.5305623901581723 0.7417818413778439 0.29711072056239013 0.026364022964065488
16 0.5328787346221441 0.7698617903465873 0.20805272407732864 0.016400170104188816
16 0.5347592267135326 0.7937444184563045 0.1857855887521968 0.021131192855624068
15 0.532713532513181 0.22517116733999576 0.7056906854130053 0.08473102275143525
15 0.5345940246045694 0.2858792260259409 0.7042460456942004 0.03610886668084201
15 0.5305448154657294 0.3112460131830746 0.7030896309314587 0.0175717627046566
15 0.533725834797891 0.3362662130554965 0.7025096660808436 0.029825643206463963
15 0.5358945518453426 0.3677588773123538 0.7120527240773287 0.03193280884541782
15 0.48428471001757467 0.39487561131192855 0.6175043936731107 0.021092919413140548
15 0.34954657293497365 0.41219647033808204 0.33762038664323374 0.017948118222411227
15 0.40795430579964853 0.4291664894748033 0.45096309314586996 0.01620455028705082
15 0.5389314586994728 0.47816074845843076 0.7163866432337433 0.08270040399744844
15 0.5369068541300527 0.5445332766319371 0.7123409490333918 0.04855836699978737
15 0.5314130052724076 0.5869593876249202 0.7048224956063269 0.03579842653625346
15 0.5348822495606327 0.613727408037423 0.7048224956063269 0.017960876036572402
15 0.5143550087873462 0.6299978736976398 0.6707065026362039 0.016914735275356155
15 0.5369068541300527 0.6795152030618754 0.7123409490333918 0.08446310865405061
15 0.535170474516696 0.8241718052307038 0.705402460456942 0.033706145013820965
15 0.3660281195079086 0.8510270040399746 0.37405272407732865 0.019192005103125666
15 0.5395079086115994 0.8792855624069742 0.7140738137082601 0.03687220922815224