31 0.5594833040421793 0.13702290076335877 0.026221441124780313 0.02300404131118096
14 0.5542179261862917 0.18971486304445442 0.5886397188049209 0.07699820386169735
14 0.5589736379613357 0.24786933093848226 0.581079086115993 0.0391311180960934
14 0.5577539543057997 0.29511899416255055 0.583518453427065 0.054207453973955995
14 0.5604358523725835 0.34136057476425685 0.5840070298769772 0.03767624607094747
14 0.5618980667838313 0.37922541535698245 0.5869314586994727 0.03865738661876965
14 0.5623866432337434 0.4169802424786709 0.5879050966608084 0.037855859901212395
14 0.4996133567662566 0.447031881454872 0.46968014059753954 0.020089806915132465
14 0.49888224956063265 0.4677368657386619 0.46333919156414766 0.021012572968118547
14 0.5618980667838313 0.49490345756623266 0.5869314586994727 0.0364099685675797
14 0.5648224956063269 0.5312887292321509 0.5830298769771529 0.03910417602155366
14 0.5598242530755712 0.5696654692411316 0.5852231985940246 0.03954872025145936
14 0.5620210896309314 0.6169151324651998 0.584738137082601 0.05462281095644365
14 0.5599472759226714 0.6637786259541985 0.5830298769771529 0.03933991917377638
14 0.5598242530755712 0.7139874270318814 0.5852231985940246 0.05721374045801527
14 0.5618980667838313 0.7717467444993265 0.5869314586994727 0.05749214189492591