28 0.43936731107205623 0.09819650365125028 0.054481546572934976 0.02378844877185218
15 0.484182776801406 0.1648594821863244 0.7469244288224957 0.08851515822084532
15 0.4819859402460457 0.2743969904846205 0.7442882249560633 0.12613410046470458
15 0.484182776801406 0.36401858818322635 0.7486818980667839 0.05532197388802833
15 0.48462214411247806 0.43538393449878293 0.7565905096660809 0.09072803717636645
15 0.4837434094903339 0.5150475768975437 0.7478031634446397 0.07191856605443682
15 0.48462214411247806 0.5579221066607657 0.7530755711775043 0.021575569816331047
15 0.4850615114235501 0.6135206904182341 0.7609841827768014 0.09294091613188758
15 0.4881370826010545 0.6649701261341004 0.7583479789103691 0.024341668510732464
15 0.48857644991212656 0.7106107545917238 0.7574692442882249 0.07136534631555654
15 0.4876977152899824 0.7839123699933613 0.7539543057996485 0.07634432396547909
24 0.06063268892794376 0.7496127461827838 0.050966608084358524 0.03208674485505643
24 0.061511423550087874 0.6837795972560301 0.07908611599297012 0.03098030537729586
24 0.04964850615114236 0.6591613188758575 0.04657293497363796 0.02268200929409161
24 0.05272407732864675 0.581987165302058 0.061511423550087874 0.02876742642177473
24 0.05843585237258348 0.5543261783580438 0.08875219683655536 0.026554547466253596
24 0.05843585237258348 0.48545032086744855 0.0852372583479789 0.031533525116176145
24 0.05755711775043937 0.3974883823854835 0.08347978910369068 0.03595928302721841
24 0.05843585237258348 0.34188979862801505 0.08699472759226713 0.033193184332817
24 0.04789103690685413 0.21492586855499005 0.05711775043936731 0.02710776720513388
24 0.05799648506151142 0.12973002876742643 0.07908611599297012 0.02268200929409161
24 0.8176625659050967 0.1341557866784687 0.07469244288224956 0.024894888249612748
24 0.8150263620386643 0.22433060411595485 0.07293497363796134 0.02268200929409161
24 0.8181019332161688 0.347698605886258 0.0773286467486819 0.018256251383049347
24 0.8172231985940246 0.4027439699048462 0.07908611599297012 0.01880947112192963
24 0.8150263620386643 0.48821641956184997 0.07820738137082602 0.017149811905288782
24 0.819859402460457 0.5554326178358043 0.07381370826010544 0.01880947112192963
24 0.8216168717047452 0.5803275060854172 0.07908611599297012 0.017703031644169063
24 0.8242530755711776 0.6616508077008187 0.08260105448154657 0.01880947112192963
24 0.8238137082601055 0.6893117946448329 0.07996485061511424 0.01880947112192963
24 0.8229349736379613 0.7576344323965479 0.08172231985940245 0.02268200929409161
33 0.4947275922671353 0.4724496570037619 0.9648506151142355 0.7191856605443683