15 0.41372231985940244 0.1595928646379853 0.588042179261863 0.03353830010493179
15 0.41547978910369066 0.19107030430220356 0.5938980667838313 0.030734522560335778
27 0.41666783831282955 0.13232318992654774 0.11355711775043936 0.01537670514165792
15 0.41372231985940244 0.22514165792235047 0.5927275922671353 0.03172298006295907
15 0.41665377855887525 0.3110346274921301 0.5938980667838313 0.04681007345225604
15 0.41547978910369066 0.35055613850996853 0.5892126537785588 0.030713536201469042
15 0.41489630931458704 0.37433788037775445 0.5880386643233744 0.01951731374606506
15 0.41547978910369066 0.3925330535152151 0.5938980667838313 0.016732423924449107
15 0.41489630931458704 0.4170136411332634 0.5927275922671353 0.02931794333683106
15 0.41489630931458704 0.44953830010493184 0.5927275922671353 0.032807974816369365
15 0.4178242530755712 0.48136411332633783 0.5915536028119508 0.032100734522560334
15 0.4125518453427065 0.513189926547744 0.5950685413005272 0.031395592864637986
15 0.4184077328646748 0.5464155299055614 0.5997539543057996 0.03488562434417628
15 0.4196977152899824 0.5923861490031479 0.5929595782073814 0.0607890870933893
15 0.41899472759226714 0.6786316894018888 0.5938980667838313 0.0502791185729276
15 0.416066783831283 0.7258447009443861 0.5950685413005272 0.046770199370409236
15 0.4184077328646748 0.7734270724029381 0.5950685413005272 0.05099265477439664
15 0.4195817223198594 0.8084029380902413 0.5903831282952549 0.020207764952780694
15 0.4141335676625659 0.26385309548793284 0.5918277680140598 0.044041972717733475
15 0.4172970123022847 0.6384616998950682 0.592530755711775 0.02935152151101784