31 0.4607029876977153 0.10072662826761188 0.10815114235500879 0.016991581745680107
15 0.4611775043936731 0.13851351351351351 0.6726924428822495 0.04489366415595924
14 0.4638980667838313 0.18035002215330084 0.6692302284710018 0.037893221089942405
14 0.3899964850615114 0.20387682764731943 0.5184674868189807 0.012033673017279575
14 0.46611950790861156 0.23278245458573327 0.6736801405975396 0.04460788657509969
14 0.46735676625659056 0.27267168808152414 0.6731845342706503 0.03651528577758086
14 0.46735676625659056 0.3085090828533451 0.6791177504393673 0.035279131590607
14 0.46611950790861156 0.34371067789100573 0.6677469244288226 0.03276916260522818
14 0.4680984182776801 0.37752326096588396 0.6717012302284711 0.03496012405848471
14 0.4651318101933216 0.4088413823659725 0.6717012302284711 0.028424900310146214
14 0.46364850615114234 0.43236818785999115 0.6746678383128295 0.021262738147984052
14 0.4658734622144113 0.4558196721311476 0.6761511423550088 0.024231280460788658
14 0.4658734622144113 0.4837882144439522 0.6731845342706503 0.034366415595923794
14 0.4641441124780316 0.5129264510412052 0.669725834797891 0.021597252990695613
14 0.4629068541300527 0.5410522817899867 0.6702214411247803 0.033914488258750555
14 0.46278383128295253 0.5711962782454586 0.6714551845342707 0.024093929995569342
14 0.4626608084358524 0.5948006202924235 0.675659050966608 0.023633141338059372
14 0.4617961335676625 0.6191736818785999 0.6694797891036907 0.02470314576871954
14 0.46105448154657297 0.644260079751883 0.6650298769771529 0.02439964554718653
14 0.4609314586994727 0.6714510412051395 0.6692302284710018 0.034847142224191406
14 0.47131107205623907 0.693653079308817 0.6455008787346221 0.012882144439521489
14 0.47143760984182775 0.7064311032343819 0.6413005272407732 0.012261852015950377
14 0.4029736379613357 0.7185844040762074 0.5014094903339191 0.010396544085068675
14 0.4391845342706503 0.729647762516615 0.5753075571177504 0.011958351794417368
14 0.4615500878734622 0.7582410279131591 0.6571212653778559 0.04577758085954807
14 0.4661230228471001 0.7924412937527692 0.664780316344464 0.021634913602126715
14 0.46538137082601055 0.8162029242357112 0.6633005272407733 0.028965440850686752
29 0.4642671353251318 0.8517944173681878 0.6714551845342707 0.030039875941515283