15 0.5913813708260105 0.2150490614334471 0.6785623901581722 0.06170435153583617
15 0.5882179261862918 0.2684151023890785 0.6616871704745168 0.04200725255972696
15 0.5905905096660808 0.32457551194539247 0.6611599297012303 0.07431313993174062
15 0.5863690685413006 0.4031569965870307 0.673817223198594 0.07784556313993174
15 0.5890087873462214 0.4722034982935154 0.6685413005272408 0.057504266211604094
15 0.5890087873462214 0.5446843003412969 0.6685413005272408 0.0840443686006826
15 0.5878207381370826 0.6418430034129693 0.668804920913884 0.10872653583617747
15 0.5854481546572935 0.7234534982935154 0.6587873462214411 0.05430034129692833
15 0.5825483304042179 0.7808959044368601 0.6688084358523726 0.05716296928327645
13 0.6078629173989455 0.16349402730375429 0.6455992970123023 0.03540742320819113
30 0.5871810193321617 0.13085324232081913 0.2376871704745167 0.021335324232081912
28 0.2900175746924429 0.12709257679180885 0.060017574692442885 0.018617747440273037