13 0.4742530755711775 0.16707831325301206 0.4954903339191564 0.03919320137693631
15 0.42340246045694196 0.21880593803786574 0.5894973637961335 0.058207831325301204
15 0.42340246045694196 0.296447934595525 0.5894973637961335 0.09762478485370052
15 0.4262917398945518 0.3747870051635112 0.5760210896309315 0.05399526678141136
15 0.4280562390158172 0.42465361445783134 0.5827592267135325 0.04375860585197934
15 0.4296590509666081 0.46824010327022375 0.5795500878734622 0.04294535283993116
15 0.42949736379613357 0.5074053356282272 0.5824358523725834 0.03841006884681584
15 0.42869595782073816 0.5463769363166954 0.5840421792618629 0.03583476764199656
15 0.43382776801405976 0.5845030120481928 0.5814727592267135 0.04532056798623064
15 0.4333497363796134 0.6273042168674698 0.5773040421792619 0.03665877796901893
15 0.4339894551845343 0.6746148881239243 0.5785869947275922 0.05665662650602409
15 0.43527240773286463 0.7250709982788296 0.5811528998242531 0.043670395869191046
15 0.4397644991212654 0.7580572289156626 0.5773040421792619 0.02323364888123924
28 0.41508611599297013 0.13130593803786575 0.03385940246045694 0.026564113597246128