17 0.45202460456942 0.18455548202073682 0.4736660808435852 0.14375468784469447
28 0.8160808435852372 0.22028237370394882 0.12457996485061512 0.03617692477388043
28 0.7965342706502636 0.40903816457092435 0.06860105448154658 0.033249503639973525
28 0.8220210896309315 0.4457511581733951 0.14021792618629175 0.026585043017868962
28 0.8159261862917399 0.5200617692477388 0.10362741652021089 0.02326715199647033
28 0.8278101933216169 0.5404809177145379 0.1236414762741652 0.021703066401941317
28 0.7990369068541301 0.6019347010809619 0.08861862917398945 0.05980807412309729
28 0.8065448154657293 0.7140370615486433 0.06985237258347979 0.044526803441429515
28 0.8271845342706503 0.6698632252371497 0.07735325131810193 0.047260092653871606
28 0.09018277680140598 0.5982020736818884 0.06151493848857645 0.03585484226781381
28 0.09049560632688927 0.5282108978601368 0.10342355008787346 0.05016765938671961
28 0.1142671353251318 0.43436576218839623 0.057131810193321614 0.057994705493050955
28 0.07282601054481547 0.37153761305978383 0.07746572934973638 0.038345466578424886
28 0.1028506151142355 0.7047121111846459 0.05869595782073814 0.05217957202735495
17 0.4507873462214411 0.34612177365982794 0.09961687170474517 0.031089786013677477
14 0.45452372583479783 0.4030597838076329 0.5574833040421793 0.05780719170527245
14 0.454365553602812 0.470990514008383 0.5515430579964851 0.07117582175159938
14 0.45342706502636204 0.5391153761305978 0.5609244288224956 0.051952349437458634
14 0.45202108963093146 0.5893756893889256 0.5562355008787346 0.03940216192367086
14 0.44748681898066783 0.6308007941760424 0.5653040421792619 0.03744981248621222
14 0.45045694200351494 0.6801808956540922 0.5681195079086115 0.05493712772998015
14 0.28173989455184534 0.7187403485550409 0.2288084358523726 0.017809397749834546
14 0.445609841827768 0.7556540922126627 0.5603022847100175 0.058656518861681