27 0.5599859402460458 0.13084643017512348 0.1091072056239016 0.023300404131118096
15 0.4193286467486819 0.15749438706780422 0.3454200351493849 0.022694207453973957
15 0.5601476274165201 0.18839245621912887 0.62698769771529 0.03589806915132465
15 0.5618488576449913 0.2377795240233498 0.6303831282952549 0.053251010327795244
15 0.5618488576449913 0.28550516389762015 0.6303831282952549 0.03606421194431971
15 0.5618488576449913 0.32580152671755724 0.6303831282952549 0.03795240233497979
15 0.5208506151142355 0.3556533453075887 0.5441441124780316 0.021661427929950607
15 0.5630158172231986 0.3857072294566682 0.6263479789103691 0.03969914683430624
15 0.5638664323374342 0.4259362370902559 0.6280492091388401 0.03737988325101033
15 0.5635465729349737 0.467456219128873 0.625286467486819 0.0389964077233947
15 0.4654130052724077 0.5011360574764256 0.42901230228471 0.024934889986528964
15 0.5609982425307557 0.572096991468343 0.6286854130052724 0.03929726088908846
15 0.562274165202109 0.6144993264481365 0.6227381370826011 0.041320161652447236
24 0.20445342706502634 0.15942523574315223 0.07068189806678384 0.020031432420296362
24 0.20455887521968366 0.18411989223170186 0.06876977152899824 0.020568028738212844
24 0.20466432337434096 0.2219083969465649 0.0753567662565905 0.024218679838347554
24 0.20625659050966608 0.2763313875168388 0.07216871704745166 0.02450381679389313
24 0.20859402460456944 0.3180534351145038 0.07259402460456942 0.027885047148630444
24 0.20838312829525485 0.3537382128423889 0.07641827768014059 0.020547822182308037
24 0.21220386643233743 0.3768724741805119 0.0755676625659051 0.022031881454872025
24 0.21082601054481545 0.41650651100134706 0.07492794376098418 0.028022002694207456
24 0.2131634446397188 0.45802649303996407 0.06685764499121266 0.029636281993713515
24 0.21454130052724077 0.4985271665918276 0.06749384885764499 0.027860350246969017
24 0.21178207381370825 0.5602784014369107 0.06621792618629173 0.026515491692860348
24 0.20891388400702987 0.6035608441850023 0.07535325131810193 0.03980017961383027