16 0.47242530755711776 0.3162369929921427 0.37735325131810193 0.0265682735187938
16 0.4765623901581722 0.3452537693777872 0.18294551845342708 0.021110639201528985
28 0.46624604569420036 0.10370991717986834 0.098506151142355 0.016489700573370143
15 0.33450263620386644 0.12966659588022936 0.39801757469244287 0.02078148226799745
15 0.47898066783831283 0.1560755999150563 0.679469244288225 0.03504778084519006
15 0.41649912126537786 0.18452750053089828 0.558256590509666 0.02165640263325547
15 0.48198242530755714 0.21376725419409642 0.6854727592267136 0.0393225737948609
15 0.4786045694200352 0.25344022085368445 0.6862214411247803 0.04156721172223402
15 0.42025307557117747 0.2841601189212147 0.5657609841827768 0.02363983860692291
15 0.3542038664323374 0.36831386706307073 0.4186537785588752 0.019609258866001275
15 0.4242671353251318 0.3900042471862391 0.5618066783831283 0.018451900615842006
15 0.37693848857644996 0.4087916755149713 0.4671458699472759 0.01789764281163729
15 0.4499578207381371 0.4286706307071565 0.622207381370826 0.019520067954979826
15 0.30402811950790865 0.48013378636653214 0.3190755711775044 0.018944574219579527
15 0.3896695957820738 0.49953493310681674 0.4903620386643234 0.018252282862603525
15 0.29320913884007027 0.5194797196857083 0.29743760984182777 0.018649394775960924
15 0.3161968365553603 0.5385410915268634 0.3434165202108963 0.018638776810363133
15 0.33749736379613354 0.557942238267148 0.3837574692442882 0.017948609046506688
15 0.31169068541300526 0.5766617116160544 0.3344007029876977 0.018617540879167553
15 0.30797188049209134 0.5963346782756423 0.32921616871704745 0.01847101295391803
15 0.22976449912126537 0.6140348269271607 0.17731458699472757 0.015737948609046506
15 0.34346924428822495 0.6350010617965597 0.4024639718804921 0.019537056699936294
15 0.34414411247803167 0.6554533871310257 0.39930755711775046 0.019583775748566574
15 0.34414411247803167 0.6740369505202803 0.39930755711775046 0.017258441282650243
15 0.35090685413005274 0.6930303673816097 0.41283304042179264 0.018473136547037586
15 0.3511318101933216 0.7113718411552347 0.4177891036906854 0.018386069229135698
15 0.3926010544815466 0.7312486727543003 0.49171177504393676 0.020008494372478234
15 0.44488927943760986 0.7510575493735401 0.6053040421792618 0.017409216394138883
15 0.44195782073813705 0.7699830112550435 0.6129666080843585 0.01984922488851136
15 0.39744463971880495 0.7890422595030792 0.5216906854130053 0.01983860692291357
15 0.3964323374340949 0.8076279464854533 0.5219156414762741 0.01751327245699724
15 0.40161687170474514 0.8260076449352304 0.5277750439367311 0.018863877681036312
15 0.43835149384885763 0.8483351029942663 0.6057539543057996 0.01994053939265237
16 0.4747627416520211 0.4579507326396262 0.3562355008787346 0.019522191548099387