27 0.2209420035149385 0.12056914628057913 0.03180667838312829 0.023791812281577635
31 0.5234833040421792 0.1257239141288068 0.21207029876977154 0.01717174238642037
13 0.5606397188049209 0.15827009485771343 0.5659789103690686 0.03454068896655017
15 0.5210826010544816 0.22250624063904145 0.6450896309314587 0.096827259111333
15 0.5183760984182777 0.29776335496754863 0.633170474516696 0.053389915127309034
15 0.5249841827768014 0.3754243634548178 0.6355536028119508 0.09326759860209685
15 0.5139297012302285 0.49110584123814277 0.6437926186291739 0.058334997503744386
15 0.5126326889279438 0.5460434348477283 0.6325237258347979 0.05430354468297553
15 0.516207381370826 0.6011357963055417 0.6375079086115993 0.053654518222666
15 0.5138242530755711 0.6552571143285072 0.6370720562390159 0.05569146280579131
15 0.5126326889279438 0.7105791313030454 0.6325237258347979 0.05704443334997504
15 0.5099226713532513 0.7802071892161758 0.6292724077328646 0.08393409885172241
17 0.5131915641476275 0.4477608587119321 0.18931810193321616 0.02243884173739391