31 0.5563057996485061 0.13639837214560252 0.09248154657293498 0.015896450373049965
14 0.5193040421792618 0.15884015374180419 0.49846397188049213 0.01899841736378024
14 0.43630931458699473 0.17934885824101288 0.3324780316344464 0.018229708342753784
14 0.5567381370826011 0.2269477730047479 0.5787521968365553 0.06931946642550306
14 0.5607978910369069 0.3120777752656568 0.5922847100175747 0.09333484060592358
14 0.5595957820738137 0.380565227221343 0.5826608084358524 0.0376328283970156
14 0.49013356766256594 0.40939181550983494 0.4473462214411248 0.0186796292109428
14 0.45209490333919156 0.43086592810309743 0.3586397188049209 0.02216821162107167
14 0.5644077328646748 0.4691770291657246 0.5850650263620386 0.05236038887632828
14 0.5059191564147627 0.507289170246439 0.4807240773286468 0.017158037531087498
14 0.5571915641476274 0.5339905041826815 0.5742425307557117 0.03573818675107393
14 0.5556871704745168 0.5724915215916799 0.5784534270650263 0.03613610671489939
14 0.5406502636203867 0.6026565679403121 0.5519894551845343 0.01986208455799231
14 0.5544850615114235 0.6316775943929459 0.5796555360281195 0.03612028035270178
14 0.5125377855887522 0.6597309518426407 0.4975641476274165 0.017942572914311554
14 0.5304288224956063 0.68082070992539 0.5243268892794376 0.018333710151480897
14 0.46577855887521974 0.6988130228351798 0.40945869947275926 0.017178385711055847
14 0.39962390158172234 0.7179674429120507 0.26271704745166957 0.018345014695907755
14 0.5032161687170474 0.7368302057427085 0.4717047451669596 0.015448790413746326
14 0.4968998242530756 0.75656567940312 0.4626818980667838 0.020097219082070992
14 0.5558383128295254 0.7854917476825684 0.5697293497363797 0.03500113045444268