31 0.44112478031634444 0.11672936490373977 0.13005272407732865 0.029873865899535296
15 0.46353251318101935 0.15102898871431733 0.640597539543058 0.03872538172161983
14 0.437609841827768 0.193350298738659 0.6889279437609842 0.04149148041602124
14 0.38927943760984185 0.22377738437707456 0.5606326889279437 0.024894888249612748
14 0.44507908611599295 0.27550342996238103 0.6652021089630932 0.08408940030980305
14 0.4398066783831283 0.3369108209780925 0.6704745166959578 0.04536401858818322
14 0.4389279437609842 0.3767426421774729 0.6652021089630932 0.04093826067714096
14 0.28866432337434095 0.5327506085417127 0.36994727592267135 0.024341668510732464
14 0.43804920913884005 0.5620712547023677 0.6616871704745168 0.04093826067714096
14 0.4349736379613357 0.5966474883823855 0.6731107205623902 0.024894888249612748
14 0.351493848857645 0.615180349634875 0.5061511423550088 0.019915910599690195
14 0.4345342706502636 0.6342664306262448 0.6739894551845342 0.02710776720513388
14 0.37653778558875217 0.6588847090064174 0.5527240773286467 0.024341668510732464
14 0.43717047451669594 0.691248063730914 0.6739894551845342 0.040385040938260675
14 0.29657293497363796 0.7236114184554104 0.38576449912126537 0.02212878955521133
14 0.4086115992970123 0.7446337685328612 0.6239015817223199 0.02212878955521133
14 0.257908611599297 0.765656118610312 0.3084358523725835 0.02212878955521133
14 0.3409490333919156 0.7847421996016818 0.4833040421792619 0.021575569816331047
14 0.4327768014059754 0.8146160655012171 0.6599297012302284 0.04149148041602124
14 0.3563268892794376 0.8491922991812347 0.5281195079086116 0.024341668510732464
17 0.43321616871704743 0.4445120601903076 0.6063268892794376 0.03263996459393671
17 0.4305799648506151 0.48462049125912815 0.18101933216168717 0.023235229032971896