31 0.5397574692442881 0.09454019149409931 0.10414762741652021 0.01672456023157426
14 0.5387732864674868 0.11973725228234247 0.6609595782073814 0.026838120685816078
14 0.5390615114235501 0.1453885548875529 0.6634657293497364 0.02687597417056335
14 0.5382917398945518 0.1692473836562013 0.6619226713532513 0.022104208416833665
14 0.5386748681898067 0.19282342462703184 0.6626924428822495 0.025315074593631706
14 0.5379999999999999 0.2230861723446894 0.6671247803163445 0.037011801380538854
14 0.5404077328646749 0.2528612781117791 0.6700140597539543 0.023328879982186596
14 0.539444639718805 0.2763170786016477 0.6642355008787346 0.02385660209307504
14 0.5413743409490334 0.2988933422400356 0.6680878734622144 0.022623023825428634
14 0.5396379613356767 0.3275684702738811 0.6607662565905097 0.033589401024270764
14 0.5410826010544816 0.3565508795368515 0.6655817223198593 0.024419951013137386
14 0.5429138840070299 0.37918726341572034 0.6634622144112478 0.022088621687820085
14 0.525866432337434 0.39849699398797594 0.6158769771528998 0.014319750612335784
14 0.542530755711775 0.42180138053885546 0.6626924428822495 0.0340748162992652
14 0.43291036906854136 0.44531952794477847 0.4395992970123023 0.013979069249610333
14 0.54098769771529 0.4631351592073035 0.6596098418277679 0.025194834112669786
14 0.4287697715289982 0.4805878423513694 0.42168365553602816 0.013714094856379427
14 0.5423374340949033 0.49821865954130484 0.6661616871704745 0.02334446671120018
14 0.5374235500878735 0.5166466265865064 0.6389947275922672 0.013816521932754396
14 0.5429138840070299 0.5390959697172122 0.6634622144112478 0.0343041638833222
14 0.5417574692442882 0.568472500556669 0.6611528998242531 0.025920730349588063
14 0.49783479789103685 0.587145401914941 0.5578875219683656 0.011997327989311957
14 0.5417574692442882 0.6097773324426632 0.6688576449912127 0.03407258962369183
14 0.5153637961335676 0.6343687374749498 0.6045131810193322 0.016118904475617903
14 0.5406994727592267 0.6566978401246938 0.6571072056239016 0.033923402360276106
14 0.5413743409490334 0.6856824760632376 0.6680878734622144 0.023776441772433758
14 0.5421441124780316 0.709354264083723 0.6696309314586995 0.02327766644399911
14 0.538481546572935 0.7321131151191271 0.6661616871704745 0.023629481184591405
14 0.47548681898066786 0.7504809619238476 0.5208998242530756 0.010318414606991762
14 0.5397363796133567 0.7813493653974616 0.666738137082601 0.045201514139389894
14 0.5461898066783831 0.8089311957247829 0.6430404217926187 0.012480516588733021
29 0.5386748681898067 0.8455622355822757 0.6704007029876977 0.03935871743486974