13 0.5763796133567662 0.16685508257734355 0.635377855887522 0.03668992789020702
15 0.5618769771528999 0.22180972319143985 0.6538383128295255 0.05933938125145383
15 0.5628014059753954 0.2900209351011863 0.6583198594024605 0.07360548964875553
15 0.5662284710017575 0.36443126308443824 0.6599015817223198 0.07408699697604094
15 0.563195079086116 0.43861595719934865 0.6617469244288225 0.061905094207955334
15 0.5643831282952548 0.5066550360548965 0.6614833040421793 0.07233542684345197
15 0.5637223198594025 0.6319097464526634 0.6628014059753955 0.06630611770179112
15 0.5573954305799649 0.6951546871365434 0.6606924428822496 0.05842056292160968
15 0.5602952548330404 0.7587462200511746 0.6506713532513181 0.05820888578739242
16 0.5597820738137083 0.5786182833217027 0.3437469244288225 0.02080251221214236
28 0.5624288224956063 0.1365899046289835 0.09588752196836556 0.016294487090020935
24 0.19050966608084358 0.22146313096068854 0.040312829525483304 0.030725750174459176
24 0.17271001757469245 0.27898581065364036 0.054818980667838316 0.032337752965806
24 0.18523374340949034 0.362989067224936 0.05086115992970123 0.04153756687601768
24 0.18694903339191565 0.4328634566178181 0.05165202108963093 0.03992789020702489
24 0.18417926186291741 0.5005536171202606 0.04875219683655536 0.042679692951849264
24 0.1824639718804921 0.6248964875552454 0.05850966608084359 0.041812049313793904
24 0.17139191564147627 0.6911933007676204 0.057455184534270655 0.034794138171667835
24 0.19710017574692443 0.7515445452430798 0.048221441124780315 0.038574086996976044