15 0.405128295254833 0.162678531701891 0.5738523725834798 0.03339265850945495
14 0.389768014059754 0.20926807563959954 0.6199261862917399 0.05540600667408232
14 0.3838734622144112 0.24545494994438263 0.6163620386643234 0.014952169076751945
14 0.3886713532513181 0.26913904338153505 0.6177328646748682 0.025870967741935487
14 0.3888084358523726 0.3000266963292547 0.6152618629173989 0.03210011123470523
14 0.3866151142355009 0.3304338153503893 0.6108752196836555 0.030422691879866518
14 0.3888084358523726 0.3758932146829811 0.6152618629173989 0.058854282536151284
14 0.38798594024604566 0.41876084538375974 0.608133567662566 0.03002447163515017
14 0.3899050966608084 0.4408008898776418 0.6174551845342707 0.015087875417130144
14 0.39237609841827764 0.4842625139043382 0.6169068541300526 0.07250278086763069
14 0.38894551845342706 0.5410967741935484 0.6127943760984184 0.04210233592880979
14 0.38908260105448156 0.5968342602892103 0.6103268892794377 0.07025583982202448
14 0.38826010544815465 0.6430011123470523 0.6141652021089631 0.01678309232480534
14 0.39031985940246045 0.6868097886540601 0.6100527240773286 0.06794883203559511
14 0.3915536028119508 0.7373503893214682 0.6097785588752197 0.030164627363737487
14 0.39333567662565905 0.7743959955506118 0.6106010544815466 0.04350611790878754
31 0.3869103690685413 0.13249833147942158 0.09039015817223199 0.012958843159065628