17 0.45208435852372586 0.15981537140403607 0.7307662565905098 0.15790038643194504
7 0.4503444639718805 0.2669836839845427 0.24925483304042179 0.02230356376127093
14 0.459701230228471 0.33873550880206094 0.6897609841827768 0.0391412623443538
14 0.4556028119507909 0.36539287247745816 0.6885905096660808 0.021614426792614858
14 0.4280738137082601 0.38865392872477456 0.6194727592267135 0.020903821382567626
14 0.459701230228471 0.41674753112924 0.6967908611599296 0.03629884070416488
14 0.3826783831282953 0.44340704164877626 0.5392267135325132 0.018772005152425934
14 0.3958558875219684 0.46219407471017604 0.5620702987697715 0.015556032632030913
14 0.44447100175746923 0.4786560755689137 0.6663304042179262 0.02271790468012022
14 0.4582390158172232 0.5072842421640189 0.690347978910369 0.03274581365392872
14 0.45853075571177504 0.5335852297123229 0.6944463971880492 0.018795620437956205
14 0.45150087873462214 0.5600686990124517 0.7014762741652021 0.033117217689995704
14 0.45413708260105445 0.5947810218978101 0.7102636203866433 0.038136539287247744
14 0.46028822495606325 0.6348604551309575 0.7190509666080844 0.0410111635895234
14 0.45765202108963093 0.6699313009875483 0.7102636203866433 0.0381580077286389
14 0.45794376098418277 0.7055367110347789 0.707335676625659 0.03423142979819665
14 0.4556028119507909 0.7382803778445685 0.6956203866432338 0.033166595105195366
14 0.37711423550087875 0.7647617003005582 0.5386432337434095 0.021721768999570634
14 0.3908752196836555 0.7831902103907256 0.5837469244288225 0.02208458565908115
14 0.4520878734622144 0.80555817947617 0.6956203866432338 0.026028338342636324
14 0.40054130052724074 0.8245234006011164 0.592530755711775 0.01672820953198798
14 0.41166959578207385 0.8427737226277372 0.6147873462214412 0.018881494203520824
14 0.4588224956063269 0.8706869901245169 0.7126080843585237 0.03606483469300129