13 0.4629279437609842 0.151328655996492 0.5942776801405976 0.04540451655338742
15 0.43744463971880493 0.2213198859899145 0.645244288224956 0.08672221004165753
15 0.4368576449912126 0.292400789300592 0.6511036906854131 0.046906380179785136
15 0.4403725834797891 0.35745450559087916 0.6440738137082601 0.06300372725279545
15 0.42602108963093144 0.42707520280640215 0.6470052724077329 0.0685047138785354
15 0.43158523725834796 0.4901183950887963 0.6335289982425308 0.052076299057224294
15 0.4289525483304042 0.5606555579916686 0.657543057996485 0.08791054593290945
15 0.43568717047451666 0.6331988598991449 0.6628189806678383 0.05540451655338741
15 0.4298277680140597 0.7059285244463933 0.6440738137082601 0.09124095593071695
15 0.42748681898066787 0.7921771541328656 0.6464182776801406 0.0664108748081561
15 0.4371493848857645 0.8426090769568076 0.6481757469244288 0.03133961850471388
27 0.4310193321616872 0.11606007454505592 0.11921616871704746 0.01652488489366367