15 0.5604639718804921 0.1458905299739357 0.5866783831282952 0.025742832319721982
15 0.5763057996485061 0.17603605560382277 0.6158980667838313 0.03567115551694179
15 0.573219683655536 0.21724370112945265 0.6171353251318102 0.04178757602085143
15 0.5802179261862918 0.2590877497827975 0.6212478031634446 0.0445981754995656
15 0.5744534270650263 0.2935556038227628 0.6097258347978911 0.023494787141615986
15 0.5783655536028119 0.32408123370981756 0.6200140597539543 0.03876411815812337
15 0.5728084358523726 0.369741529105126 0.6163093145869948 0.04615334491746308
15 0.5808330404217926 0.46793006081668115 0.6249525483304043 0.04109252823631625
15 0.5773356766256591 0.5120634231103388 0.6204253075571177 0.04237836663770635
15 0.4763057996485061 0.5448761946133797 0.41589455184534274 0.019491746307558643
15 0.5431775043936731 0.5682797567332755 0.5521124780316344 0.026622502172024325
15 0.5761019332161688 0.5956255430060817 0.6179578207381371 0.03400521285838402
15 0.5750720562390158 0.6321264118158123 0.6282460456942003 0.03223501303214596
15 0.556140597539543 0.7084187662901824 0.5903831282952549 0.02916159860990443
15 0.5736309314586995 0.750264986967854 0.6228963093145871 0.05639226759339704
15 0.5748646748681898 0.8041920069504779 0.6352407732864674 0.04826672458731538
16 0.5693286467486819 0.6725521285838401 0.14754305799648507 0.024574283231972197
16 0.5650052724077329 0.42504561251086015 0.15618629173989457 0.023996524761077324
28 0.5689173989455184 0.1204648132059079 0.1072091388400703 0.020668983492615117