15 0.4248189806678383 0.14915414340918848 0.7007311072056239 0.04973808501502791
15 0.37692442882249555 0.23718548733361958 0.6019718804920914 0.022883211678832116
15 0.3491915641476274 0.25701803349076857 0.5554094903339192 0.020878059252898238
15 0.4234868189806678 0.28554315156719623 0.7010298769771529 0.03625805066552168
15 0.422298769771529 0.32533705452984113 0.6986572934973638 0.0415650493774152
15 0.422597539543058 0.36572778016316015 0.6933181019332162 0.039006011163589524
15 0.42052021089630937 0.40249677973379133 0.6950966608084358 0.036449119793902966
15 0.28364850615114234 0.4332374409617862 0.41839015817223196 0.02364963503649635
15 0.41844288224956067 0.46302919708029194 0.6968787346221441 0.037941176470588235
15 0.4194797891036907 0.5001588664662945 0.7019191564147628 0.03610991841992271
15 0.4172583479789103 0.5461614426792615 0.7063690685413004 0.05564405324173465
15 0.41681195079086114 0.5937999141262345 0.7025131810193322 0.03859167024474023
15 0.4151810193321617 0.631655216831258 0.6962847100175747 0.038207385143838556
15 0.4199261862917399 0.6686947187634178 0.7057750439367312 0.0380055817947617
15 0.24227416520210895 0.700483039931301 0.3445413005272408 0.023677544010304852
15 0.41221441124780317 0.7306376127093173 0.6903550087873462 0.038694718763417776
15 0.41651669595782076 0.7665006440532418 0.6959894551845343 0.0379497638471447
15 0.41532864674868186 0.8041219407471017 0.6936168717047452 0.03891155002146844
15 0.41399297012302283 0.8446028338342636 0.6939121265377856 0.0419665092314298
16 0.4224639718804921 0.19883855732073852 0.3281968365553603 0.02047230571060541
28 0.4224745166959578 0.11008802060970373 0.09091388400702986 0.016899957063117216