13 0.47955360281195075 0.1468929173693086 0.65298769771529 0.046165682967959525
15 0.4226080843585237 0.1791758010118044 0.6221511423550088 0.020004215851602024
15 0.4049630931458699 0.20158305227655984 0.5838910369068542 0.022124789207419896
15 0.42557469244288226 0.22452360876897134 0.6399472759226714 0.021755902192242833
15 0.4584956063268893 0.2568001686340641 0.7117188049209139 0.03827782462057336
15 0.45745518453427064 0.2968128161888701 0.7066783831282952 0.0435897976391231
15 0.3385272407732865 0.3304279089376054 0.45102284710017576 0.021873946037099492
15 0.3683339191564148 0.35221332209106243 0.5195360281195078 0.02097175379426644
15 0.3772302284710018 0.3742643338954469 0.5373286467486819 0.02238195615514334
15 0.46101581722319857 0.40600548060708264 0.7019332161687171 0.041393338954468804
15 0.4620527240773286 0.4472154300168634 0.7069736379613356 0.03664418212478921
15 0.46086818980667843 0.4908747892074199 0.7046010544815465 0.04035413153456998
15 0.4611634446397188 0.5327550590219224 0.699261862917399 0.04050801011804384
15 0.4579015817223199 0.574635328836425 0.6986713532513181 0.040661888701517705
15 0.45938488576449915 0.6164671163575042 0.7075676625659051 0.03893549747048904
15 0.44841124780316344 0.6486572512647555 0.6678242530755711 0.021488195615514332
15 0.3564710017574692 0.6682209106239461 0.49581019332161685 0.01791947723440135
15 0.4620527240773286 0.7004953625632377 0.7069736379613356 0.0415535413153457
15 0.4620527240773286 0.7437984822934233 0.6951107205623901 0.0445531197301855
15 0.44678031634446397 0.7759021922428331 0.6615957820738138 0.021593591905564924
15 0.4495957820738137 0.7983115514333896 0.6701968365553603 0.01659991568296796
15 0.46279437609841834 0.8302276559865093 0.7054903339191564 0.04663785834738617
28 0.45852021089630934 0.11057967959527826 0.10664674868189808 0.01978920741989882