28 0.4865905096660808 0.15041345329905742 0.10051318101933215 0.016343187660668383
16 0.4820632688927944 0.1862553556126821 0.17099121265377856 0.019496572407883463
16 0.4801441124780316 0.39914095972579267 0.1397293497363796 0.017369323050556985
16 0.4891845342706503 0.4921679520137104 0.3607557117750439 0.017889888603256212
16 0.4905659050966608 0.5479777206512425 0.12766256590509667 0.015852613538988862
16 0.4827486818980668 0.6458140531276778 0.15865026362038664 0.01930591259640103
16 0.49138840070298767 0.7192909168808912 0.11285413005272407 0.017495715509854327
16 0.4953637961335676 0.8350899742930591 0.09612653778558876 0.01843401885175664
15 0.363585237258348 0.21103470437017996 0.41672056239015814 0.017238646101113968
15 0.48848506151142357 0.23877035132819194 0.669261862917399 0.03928020565552699
15 0.39621441124780316 0.26876606683804627 0.48746572934973637 0.020713367609254497
15 0.3992337434094903 0.28689588688946016 0.48801405975395434 0.02187446443873179
15 0.42966959578207387 0.306949443016281 0.5543725834797891 0.02186161096829477
15 0.3408260105448155 0.32633247643530416 0.3766854130052724 0.02051413881748072
15 0.48752548330404216 0.35682519280205655 0.6755711775043937 0.04238646101113968
15 0.3698910369068541 0.42161525278491857 0.4348189806678383 0.02053127677806341
15 0.3326010544815466 0.4409982862039417 0.360231985940246 0.019183804627249355
15 0.3352056239015817 0.46021422450728366 0.36818629173989453 0.020844044558697514
15 0.3384956063268893 0.5172322193658955 0.37476625659050966 0.021216795201371038
15 0.46942706502636206 0.571373179091688 0.6393743409490333 0.018511139674378747
15 0.33438312829525485 0.5915081405312768 0.36105448154657294 0.021006855184233078
15 0.33438312829525485 0.6124785775492717 0.36105448154657294 0.024505141388174806
15 0.4082811950790861 0.6694473007712082 0.5006256590509666 0.023110539845758355
15 0.3490509666080843 0.6907519280205655 0.39313884007029876 0.020593401885175663
15 0.41129701230228477 0.7438903170522708 0.5011739894551845 0.01989288774635818
15 0.34315641476274167 0.7617694944301628 0.36763444639718806 0.018881748071979433
15 0.34534973637961336 0.7814867180805484 0.37202460456942005 0.024884318766066837
15 0.35467486818980665 0.8046315338474721 0.39066783831282953 0.020025706940874036
15 0.34493848857644993 0.8592716366752357 0.3684569420035149 0.021666666666666667
15 0.3357539543057997 0.8790745501285347 0.3473462214411248 0.019481576692373607