28 0.5307557117750439 0.10660013608528011 0.1282952548330404 0.02381492401905194
17 0.5298769771528998 0.1420390111136312 0.14586994727592267 0.017577682014062145
17 0.5188927943760984 0.18881832615105465 0.15377855887521968 0.015876616012701295
17 0.6072056239015817 0.42696756634157407 0.4938488576449912 0.012474484009979588
17 0.6006151142355008 0.5500113404400091 0.3084358523725835 0.013608528010886823
17 0.5153778558875219 0.6543433885234747 0.1274165202108963 0.014742572011794058
17 0.5289982425307557 0.7198344295758675 0.10017574692442882 0.015309594012247674
15 0.4960456942003515 0.16245180312996144 0.5913884007029877 0.02438194601950556
15 0.5562390158172232 0.24722159219777728 0.6045694200351494 0.09639374007711499
15 0.5522847100175747 0.32433658425946926 0.6107205623901582 0.057836244046269
15 0.5013181019332161 0.3634611022907689 0.5896309314586995 0.019278748015422998
15 0.5219683655536028 0.39152869131322293 0.6608084358523726 0.03799047403039238
15 0.5531634446397188 0.4865048763892039 0.6072056239015817 0.09639374007711499
15 0.5562390158172232 0.5999092764799274 0.6151142355008787 0.07938308006350646
15 0.5320738137082601 0.6852460875481968 0.6511423550087874 0.04025856203220685
15 0.5531634446397188 0.7510206396008166 0.6195079086115993 0.041392606033114086