1 0.26456590509666084 0.23157630256545889 0.17524428822495605 0.19488759587410737
1 0.48342003514938486 0.2265115048928855 0.20157469244288226 0.23833112933086484
1 0.7059648506151143 0.23524728907696377 0.19310017574692442 0.19230626818302038
1 0.26087170474516697 0.4583998942078815 0.23114235500878735 0.24573657762496695
1 0.4962108963093146 0.4874715683681566 0.15068189806678384 0.17490346469188045
1 0.7212583479789104 0.4683231949219783 0.20259050966608083 0.21796085691615974
1 0.23635149384885762 0.7585136207352552 0.17682952548330402 0.24871198095741867
1 0.4795957820738137 0.7439275323988362 0.24930052724077328 0.2810526315789474
1 0.7364217926186292 0.7520629463105 0.1617152899824253 0.269542449087543
7 0.7256168717047452 0.8723089129859825 0.05044639718804921 0.017947632901348848
7 0.47459402460456945 0.8723089129859825 0.04415817223198594 0.017947632901348848
7 0.2380702987697715 0.8716133298069294 0.04050615114235501 0.022509918011108174
7 0.26246045694200354 0.5668262364453849 0.04445694200351494 0.018122189896852683
7 0.4910720562390158 0.5650409944459138 0.03229173989455185 0.018521555144141763
7 0.7111142355008787 0.56424755355726 0.03726537785588752 0.01693467336683417
7 0.2637785588752197 0.32116371330335886 0.05236906854130053 0.018886537952922507
7 0.47498769771529 0.3330653266331658 0.03704042179261863 0.01887860354403597
7 0.7050509666080843 0.3183866701930706 0.05150439367311072 0.021269505421846073