14 0.4485834797891037 0.15697306541256947 0.6743831282952548 0.048888413852073535
14 0.36392618629173984 0.20007909362975632 0.5050685413005273 0.03252244548952544
14 0.2341652021089631 0.2250812312954254 0.24554657293497364 0.0213253527148354
14 0.22236906854130054 0.2500812312954254 0.23583128295254835 0.027007268063274904
14 0.20831634446397188 0.2742411286874733 0.19731810193321617 0.022563061137238136
14 0.3082425307557118 0.3033539974348012 0.3694059753954306 0.030141085934159897
14 0.2093567662565905 0.3282513894826849 0.2063409490333919 0.020844377939290296
14 0.4700984182776802 0.38520735356990166 0.6480105448154657 0.08410645575032065
14 0.46385237258347983 0.45367678495083374 0.6493989455184535 0.05009833262077811
14 0.39810193321616866 0.49143009833262075 0.56995079086116 0.030637024369388626
14 0.3096274165202109 0.5211799914493374 0.3999437609841828 0.02682342881573322
14 0.3160456942003515 0.5469196237708422 0.42318804920913883 0.027650705429670797
14 0.46177152899824253 0.5877404873877725 0.645237258347979 0.05231295425395468
14 0.47565202108963095 0.6952351432235998 0.6174762741652021 0.04993159469858914
14 0.29609841827768013 0.7364856776400172 0.3381792618629174 0.024801197092774688
14 0.44164499121265377 0.7806819153484396 0.6743866432337434 0.05621205643437366
17 0.4473884007029877 0.6385891406584011 0.25210193321616875 0.031607524583155196
31 0.45259753954305804 0.11806755023514323 0.08901933216168717 0.02678067550235143