28 0.14323022847100175 0.17966550825369243 0.1375500878734622 0.02536055603822763
28 0.1328506151142355 0.21549087749782797 0.08712829525483304 0.018192875760208515
28 0.16221441124780317 0.22978496959165945 0.06873462214411248 0.017452215464813205
28 0.13670650263620387 0.25049087749782795 0.10077328646748682 0.025868809730668983
28 0.14975746924428823 0.281001303214596 0.04382425307557118 0.026400955690703734
28 0.13789455184534272 0.3342332754126846 0.0794165202108963 0.028386185925282362
28 0.13225659050966607 0.40936576889661164 0.07408084358523725 0.024678540399652477
28 0.13478031634446397 0.4486707211120764 0.07615465729349737 0.035466985230234574
28 0.13433391915641477 0.4798631624674196 0.07229876977152899 0.020868809730668982
28 0.13359226713532513 0.5106494352736751 0.05005272407732865 0.023783666377063424
28 0.15005272407732864 0.5266854908774978 0.10966959578207382 0.013694613379669852
28 0.11786994727592266 0.5410686359687228 0.09573286467486819 0.018633796698523025
28 0.12336028119507908 0.5585686359687229 0.09187697715289982 0.01880755864465682
28 0.12365553602811952 0.5768027801911382 0.08653778558875219 0.020445264986967852
28 0.12899472759226713 0.5964096437880104 0.09721616871704744 0.019335360556038225
28 0.10675219683655535 0.6239878366637707 0.04679437609841828 0.021335794960903563
28 0.14130404217926185 0.697141615986099 0.11293145869947277 0.0283362293657689
28 0.13121968365553602 0.7282949609035622 0.10462917398945519 0.024652476107732406
28 0.1350720562390158 0.7568809730668983 0.11827416520210897 0.02317115551694179
28 0.1285518453427065 0.8255060816681147 0.05776801405975395 0.026613814074717638
28 0.12143057996485063 0.8547350130321459 0.07912478031634447 0.02824500434404865
28 0.9167768014059754 0.7997980017376195 0.10657644991212653 0.032019982623805385
28 0.9158875219683655 0.7010273675065161 0.0988646748681898 0.036107732406602956
28 0.9169244288224956 0.5996937445699392 0.10390509666080844 0.02040834057341442
28 0.9157363796133567 0.6182037358818419 0.10153251318101934 0.017098175499565594
28 0.9204850615114236 0.5700086880973068 0.11102284710017575 0.027022154648132058
28 0.9240421792618629 0.19624891398783667 0.09441476274165203 0.027365334491746305
17 0.5323550087873462 0.13192658557775847 0.6191739894551845 0.04902476107732407
31 0.5387521968365554 0.07393136403127715 0.1010017574692443 0.030184622067767158
14 0.5338347978910369 0.1924913119026933 0.6636625659050966 0.03634665508253693
14 0.5354657293497365 0.21503258036490008 0.6698910369068541 0.019109470026064293
14 0.5345764499121265 0.23115986099044308 0.6621792618629174 0.014702432667245873
14 0.537543057996485 0.2567180712423979 0.6681124780316344 0.03099913119026933
14 0.5342811950790861 0.29749131190269335 0.667518453427065 0.04471546481320591
14 0.5333919156414763 0.33881407471763686 0.6716731107205625 0.033881407471763686
14 0.5276063268892794 0.4189335360556038 0.6690017574692443 0.03281494352736751
14 0.5283479789103691 0.4519178974804518 0.667518453427065 0.032795395308427455
14 0.5310193321616872 0.48251954821894005 0.6669244288224956 0.03167897480451781
14 0.5287943760984183 0.5070764552562989 0.6713743409490334 0.014804517810599478
14 0.5329455184534271 0.5253105994787142 0.6796801405975396 0.016444396177237183
14 0.5299789103690685 0.5413444830582103 0.6737469244288224 0.013685925282363162
14 0.529237258347979 0.5580191138140747 0.6633673110720563 0.014044309296264117
14 0.5274586994727591 0.5751542137271938 0.6645518453427065 0.013483927019982623
14 0.5274586994727591 0.5954018245004344 0.6716731107205625 0.031611642050390965
14 0.529237258347979 0.6201411815812338 0.6633673110720563 0.017306689834926153
14 0.5244920913884007 0.6967745438748914 0.6657398945518453 0.034932667245873156
14 0.5273110720562391 0.7303084274543875 0.6624780316344464 0.03234795829713293
14 0.5253813708260106 0.7778953084274544 0.6663339191564148 0.06703301476976542
14 0.5283479789103691 0.8284774109470026 0.6793848857644991 0.03621850564726325
14 0.5258277680140597 0.8783166811468288 0.6773075571177505 0.0625781928757602
17 0.5199050966608084 0.6539465682015638 0.41629525483304036 0.03176368375325804
17 0.5044920913884007 0.3807276281494352 0.1600316344463972 0.02422458731537793