27 0.25479789103690687 0.11670366492146597 0.026456942003514936 0.01744502617801047
31 0.5861511423550088 0.11391204188481674 0.19825659050966607 0.019214659685863875
15 0.5878488576449913 0.1407392670157068 0.6829595782073814 0.01567958115183246
15 0.585676625659051 0.15415497382198953 0.6799894551845342 0.01554764397905759
15 0.5868189806678383 0.1773759162303665 0.6850158172231986 0.030125654450261777
15 0.585219683655536 0.2011392670157068 0.6873005272407733 0.01637696335078534
15 0.589103690685413 0.21823036649214658 0.6923268892794376 0.02033089005235602
15 0.5895606326889279 0.2852356020942408 0.6850158172231986 0.03342408376963351
15 0.5907029876977152 0.3245193717277487 0.6845588752196836 0.045815706806282726
15 0.5902460456942004 0.38648795811518327 0.6836449912126538 0.07824502617801048
15 0.5907029876977152 0.4398680628272251 0.6818172231985941 0.029775916230366493
15 0.5909314586994727 0.4623267015706807 0.6795289982425308 0.01587015706806283
15 0.5909314586994727 0.48623036649214657 0.6822741652021089 0.03180942408376963
15 0.5908189806678383 0.5166659685863875 0.6834165202108963 0.029775916230366493
15 0.5920738137082601 0.5396125654450262 0.6845588752196836 0.01602722513089005
15 0.5897891036906854 0.5614722513089005 0.6854727592267136 0.029514136125654452
15 0.5952759226713532 0.5852251308900523 0.6854727592267136 0.019013612565445027
15 0.5918488576449912 0.6408460732984294 0.6758734622144112 0.01669109947643979
15 0.5958453427065027 0.6576649214659686 0.6770158172231986 0.016831413612565446
15 0.596530755711775 0.6725780104712041 0.681128295254833 0.014793717277486912
15 0.5963022847100176 0.6866722513089005 0.6806713532513181 0.016023036649214662
15 0.5984745166959579 0.7013801047120419 0.6781581722319859 0.014391623036649214
15 0.5993884007029877 0.7167015706806282 0.6799859402460456 0.01643979057591623
15 0.5977891036906854 0.7401277486910995 0.6795289982425308 0.03224293193717278
15 0.5973321616871705 0.7638219895287958 0.6813567662565905 0.017541361256544503
15 0.5980175746924429 0.7785989528795811 0.6799859402460456 0.013595811518324608
15 0.5972161687170474 0.7935120418848167 0.6797574692442883 0.018094240837696337
15 0.6053286467486819 0.8512439790575916 0.6891247803163445 0.03551832460732984
17 0.5939191564147628 0.6172062827225131 0.2576731107205624 0.017616753926701572
17 0.5991775043936731 0.8227811518324608 0.2517293497363796 0.01944083769633508
17 0.5870685413005272 0.24744293193717276 0.15346572934973637 0.01911413612565445