31 0.7151001757469244 0.2609234715690466 0.17465729349736378 0.10484395040615647
24 0.29956063268892796 0.25944420692603676 0.35325834797891037 0.04846301838392476
24 0.30811599297012304 0.2964707139803335 0.35896309314586994 0.027112013681060282
24 0.31054130052724077 0.32907225309961524 0.3381441124780316 0.02986746472851646
24 0.30683304042179266 0.36401453612654977 0.3364323374340949 0.03210132535271483
24 0.3069736379613357 0.3958358272766139 0.35668189806678385 0.028095339888841386
24 0.3086854130052724 0.42661607524583156 0.37151142355008787 0.02894399315946986
24 0.20858699472759226 0.4650277896536982 0.19983831282952547 0.031177853783668233
24 0.2948541300527241 0.5038713125267208 0.3467029876977153 0.03254168448054724
24 0.5977398945518453 0.5167870884993587 0.16526537785588752 0.05663958956819153
24 0.294 0.5369923044035914 0.35069244288224954 0.03287088499358701
24 0.30526537785588753 0.5681209918768705 0.35325834797891037 0.02747755451047456
24 0.31082601054481546 0.6028024796921762 0.3558242530755712 0.03439290294997862
24 0.20060456942003516 0.6307097050021376 0.2066854130052724 0.03296494228302694
24 0.22356063268892792 0.6731081658828559 0.18130052724077328 0.039705002137665674
24 0.2212794376098418 0.7177597263787944 0.24518453427065023 0.05441855493800769
8 0.5073286467486818 0.6936447199657974 0.28677328646748684 0.14564129970072678
20 0.5147451669595782 0.47404446344591705 0.26738137082601054 0.028396750748182986
24 0.08837961335676625 0.09367892261650278 0.12770474516695957 0.02742625053441642
24 0.08609841827768014 0.12610731081658827 0.13454833040421793 0.019431380932022232
24 0.08638312829525482 0.15281316802052158 0.1294165202108963 0.017334330910645575
24 0.09551142355008788 0.1754424967935015 0.14766608084358523 0.019228302693458744
24 0.10035852372583479 0.19659897392047884 0.16306502636203868 0.019910218041898246
24 0.8740984182776801 0.11336254809747755 0.107609841827768 0.01995724668661821
24 0.8773778558875219 0.1317443351859769 0.1056133567662566 0.015091919623770841
24 0.8932091388400702 0.15393971782813168 0.08307908611599298 0.02479050876442924
24 0.8849349736379613 0.18003847798204362 0.11787697715289983 0.02668234288157332
24 0.8803725834797891 0.2095168875587858 0.15437961335676625 0.030134672937152628
30 0.475103690685413 0.07408507909362975 0.1938066783831283 0.019459170585720394
28 0.7933919156414763 0.07659897392047883 0.05457644991212654 0.02275331338178709
24 0.6086502636203867 0.25285164600256516 0.18335325131810193 0.05024369388627618
15 0.49412653778558874 0.1984886703719538 0.6247662565905097 0.02902736212056434
15 0.4973813708260105 0.17698589140658402 0.6278488576449912 0.01622915775972638
15 0.5066291739894552 0.15323856348867038 0.6463444639718805 0.027075673364685762
15 0.501493848857645 0.1299615220179564 0.6360702987697715 0.02115220179563916
15 0.5010650263620386 0.10392475416844806 0.6369244288224956 0.031581872595126126