28 0.8318734622144112 0.186603249251817 0.15448154657293497 0.030374091492090638
28 0.811536028119508 0.6319089354424968 0.11741652021089631 0.038657545959811884
28 0.8019718804920914 0.6868768704574605 0.10190158172231986 0.023486532706284736
28 0.8104534270650263 0.7099144933732364 0.0935992970123023 0.021278324070115436
28 0.8032372583479789 0.7593950406156477 0.10803514938488577 0.02585720393330483
28 0.7873567662565906 0.7808978195810176 0.13402108963093146 0.02496793501496366
28 0.7759894551845343 0.8075587858059 0.12211247803163446 0.019027362120564346
28 0.7880808435852373 0.8338884138520735 0.10659402460456942 0.027789653698161606
28 0.8019753954305799 0.8751368106028217 0.08746572934973638 0.040053441641727236
28 0.06833391915641476 0.85495297135528 0.08542355008787346 0.02602180418982471
28 0.051195079086115994 0.8250021376656691 0.061968365553602814 0.020991876870457463
28 0.043796133567662564 0.7957097050021377 0.050783831282952545 0.021667379221889695
28 0.062021089630931454 0.7792518170158188 0.06918453427065027 0.019482684908080375
28 0.06057644991212654 0.764330910645575 0.08073462214411248 0.024758443779392902
28 0.06490685413005272 0.7110111158614792 0.07495957820738136 0.02786019666524156
28 0.057869947275922665 0.653084651560496 0.07171177504393673 0.026137238135955535
28 0.0676133567662566 0.6033860624198375 0.08397891036906854 0.025508764429243266
35 0.4033919156414763 0.11634886703719538 0.20337082601054482 0.025942710560068406
31 0.7079718804920914 0.12194527575887132 0.04742706502636204 0.021769987174005988
17 0.4104323374340949 0.14772552372808892 0.1633145869947276 0.022853783668234286
14 0.40777855887521974 0.17932235998289867 0.6340175746924429 0.03897392047883711
14 0.4085202108963093 0.2034908080376229 0.6325342706502636 0.022368533561351003
14 0.40451318101933215 0.226483539974348 0.6334235500878734 0.026864044463445917
23 0.3104991212653779 0.4052885848653271 0.43945869947275923 0.020064129970072682
14 0.41297012302284714 0.42584865327062843 0.6117715289982425 0.01788798631893972
14 0.41148681898066786 0.4414471996579735 0.614738137082601 0.01842026507054297
14 0.4154903339191564 0.4570500213766567 0.6138453427065027 0.011737922188969645
14 0.40940949033391916 0.4688606241983754 0.6165166959578208 0.015519452757588712
14 0.41059402460456945 0.486626763574177 0.6188892794376099 0.013163745190252244
14 0.4100035149384886 0.5016844805472425 0.6058383128295255 0.01622060709705002
14 0.405701230228471 0.5179157759726378 0.6120667838312829 0.012605814450619923
14 0.4082249560632689 0.5326143651132963 0.6022811950790862 0.014942283026934589
14 0.41059402460456945 0.5515498076100898 0.6188892794376099 0.02033988884138521
14 0.41296660808435853 0.6200277896536981 0.623634446397188 0.04725096194955109
14 0.4005096660808436 0.6742197520307824 0.6105869947275923 0.060025651988029075
14 0.40288224956063273 0.7164279606669517 0.6271950790861159 0.021765711842667804
14 0.3985834797891037 0.7631402308678922 0.6096977152899824 0.022097050021376657
14 0.39606326889279436 0.781985891406584 0.6076203866432338 0.017578024796921762
14 0.39739543057996485 0.8041663103890552 0.6191880492091388 0.02947199657973493
14 0.4019929701230229 0.8331124412141941 0.6194833040421793 0.02783240701154339
14 0.4169736379613357 0.8780141085934161 0.5990158172231986 0.0635143223599829
7 0.4064428822495606 0.27476485677640017 0.6343128295254833 0.03502992731936725
17 0.4111880492091388 0.3170585720393331 0.6319402460456942 0.03121846943138093
17 0.40466432337434094 0.365119709277469 0.5951634446397188 0.038946130825138946
17 0.4116485061511424 0.5804574604531851 0.22054833040421795 0.022229585292860194
17 0.3982144112478032 0.7424283882000855 0.21528998242530756 0.019841812740487387
28 0.8237328646748682 0.21327276613937582 0.12761687170474517 0.02192176143651133