28 0.4615360281195079 0.10760071620411817 0.19030579964850614 0.02244404655326768
21 0.15305448154657295 0.10646598030438675 0.03811247803163445 0.02017681289167413
20 0.1003444639718805 0.1290734109221128 0.08558523725834798 0.021942703670546106
20 0.09737434094903338 0.14779543419874666 0.08902636203866432 0.015572963294538944
20 0.10081195079086117 0.16233661593554163 0.080896309314587 0.01597582811101164
20 0.09924780316344464 0.17578111011638317 0.0815219683655536 0.015380483437779768
20 0.09737434094903338 0.1918173679498657 0.08527592267135325 0.017576096687555953
20 0.0983128295254833 0.20695389435989256 0.08339894551845344 0.01678379588182632
20 0.09846748681898067 0.22338854073410921 0.08558523725834798 0.01738585496866607
20 0.09690333919156414 0.24131378692927485 0.08246045694200352 0.017390331244404655
20 0.09533919156414764 0.26969785138764546 0.08308611599297012 0.01799686660698299
20 0.09440070298769772 0.28682855863921214 0.07745518453427065 0.014017457475380484
20 0.0934622144112478 0.30176812891674126 0.08684007029876978 0.01760743061772605
20 0.09768717047451671 0.31929722470904204 0.08214762741652021 0.01681512981199642
20 0.09815465729349736 0.35106759176365265 0.08120913884007029 0.017023276633840644
20 0.09659050966608085 0.3696911369740376 0.08558875219683655 0.017226947179946283
20 0.09706151142355009 0.38701880035810204 0.08840070298769771 0.016036257833482545
20 0.09909314586994729 0.40275514771709936 0.0868365553602812 0.014048791405550582
20 0.09565202108963093 0.4183907788719785 0.08746221441124781 0.01544762757385855
20 0.09424604569420035 0.43512309758281115 0.08652724077328647 0.01784243509400179
20 0.8493848857644991 0.4390085049239033 0.11612302284710017 0.033977170993733215
20 0.8396906854130053 0.4141092211280215 0.09298066783831282 0.024807520143240825
20 0.848133567662566 0.38821620411817365 0.11362390158172232 0.020816920322291856
20 0.851261862917399 0.3732766338406446 0.10861862917398944 0.017226947179946283
20 0.8450087873462215 0.3511660698299015 0.09235500878734622 0.025588630259623994
20 0.8484463971880492 0.3210899731423456 0.10674165202108964 0.027571620411817366
20 0.8228014059753954 0.3014682184422561 0.05545518453427065 0.013424350940017904
20 0.8609560632688928 0.28842211280214863 0.13176098418277682 0.017204565801253357
20 0.8546994727592266 0.27228737690241717 0.12300527240773286 0.018395255147717098
20 0.8465694200351493 0.2520702775290958 0.118 0.019785138764547898
20 0.8590790861159929 0.22468218442256044 0.12050263620386642 0.0163898836168308
20 0.8489173989455184 0.20844897045658012 0.10580316344463972 0.016186213070725156
20 0.8534516695957821 0.19311101163831693 0.11674868189806678 0.016582363473589976
20 0.8515746924428823 0.17817144136078783 0.12050263620386642 0.017773052820053713
20 0.8256168717047452 0.1629341987466428 0.061082601054481545 0.017170993733213964
20 0.8224885764499121 0.14630259623992836 0.05482952548330405 0.01617054610564011
20 0.8495395430579965 0.1242927484333035 0.12582073813708258 0.030705013428827217
20 0.09471353251318101 0.6992054610564011 0.08933919156414763 0.020223813786929275
20 0.09909314586994729 0.7291830796777081 0.10560281195079085 0.027204565801253355
20 0.09690333919156414 0.757867054610564 0.09371880492091388 0.021633840644583707
20 0.1003444639718805 0.7813697403760071 0.09309314586994728 0.020843777976723366
20 0.09706151142355009 0.8032811101163831 0.09215465729349737 0.01686436884512086
20 0.09721616871704744 0.8216047448522829 0.0943444639718805 0.017667860340196954
20 0.09909314586994729 0.8397314234556849 0.0943444639718805 0.01807072515666965
20 0.1003444639718805 0.8561638316920323 0.09684710017574691 0.0186727842435094
20 0.8551704745166959 0.8574597135183527 0.125817223198594 0.024847806624888093
20 0.8564217926186292 0.8363451208594449 0.11330755711775044 0.018466875559534468
20 0.8314024604569421 0.8208079677708147 0.05576449912126538 0.01607430617726052
20 0.8332794376098418 0.8068666069829902 0.05576449912126538 0.014476275738585499
20 0.8520421792618629 0.7855528200537153 0.10830579964850615 0.026819606087735003
20 0.8500105448154658 0.7631445837063563 0.11362038664323375 0.021434646374216652
20 0.851261862917399 0.7408348254252463 0.11612302284710017 0.022226947179946284
20 0.8601722319859403 0.7112555953446732 0.13957820738137083 0.028791405550581912
10 0.4631142355008787 0.12927260519247985 0.6422319859402461 0.01915398388540734
10 0.4656168717047452 0.14420993733213966 0.65098769771529 0.015572963294538944
10 0.46405272407732867 0.15914950760966876 0.6478594024604569 0.016770367054610564
10 0.4629595782073813 0.17548343777976722 0.6513005272407733 0.015978066248880932
10 0.46233391915641475 0.19261414503133392 0.6500492091388401 0.01916965085049239
10 0.4629595782073813 0.20695389435989256 0.6475465729349736 0.014393464637421666
10 0.4629595782073813 0.22149507609668756 0.655054481546573 0.01957699194270367
10 0.4624885764499121 0.24579677708146822 0.6522390158172232 0.03233213965980305
10 0.46405272407732867 0.26890107430617727 0.6553673110720563 0.018793643688451208
10 0.46327240773286466 0.28493733213965977 0.6556801405975395 0.016208594449418086
10 0.463585237258348 0.29997538048343775 0.6525518453427065 0.014021933751119068
10 0.46202108963093147 0.31620859444941807 0.6494235500878734 0.016613697403760074
10 0.4656168717047452 0.3535564010743062 0.65098769771529 0.018417636526410028
10 0.46061159929701234 0.3682967770814682 0.6559929701230228 0.016828558639212177
10 0.4615500878734622 0.3868218442256043 0.6503620386643234 0.018028200537153087
10 0.46467838312829524 0.4009623992837959 0.6528646748681899 0.01524395702775291
10 0.46202108963093147 0.41689794091316024 0.6494235500878734 0.013654879140555057
10 0.4659297012302284 0.43343106535362574 0.6516133567662565 0.018041629364368844
10 0.404323374340949 0.4482699194270367 0.5359050966608084 0.013066248880931067
10 0.35146924428822496 0.46410474485228287 0.43770826010544817 0.014863473589973142
10 0.26406326889279436 0.4792435094001791 0.2610158172231986 0.014068934646374216
10 0.35303690685413003 0.5525268576544315 0.4033040421792619 0.012464189794091316
10 0.3029982425307557 0.5681647269471799 0.31449209138840073 0.01625335720680394
10 0.4699964850615115 0.5848970456580126 0.6409806678383128 0.018648164726947178
10 0.46952548330404215 0.6007139659803044 0.6456695957820738 0.015631154879140557
10 0.47062214411247805 0.6260138764547897 0.6422319859402461 0.030378245299910473
10 0.4693708260105448 0.6459310653536258 0.65098769771529 0.016837511190689346
10 0.4704639718804921 0.6616674127126231 0.6437926186291739 0.01803715308863026
10 0.47202811950790863 0.7046911369740376 0.6431669595782074 0.03717099373321397
10 0.4715606326889279 0.7369606087735004 0.6366010544815466 0.03478961504028648
10 0.4660878734622144 0.7602641002685766 0.6462952548330404 0.014478513876454789
10 0.46514938488576446 0.783769024171889 0.6444217926186292 0.032811101163831694
10 0.4643655536028119 0.8062757385854968 0.6484850615114236 0.015687108325872876
10 0.4643655536028119 0.821414503133393 0.6447346221441125 0.017285138764547896
10 0.4654622144112478 0.8376410026857655 0.6487978910369069 0.017473142345568484
10 0.4670263620386643 0.8640331244404655 0.6444217926186292 0.03560653536257834
6 0.46563444639718804 0.6798836168307967 0.21188400702987695 0.017428379588182632
9 0.16054833040421793 0.5353737690241719 0.05398945518453427 0.021175022381378694
6 0.46375043936731103 0.4974283795881827 0.3582530755711775 0.022956580125335718
9 0.4504639718804921 0.5221284691136974 0.25473462214411247 0.024556848701880036
6 0.4661019332161687 0.3372157564905998 0.23721616871704745 0.016803939122649957