15 0.6268506151142356 0.15187880104257168 0.5521546572934974 0.05025629887054735
15 0.6282601054481547 0.19841007819287576 0.5549701230228471 0.04157037358818418
15 0.6242144112478032 0.2360273675065161 0.54898769771529 0.03853605560382276
15 0.6293145869947276 0.27549304952215464 0.5655219683655537 0.04050390964378801
15 0.6261476274165202 0.30984578627280623 0.5591915641476275 0.02833840139009557
15 0.6236871704745167 0.33615551694178974 0.5542671353251318 0.020951346655082536
15 0.6254446397188049 0.3546372719374457 0.5493391915641476 0.013564291920069506
15 0.6254446397188049 0.3683362293657689 0.5493391915641476 0.012263249348392702
15 0.6280843585237259 0.38692875760208517 0.5482847100175746 0.027271937445699394
15 0.6247416520210897 0.41454387489139877 0.5521546572934974 0.0277128583840139
15 0.6252688927943761 0.44020199826238054 0.5511001757469245 0.026850564726324935
15 0.6264991212653779 0.46640312771503045 0.5598945518453428 0.025771068635968723
15 0.6256203866432338 0.5052172024326672 0.55602460456942 0.04991746307558644
15 0.6229806678383129 0.5378323197219809 0.5528576449912127 0.013397046046915726
15 0.6240386643233744 0.5513119026933101 0.5549701230228471 0.011661598609904431
15 0.6261476274165202 0.5704474370112945 0.5591915641476275 0.023842311033883578
15 0.6235114235500879 0.5890377932232841 0.5518031634446398 0.012758470894874023
15 0.6240386643233744 0.6088271068635969 0.5591915641476275 0.026244569939183317
15 0.6250931458699474 0.6399218071242397 0.557079086115993 0.0388640312771503
15 0.6242144112478032 0.6871068635968723 0.5574305799648507 0.054967419635099914
15 0.6286115992970124 0.7338553431798436 0.5598945518453428 0.038890095569070374
31 0.6331985940246045 0.11332536924413554 0.14265377855887523 0.021413987836663772
27 0.36424956063268893 0.1100629887054735 0.02484007029876977 0.017499999999999998