6 0.2581678082191781 0.2518505338078292 0.48208904109589046 0.43434163701067613
9 0.24893835616438356 0.46080664294187423 0.28977739726027396 0.018244365361803086
9 0.7501369863013698 0.4626334519572954 0.30953767123287673 0.018244365361803086
6 0.7435445205479453 0.2536773428232503 0.48340753424657534 0.4361684460260973
17 0.4952568493150685 0.5401897983392645 0.6875684931506849 0.05839857651245551
2 0.09352739726027397 0.6040688018979834 0.02897260273972603 0.025551601423487544
21 0.34707191780821917 0.6387425860023725 0.5571575342465753 0.10037959667852907
21 0.34970890410958905 0.7204151838671411 0.5597945205479452 0.05931198102016608
21 0.20679794520547945 0.7724199288256227 0.2660616438356164 0.024638196915776987
21 0.21008561643835616 0.8340213523131673 0.26738013698630136 0.09855278766310795
15 0.21075342465753424 0.9097508896797153 0.26080479452054794 0.04744958481613286
15 0.4906506849315069 0.7829181494661922 0.26476027397260277 0.04927639383155397
15 0.49393835616438353 0.8408659549228944 0.2713356164383562 0.05565836298932385
15 0.4932876712328767 0.9024555160142349 0.2621232876712329 0.05474495848161329
17 0.7791095890410958 0.6022419928825623 0.1725513698630137 0.018244365361803086
15 0.7758219178082192 0.6697746144721234 0.24236301369863011 0.06752075919335707
15 0.7797602739726027 0.7692289442467379 0.24763698630136988 0.08029655990510083
15 0.7797602739726027 0.8655041518386715 0.24763698630136988 0.07026097271648872
30 0.9154452054794521 0.9188849347568209 0.02897260273972603 0.03467378410438909
27 0.07046232876712329 0.9768208778173192 0.035565068493150685 0.015516014234875445