13 0.2777777777777778 0.1482213438735178 0.4 0.08827404479578392
16 0.24722222222222223 0.2160737812911726 0.35 0.03162055335968379
16 0.24166666666666667 0.5619235836627141 0.3314814814814815 0.03293807641633729
16 0.575925925925926 0.45849802371541504 0.15185185185185185 0.034255599472990776
20 0.2722222222222222 0.38998682476943347 0.3962962962962963 0.2898550724637681
20 0.2759259259259259 0.6245059288537549 0.3888888888888889 0.06324110671936758
20 0.6990740740740741 0.5744400527009222 0.40555555555555556 0.16600790513833993
13 0.6962962962962963 0.26877470355731226 0.40370370370370373 0.32674571805006586
7 0.4703703703703704 0.813570487483531 0.8518518518518519 0.28326745718050067
9 0.7888888888888889 0.852437417654809 0.13703703703703704 0.14492753623188406
9 0.8787037037037037 0.97167325428195 0.04259259259259259 0.019762845849802372