20 0.8619582664526485 0.7361111111111112 0.21187800963081863 0.13131313131313133
20 0.8643659711075441 0.8945707070707071 0.21348314606741572 0.10479797979797979
20 0.16452648475120385 0.5246212121212122 0.21348314606741572 0.054292929292929296
20 0.8619582664526485 0.5713383838383839 0.21508828250401285 0.06691919191919192
20 0.1653290529695024 0.9191919191919192 0.21508828250401285 0.05303030303030303
20 0.8629373996789728 0.6286489898989899 0.21187800963081863 0.02904040404040404
20 0.16452648475120385 0.6761363636363636 0.21348314606741572 0.2159090909090909
16 0.49919743178170145 0.432449494949495 0.6581059390048154 0.05176767676767677
20 0.16452648475120385 0.8080808080808081 0.21348314606741572 0.03282828282828283
20 0.16452648475120385 0.8491161616161617 0.21348314606741572 0.03156565656565657
7 0.514446227929374 0.1351010101010101 0.2841091492776886 0.20959595959595959
7 0.20545746388443017 0.22095959595959597 0.17014446227929375 0.20707070707070707
20 0.15248796147672553 0.8806818181818182 0.18940609951845908 0.01893939393939394
16 0.14847512038523275 0.48547979797979796 0.18138041733547353 0.01893939393939394
20 0.8499197431781701 0.6598611111111111 0.18780096308186195 0.017676767676767676
20 0.8434991974317817 0.5271464646464646 0.1781701444622793 0.01893939393939394
13 0.39646869983948635 0.4936868686868687 0.21508828250401285 0.027777777777777776
20 0.8619582664526485 0.8251262626262627 0.21508828250401285 0.02904040404040404
18 0.6276083467094703 0.5277777777777778 0.21508828250401285 0.03282828282828283
18 0.8587479935794543 0.4943181818181818 0.21187800963081863 0.03409090909090909
7 0.8306581059390048 0.22032828282828282 0.17495987158908508 0.21085858585858586
7 0.5139486356340289 0.3288383838383838 0.3287479935794543 0.11241161616161616
18 0.39520064205457467 0.5284343434343434 0.2183948635634029 0.03222222222222222
18 0.6303852327447833 0.49838383838383843 0.21887640449438203 0.029532828282828282
0 0.516083467094703 0.7628787878787879 0.44555377207062596 0.3610858585858586
30 0.11357945425361156 0.9587752525252525 0.117223113964687 0.018472222222222223