0 0.5052100840336134 0.47600950118764845 0.989579831932773 0.927125890736342
16 0.4294117647058823 0.047505938242280284 0.6840336134453782 0.06175771971496437
20 0.7470588235294118 0.6395486935866983 0.4957983193277311 0.039192399049881234
20 0.7487394957983193 0.5742280285035629 0.4991596638655462 0.03681710213776722
20 0.6327731092436975 0.45724465558194777 0.2571428571428571 0.047505938242280284
20 0.8932773109243698 0.4649643705463183 0.21008403361344538 0.03681710213776722
28 0.09618487394957982 0.9511401425178148 0.07524369747899161 0.01859857482185273
30 0.2871260504201681 0.9525771971496437 0.2737647058823529 0.017161520190023753
7 0.8961008403361344 0.17040380047505937 0.1963529411764706 0.2955581947743468
7 0.5628067226890756 0.18877672209026128 0.3893109243697479 0.1863895486935867
7 0.27183361344537815 0.4956009501187648 0.38562016806722693 0.8078028503562945
7 0.06151260504201681 0.7467339667458432 0.03500840336134454 0.05019002375296912
12 0.26954621848739496 0.6511045130641331 0.33579831932773113 0.2932779097387173
20 0.634436974789916 0.3442874109263658 0.26294117647058823 0.07275534441805226
16 0.6486554621848739 0.2958907363420427 0.2337310924369748 0.021104513064133017
20 0.8923361344537816 0.3910570071258907 0.2153109243697479 0.0642517814726841
16 0.8932268907563026 0.33960807600950116 0.21352941176470588 0.03362232779097387
16 0.612235294117647 0.5452019002375297 0.22038655462184872 0.020914489311163895
16 0.6589915966386555 0.6088361045130641 0.316453781512605 0.02393111638954869
16 0.6712605042016806 0.672624703087886 0.33843697478991597 0.025439429928741094
20 0.6340504201680672 0.39976247030878864 0.2634453781512605 0.03732779097387173
20 0.6101680672268908 0.4252375296912114 0.2111764705882353 0.013847980997624703
20 0.6325546218487395 0.5160570071258908 0.26045378151260506 0.01179334916864608
20 0.5974621848739496 0.5035154394299287 0.1902689075630252 0.013634204275534443
20 0.5879495798319327 0.489916864608076 0.16899159663865546 0.01336104513064133
20 0.8940168067226891 0.4344774346793349 0.21194957983193277 0.022826603325415674
20 0.8923361344537816 0.5177672209026128 0.2153109243697479 0.013646080760095013
20 0.8825714285714286 0.5054988123515439 0.1935294117647059 0.012838479809976247
20 0.8687563025210083 0.4913776722090261 0.16589915966386554 0.014679334916864607
19 0.5163361344537816 0.9218883610451306 0.9673277310924369 0.03194774346793349
19 0.7334285714285714 0.8073990498812352 0.5331428571428571 0.19885985748218526