20 0.1610738255033557 0.7773159144893111 0.2348993288590604 0.09619952494061758
20 0.16023489932885907 0.8657957244655582 0.2332214765100671 0.07838479809976247
20 0.6426174496644296 0.8669833729216152 0.23154362416107382 0.13539192399049882
13 0.6434563758389261 0.767814726840855 0.22986577181208054 0.06294536817102138
20 0.8800335570469798 0.8628266033254157 0.2332214765100671 0.14845605700712589
20 0.40184563758389263 0.8640142517814727 0.2332214765100671 0.043942992874109264
13 0.8817114093959731 0.7494061757719715 0.22986577181208054 0.026128266033254157
20 0.1593959731543624 0.918646080760095 0.23154362416107382 0.02494061757719715
20 0.401006711409396 0.922209026128266 0.23154362416107382 0.02494061757719715
20 0.401006711409396 0.8331353919239906 0.23154362416107382 0.022565320665083134
20 0.401006711409396 0.8966745843230404 0.23154362416107382 0.023752969121140142
20 0.4029530201342282 0.790855106888361 0.23263422818791948 0.019453681710213777
20 0.40184563758389263 0.7695961995249406 0.2332214765100671 0.023752969121140142
16 0.8833892617449665 0.7773159144893111 0.2063758389261745 0.020190023752969122
20 0.40184563758389263 0.8111638954869359 0.2332214765100671 0.023752969121140142
10 0.8221476510067114 0.7125890736342043 0.3523489932885906 0.026128266033254157
20 0.4035234899328859 0.7446555819477435 0.2332214765100671 0.026128266033254157
30 0.2666946308724832 0.9447030878859858 0.2619295302013423 0.019263657957244655
7 0.528271812080537 0.4573040380047506 0.943456375838926 0.5422327790973872
28 0.07634228187919463 0.9439667458432305 0.07343959731543624 0.018705463182897862
16 0.5233053691275168 0.10732779097387174 0.9533892617449665 0.1585748218527316
2 0.065 0.7472565320665083 0.036778523489932886 0.027102137767220903
8 0.701744966442953 0.946935866983373 0.5965100671140939 0.029441805225653206