20 0.8956955530216647 0.27494558645707373 0.17429304446978333 0.14510278113663846
20 0.5305017103762828 0.11930673115679162 0.17274800456100342 0.0886739218057235
16 0.2539908779931585 0.08645707376058041 0.35746864310148235 0.06086255542120113
20 0.2539908779931585 0.13945989520354696 0.35746864310148235 0.03788794840790004
20 0.5307867730900798 0.19991938734381298 0.17217787913340935 0.07496977025392987
20 0.3449258836944128 0.4276501410721483 0.17217787913340935 0.051592099959693674
20 0.16245724059293043 0.4165659008464329 0.17326111744583808 0.10113260781942765
20 0.34549600912200684 0.37222893994357115 0.17103762827822122 0.0592503022974607
16 0.16248574686431014 0.3041112454655381 0.11972633979475485 0.04796453043127771
13 0.7143671607753705 0.12353889560661024 0.1733181299885975 0.032648125755743655
20 0.16270239452679588 0.5321604191858121 0.173751425313569 0.13163240628778716
16 0.3446408209806157 0.23941958887545345 0.17388825541619157 0.05723498589278517
20 0.16115735461801597 0.21865376864167674 0.17597491448118588 0.11162837565497782
20 0.8955986316989738 0.38129786376461106 0.17432155074116304 0.06690850463522773
20 0.3443557582668187 0.5288190245868601 0.17217787913340935 0.10237807335751713
20 0.161345496009122 0.3488311164852882 0.17445838084378562 0.037448609431680775
20 0.8959521094640821 0.1497380088673922 0.17160775370581527 0.05280128980249899
7 0.8021664766248575 0.662031438935913 0.3409350057012543 0.13905683192261184
20 0.34549600912200684 0.2893994357114067 0.17103762827822122 0.03143893591293833
20 0.3449258836944128 0.324465941152761 0.17217787913340935 0.037081821846029824
20 0.7129418472063854 0.30733575171301897 0.17274800456100342 0.17372027408303103
16 0.7157924743443558 0.06469165659008465 0.5353477765108324 0.07053607416364369
20 0.7123717217787914 0.4101168883514712 0.17274800456100342 0.032648125755743655
6 0.3413683010262258 0.8007456670697299 0.5424287343215507 0.3985086658605401
20 0.3449258836944128 0.4655380894800484 0.17103762827822122 0.023377670294236194
20 0.5282212086659065 0.5854494155582426 0.17274800456100342 0.0237807335751713
16 0.6964082098061574 0.15497783151954858 0.13740022805017105 0.0237807335751713
20 0.8033067274800456 0.5523982265215639 0.33979475484606614 0.0761789600967352
16 0.5216647662485747 0.2523176138653769 0.15507411630558723 0.023377670294236194
13 0.5282212086659065 0.5366787585650947 0.17274800456100342 0.07376058041112454
16 0.8685860889395667 0.19044740024183796 0.11573546180159636 0.024586860137041516
20 0.5302166476624858 0.3089480048367594 0.17217787913340935 0.08827085852478839
13 0.346636259977195 0.17452640064490124 0.1733181299885975 0.026602176541717048
13 0.8968072976054732 0.1154776299879081 0.17217787913340935 0.01652559451833938
20 0.529332953249715 0.3719911326078194 0.17160775370581527 0.03869407496977025
20 0.7137970353477765 0.19447803305118905 0.17217787913340935 0.05280128980249899
16 0.2545724059293044 0.041112454655380895 0.35710946408209804 0.020802095929060863
30 0.14423603192702394 0.017505038291011688 0.06848346636259978 0.012704554615074566
20 0.3460661345496009 0.5882708585247884 0.17217787913340935 0.015719467956469165
21 0.935860889395667 0.420596533655784 0.08722919042189281 0.013301088270858524
14 0.22037058152793612 0.01769850866586054 0.07206385404789054 0.013135832325675133
28 0.09184720638540479 0.01731559854897219 0.028403648802736603 0.012370012091898428
19 0.37213226909920183 0.19331318016928659 0.11983466362599772 0.009665457476823862
21 0.4121664766248575 0.5917049576783555 0.03539338654503991 0.009532446594115276
33 0.5277936145952109 0.4444981862152358 0.16310718358038767 0.09731559854897219
34 0.5305872291904219 0.4258041112454656 0.13947548460661344 0.054381297863764604
20 0.8026795895096922 0.49044740024183797 0.3407639680729761 0.0500080612656187
16 0.8036259977194983 0.4554977831519548 0.33777651083238314 0.016960902861749293
20 0.8018643101482327 0.750677146311971 0.34239452679589505 0.033821039903264814
20 0.8034891676168757 0.8130874647319629 0.3456499429874572 0.09184602982668279
20 0.8013226909920182 0.874615074566707 0.3445610034207526 0.03179363160016122
25 0.8021322690992019 0.9225151148730352 0.3429361459521095 0.025106811769447804
20 0.8026795895096922 0.8943853284965739 0.34401938426453815 0.009149536477226924
21 0.9335347776510833 0.903409915356711 0.07470353477765108 0.008774687625957275
2 0.09064994298745724 0.1349012494961709 0.02329532497149373 0.025082627972591694
2 0.08647662485746865 0.34078597339782346 0.023494868871151653 0.01968561064087062
10 0.6846750285062714 0.7201571946795647 0.1081527936145952 0.020665054413542928