17 0.35729374999999997 0.03325942350332594 0.21458125 0.03843458980044346
17 0.83229375 0.031042128603104215 0.25208125 0.03547671840354767
17 0.09791875 0.058758314855875834 0.15625 0.022913525498891352
17 0.684375 0.05949889135254988 0.3125 0.019955654101995565
17 0.61926875 0.22247006651884702 0.18645625 0.014780487804878048
17 0.62551875 0.31929046563192903 0.19895625 0.016261640798226167
17 0.6203125 0.400589800443459 0.178125 0.010345898004434589
17 0.359375 0.5373259423503326 0.21875 0.031042128603104215
17 0.10520625 0.5609756097560976 0.16666875 0.023649667405764966
17 0.12916875 0.5901685144124168 0.2125 0.014044345898004436
17 0.10208125000000001 0.706949002217295 0.15416875 0.012563192904656318
17 0.11926875 0.7941596452328159 0.20104375000000002 0.012563192904656318
17 0.11926875 0.8540266075388027 0.18229375 0.014044345898004436
17 0.79166875 0.5328913525498892 0.36041874999999995 0.032518847006651884
17 0.62551875 0.5620842572062085 0.18645625 0.021432372505543237
17 0.596875 0.8351796008869179 0.13125 0.016261640798226167
23 0.2421875 0.18699334811529933 0.43854374999999995 0.20842572062084258
23 0.74375 0.1415388026607539 0.43333125 0.12342793791574279
23 0.7416687500000001 0.2638580931263858 0.425 0.06504212860310421
23 0.7427062499999999 0.35365853658536583 0.43333125 0.05247450110864745
23 0.74375 0.43458980044345896 0.43125 0.05469179600886918
23 0.2265625 0.6308203991130821 0.40520625000000005 0.06577827050997784
23 0.22708124999999998 0.6781241685144125 0.4125 0.027348115299334813
23 0.22604375000000002 0.7342926829268293 0.41041875 0.03917073170731707
23 0.21354375 0.768660753880266 0.38958125000000005 0.028084257206208427
23 0.22395625 0.8226164079822617 0.39791875 0.041388026607538805
23 0.24166875000000002 0.8972638580931264 0.43125 0.06799556541019956
23 0.7234375 0.5960842572062085 0.39270625000000003 0.025866962305986695
23 0.82551875 0.665929046563193 0.246875 0.08573392461197339
23 0.74114375 0.7749445676274944 0.41979374999999997 0.08351662971175167
23 0.74375 0.8968957871396895 0.43333125 0.11160532150776052
6 0.2078125 0.37915742793791574 0.37395625000000005 0.1670376940133038
6 0.29791875 0.9113082039911308 0.02916875 0.023649667405764966
6 0.6958312499999999 0.8425720620842572 0.03958125 0.028084257206208427
6 0.85573125 0.7590554323725056 0.04270625 0.02956541019955654
6 0.60885625 0.6722084257206208 0.159375 0.11751662971175167
35 0.7359375 0.9826297117516629 0.271875 0.016997782705099777
35 0.24010625000000002 0.9841108647450111 0.26354375 0.016997782705099777
35 0.2359375 0.4830022172949002 0.265625 0.015521064301552107
35 0.7401062500000001 0.4804124168514412 0.265625 0.011827050997782706