20 0.15755627009646303 0.49752781211372066 0.21221864951768488 0.1668726823238566
20 0.15755627009646303 0.6545117428924598 0.2090032154340836 0.14709517923362175
20 0.15755627009646303 0.3677379480840544 0.21221864951768488 0.09270704573547589
20 0.159967845659164 0.7731767614338689 0.21061093247588425 0.08776266996291718
18 0.39361736334405145 0.41553770086526576 0.2191800643086817 0.07870210135970333
20 0.8593247588424437 0.3658838071693449 0.21061093247588425 0.069221260815822
20 0.159967845659164 0.8516687268232386 0.21382636655948553 0.06674907292954264
20 0.6262057877813505 0.4752781211372064 0.21382636655948553 0.06056860321384425
7 0.6355627009646302 0.7261310259579729 0.6891318327974276 0.4188875154511743
20 0.16012861736334405 0.9073671199011124 0.21545016077170417 0.04711990111248455
13 0.8593247588424437 0.3127317676143387 0.21061093247588425 0.037082818294190356
20 0.8617363344051447 0.453646477132262 0.2090032154340836 0.10630407911001236
20 0.39308681672025725 0.49505562422744126 0.21061093247588425 0.023485784919653894
13 0.6262057877813505 0.3677379480840544 0.21382636655948553 0.14956736711990112
16 0.39308681672025725 0.46971569839307786 0.15594855305466238 0.027194066749072928
16 0.15548231511254018 0.3058220024721879 0.07819935691318328 0.023263288009888753
2 0.06993569131832797 0.33930778739184175 0.03054662379421222 0.03584672435105068
7 0.5082797427652733 0.0634116192830655 0.9158038585209003 0.11940667490729295
18 0.39442122186495177 0.3483683559950556 0.21651125401929258 0.05562422744128554
16 0.8429742765273313 0.23155747836835602 0.2508038585209003 0.037082818294190356
7 0.13469453376205787 0.18346106304079107 0.18471061093247587 0.12380716934487021
16 0.4832154340836013 0.18325092707045734 0.46053054662379417 0.12587144622991348
12 0.35680064308681675 0.09441285537700865 0.05336012861736334 0.029777503090234858
12 0.5287942122186495 0.10100123609394313 0.06937299035369775 0.023189122373300373
12 0.6568488745980707 0.09976514215080345 0.048971061093247586 0.02566131025957973
12 0.8205466237942122 0.10719406674907293 0.05159163987138264 0.030605686032138445
10 0.8918327974276528 0.923831891223733 0.157443729903537 0.017490729295426454
28 0.07832797427652732 0.9359579728059333 0.05305466237942122 0.012286773794808406
28 0.14138263665594855 0.9355500618046971 0.056961414790996784 0.013114956736711989
13 0.3942282958199357 0.3082323856613103 0.21877813504823154 0.025203955500618047