20 0.8255372945638433 0.6456628477905073 0.3034134007585335 0.21112929623567922
20 0.1820480404551201 0.31382978723404253 0.29835651074589126 0.12520458265139117
20 0.18268015170670038 0.5564648117839607 0.2996207332490518 0.09656301145662848
20 0.18141592920353983 0.2074468085106383 0.2996207332490518 0.08756137479541735
7 0.1820480404551201 0.6833060556464812 0.3084702907711757 0.13584288052373159
7 0.8230088495575221 0.3596563011456628 0.29835651074589126 0.12029459901800327
7 0.18141592920353983 0.44271685761047463 0.2945638432364096 0.1260229132569558
20 0.8230088495575221 0.265139116202946 0.3034134007585335 0.06873977086743044
20 0.5025284450063211 0.41816693944353517 0.30467762326169406 0.08019639934533551
20 0.5018963337547409 0.2229950900163666 0.3084702907711757 0.08919803600654665
20 0.8255372945638433 0.8375613747954174 0.3059418457648546 0.1104746317512275
20 0.8230088495575221 0.2074468085106383 0.3059418457648546 0.04828150572831424
20 0.8249051833122629 0.4815875613747954 0.30467762326169406 0.07774140752864157
20 0.5018963337547409 0.3518821603927987 0.3084702907711757 0.049099836333878884
20 0.5018963337547409 0.309328968903437 0.3084702907711757 0.03927986906710311
18 0.1820480404551201 0.8514729950900164 0.3034134007585335 0.023731587561374796
16 0.5025284450063211 0.16898527004909983 0.1504424778761062 0.01718494271685761
10 0.18309734513274337 0.48812602291325696 0.19680151706700377 0.030286415711947626
16 0.5018963337547409 0.2806873977086743 0.17446270543615677 0.016366612111292964
13 0.8249051833122629 0.4328968903436989 0.30467762326169406 0.022913256955810146
16 0.8261694058154235 0.7680032733224222 0.22123893805309736 0.02536824877250409
16 0.8230088495575221 0.5323240589198036 0.2857142857142857 0.013911620294599018
18 0.1820480404551201 0.7958265139116203 0.3034134007585335 0.040098199672667756
18 0.18141592920353983 0.8760229132569558 0.30467762326169406 0.02536824877250409
13 0.18268015170670038 0.7643207855973814 0.2996207332490518 0.022913256955810146
16 0.5036662452591656 0.12049918166939444 0.8834386852085967 0.04459901800327332
28 0.06510745891276865 0.9005728314238952 0.06447534766118837 0.015548281505728314
18 0.18141592920353983 0.8285597381342062 0.30214917825537296 0.0220949263502455
30 0.25538558786346394 0.9026923076923076 0.25686472819216183 0.018682487725040914
1 0.503716814159292 0.9896317512274958 0.08666245259165613 0.020728314238952536
2 0.05001264222503161 0.17821603927986907 0.02745891276864728 0.0247708674304419
16 0.8265486725663717 0.1696972176759411 0.2708849557522124 0.015466448445171848
10 0.09366624525916561 0.7267103109656301 0.053552465233881165 0.016563011456628477
10 0.2479898862199747 0.7430769230769231 0.05243994943109987 0.016571194762684125
10 0.8273198482932996 0.41110474631751226 0.048027812895069535 0.013420621931260228
20 0.18844500632111252 0.609885433715221 0.29367888748419724 0.014099836333878887
6 0.5039190897597977 0.8288788870703764 0.2925031605562579 0.11657119476268411
0 0.5007206068268015 0.682430441898527 0.30214917825537296 0.4247135842880524