23 0.49867236467236464 0.6838221153846153 0.1787977207977208 0.08052884615384616
6 0.21467236467236467 0.5518790064102564 0.3747350427350427 0.19827323717948717
23 0.30999430199430195 0.29619391025641023 0.17837037037037037 0.13496394230769232
23 0.49962962962962965 0.5702964743589743 0.17935042735042733 0.14958333333333335
23 0.4985071225071225 0.4531891025641026 0.17801139601139604 0.08013221153846153
23 0.11520797720797721 0.8762259615384616 0.17895726495726497 0.15244791666666666
6 0.8892592592592593 0.2031650641025641 0.19 0.1807051282051282
23 0.6932079772079772 0.698125 0.17913390313390312 0.050068108974358976
23 0.6923361823361823 0.6451482371794872 0.1790997150997151 0.05615384615384615
23 0.6935384615384615 0.5110096153846154 0.17911680911680913 0.12511217948717948
23 0.30859259259259264 0.4044831730769231 0.1795840455840456 0.07794471153846154
23 0.11729344729344729 0.7456370192307692 0.1796011396011396 0.10802884615384614
9 0.6425811965811966 0.3903926282051282 0.07509971509971511 0.10369791666666665
24 0.6944672364672364 0.31777243589743587 0.1784843304843305 0.039350961538461536
24 0.5028774928774928 0.34185897435897433 0.17752136752136752 0.08961939102564102
23 0.6918689458689459 0.595088141025641 0.17776068376068377 0.04367788461538461
23 0.11826210826210827 0.3359054487179487 0.1798233618233618 0.13186298076923078
23 0.8873561253561253 0.6910977564102564 0.1800854700854701 0.06232772435897436
6 0.1721766381766382 0.10811298076923077 0.3116068376068376 0.1878125
24 0.3093048433048433 0.7812900641025641 0.18098005698005698 0.254463141025641
17 0.5506381766381766 0.14315705128205128 0.46028490028490027 0.09518028846153846
17 0.3117606837606838 0.2189182692307692 0.17875783475783477 0.020488782051282052
17 0.8604843304843305 0.4682051282051282 0.13396011396011395 0.01547275641025641
23 0.8855726495726496 0.6459655448717948 0.17897435897435898 0.028285256410256407
9 0.2001139601139601 0.6441786858974359 0.34893447293447294 0.017764423076923077
24 0.12023931623931625 0.23699519230769228 0.1792193732193732 0.06162660256410256
23 0.11936752136752138 0.4240905448717949 0.17895156695156694 0.03621394230769231
17 0.5004558404558405 0.4015344551282051 0.17212535612535612 0.017395833333333333
6 0.791988603988604 0.39114983974358974 0.38103133903133907 0.1060096153846154
23 0.5985584045584046 0.21296474358974357 0.37235327635327636 0.03126201923076923
23 0.3082393162393163 0.9291506410256409 0.1794814814814815 0.04115384615384615
17 0.11231339031339033 0.6727764423076923 0.1688205128205128 0.02532051282051282
31 0.5042962962962962 0.979178685897436 0.02018803418803419 0.015953525641025642
6 0.5964159544159544 0.8422556089743589 0.38482051282051283 0.2271474358974359
3 0.8948717948717949 0.8437580128205128 0.19746438746438746 0.22912660256410255
23 0.8864045584045585 0.5569911858974359 0.17989743589743593 0.14953525641025642
20 0.5053732193732193 0.07090144230769231 0.24438176638176637 0.04838141025641026
35 0.9561424501424501 0.049631410256410255 0.08772079772079772 0.08424679487179487
23 0.5504501424501425 0.23689503205128204 0.2681082621082621 0.016682692307692308
23 0.5937549857549858 0.2685897435897436 0.3594529914529915 0.046710737179487184
24 0.893954415954416 0.31738782051282055 0.18506552706552706 0.035869391025641024
9 0.5974301994301995 0.9392107371794872 0.37876353276353275 0.03195913461538461