23 0.392140522875817 0.6289593908629442 0.2245751633986928 0.17546954314720814
23 0.16116013071895424 0.6394796954314721 0.22655228758169935 0.15480964467005076
23 0.3920751633986928 0.10053299492385787 0.2271895424836601 0.14062182741116752
23 0.8627287581699347 0.14031725888324872 0.22818627450980394 0.09048223350253806
23 0.8638888888888889 0.6025888324873097 0.22555555555555554 0.18534263959390865
23 0.16055555555555556 0.4428045685279188 0.22485294117647062 0.10823604060913707
23 0.15521241830065358 0.30738578680203044 0.22356209150326797 0.16166243654822335
23 0.8625816993464052 0.23074873096446702 0.22790849673202612 0.08772842639593909
23 0.6246241830065359 0.0891497461928934 0.2242156862745098 0.11908629441624366
23 0.8623366013071896 0.056383248730964466 0.22848039215686278 0.06767766497461929
23 0.1538888888888889 0.15398477157360407 0.22526143790849676 0.1404695431472081
23 0.626781045751634 0.19078680203045686 0.22581699346405226 0.08414974619289341
0 0.5079084967320261 0.8424111675126904 0.9241339869281047 0.251256345177665
23 0.6280718954248365 0.6681218274111675 0.22462418300653594 0.08677664974619288
23 0.8611274509803921 0.34098984771573604 0.22794117647058823 0.13064720812182742
23 0.15501633986928107 0.5316497461928934 0.22609477124183008 0.06483502538071066
23 0.39382352941176474 0.1966497461928934 0.2277124183006536 0.045279187817258884
23 0.6268790849673203 0.5901142131979695 0.22395424836601308 0.06532994923857868
24 0.39524509803921565 0.47381979695431475 0.22818627450980394 0.12941624365482235
23 0.8615849673202614 0.4570558375634518 0.22666666666666666 0.10003807106598984
25 0.936437908496732 0.7031091370558376 0.04550653594771242 0.017233502538071065
24 0.15973856209150328 0.052258883248730965 0.2263562091503268 0.05609137055837564
23 0.6284150326797385 0.4993147208121827 0.2250653594771242 0.11926395939086296
31 0.07107843137254902 0.975253807106599 0.05718954248366013 0.013959390862944163
35 0.14869281045751634 0.975253807106599 0.06209150326797386 0.011421319796954314
24 0.6258169934640523 0.4232233502538071 0.22875816993464052 0.031725888324873094
6 0.28104575163398693 0.22081218274111675 0.5081699346405228 0.2233502538071066 0.5098039215686274 0.2398477157360406 0.7418300653594772 0.2398477157360406 0.7434640522875817 0.4035532994923858 0.27941176470588236 0.40482233502538073
11 0.3839869281045752 0.31281725888324874 0.20261437908496732 0.18401015228426396
11 0.6299019607843137 0.3223350253807107 0.22058823529411764 0.15736040609137056
9 0.4991830065359477 0.39149746192893403 0.04084967320261438 0.01649746192893401