0 0.8743865546218488 0.8997505938242281 0.18270588235294116 0.15125890736342043
20 0.8756470588235294 0.23438242280285035 0.1864705882352941 0.10309976247030879
20 0.6776134453781513 0.4827434679334917 0.18475630252100841 0.08163895486935867
20 0.8760672268907563 0.39958432304038005 0.1849747899159664 0.09972684085510689
20 0.6779327731092437 0.39857482185273163 0.18564705882352942 0.08568883610451307
20 0.6790252100840336 0.2615439429928741 0.18771428571428572 0.08628266033254157
20 0.6737815126050419 0.7049881235154395 0.18450420168067228 0.06904988123515439
20 0.8752100840336134 0.31752969121140145 0.18539495798319328 0.06536817102137767
20 0.4834117647058823 0.6790973871733966 0.1858655462184874 0.05345605700712589
20 0.47798319327731087 0.9129334916864609 0.18408403361344539 0.055902612826603325
20 0.4845546218487395 0.615771971496437 0.18652100840336136 0.058384798099762464
20 0.8703193277310924 0.6758669833729216 0.18509243697478991 0.04300475059382423
20 0.8775462184873949 0.1574228028503563 0.18605042016806722 0.05130641330166271
20 0.6803025210084033 0.3298456057007126 0.18663865546218486 0.05109263657957245
13 0.877563025210084 0.1191686460807601 0.18484033613445378 0.028171021377672207
20 0.670890756302521 0.8901187648456057 0.18421848739495797 0.08154394299287411
20 0.6816806722689076 0.1441686460807601 0.18594957983193278 0.04749406175771972
20 0.47833613445378154 0.8619121140142518 0.1842857142857143 0.047149643705463186
20 0.4761512605042017 0.9606532066508313 0.18420168067226889 0.04019002375296912
20 0.6702521008403362 0.8284679334916866 0.1862689075630252 0.04141330166270783
20 0.6721008403361344 0.756353919239905 0.18618487394957983 0.03681710213776722
33 0.48905882352941177 0.3588717339667459 0.1799159663865546 0.11524940617577198
13 0.6728403361344537 0.6306413301662708 0.1848235294117647 0.0797624703087886
20 0.8708907563025209 0.7809144893111639 0.18635294117647058 0.04471496437054632
20 0.8717310924369747 0.713978622327791 0.18499159663865544 0.03046318289786223
20 0.8700336134453781 0.7452612826603325 0.18536134453781514 0.0290855106888361
20 0.8762689075630252 0.4690498812351544 0.18490756302521008 0.03648456057007126
20 0.6689243697478992 0.9647030878859857 0.18529411764705883 0.03383610451306413
20 0.671344537815126 0.7917220902612827 0.1870420168067227 0.03238717339667459
7 0.10821848739495799 0.37748218527315913 0.1849579831932773 0.1383372921615202
20 0.6837983193277312 0.17787410926365796 0.18794957983193278 0.02339667458432304
21 0.907563025210084 0.5197624703087886 0.09452100840336135 0.012969121140142518
13 0.8711596638655462 0.6251068883610452 0.18415126050420166 0.06241092636579572
20 0.47848739495798315 0.777434679334917 0.1819159663865546 0.020712589073634206
0 0.19356302521008403 0.532790973871734 0.36653781512605044 0.9344180522565321
20 0.6691932773109244 0.938812351543943 0.18465546218487397 0.0166270783847981
16 0.7573109243697479 0.08168646080760095 0.33230252100840335 0.032019002375296916
20 0.4865882352941176 0.2442874109263658 0.18905882352941175 0.012695961995249406
21 0.916235294117647 0.807209026128266 0.05670588235294118 0.01168646080760095
16 0.6836806722689076 0.10950118764845607 0.18322689075630252 0.016793349168646082
16 0.6801680672268907 0.5553206650831354 0.5734621848739495 0.04568883610451306
20 0.48615126050420165 0.2873040380047506 0.18828571428571428 0.016163895486935868
20 0.8724537815126051 0.5004988123515439 0.18519327731092436 0.029180522565320666
20 0.4799327731092437 0.7567458432304037 0.18425210084033614 0.02206650831353919
10 0.10919327731092436 0.44458432304038004 0.06085714285714286 0.012707838479809976
10 0.25248739495798317 0.7904156769596199 0.22008403361344536 0.029228028503562944
9 0.25109243697478995 0.8205344418052256 0.21734453781512603 0.028349168646080763
7 0.18645378151260503 0.8033254156769596 0.3521512605042017 0.0855106888361045
30 0.8814453781512606 0.050712589073634205 0.19100840336134456 0.020570071258907363
18 0.48857142857142855 0.06802850356294537 0.18942857142857142 0.0163895486935867
18 0.4909747899159664 0.0834916864608076 0.19231932773109245 0.01333729216152019
18 0.4881008403361345 0.09776722090261282 0.19136134453781511 0.012482185273159144
18 0.4905042016806723 0.11034441805225653 0.1962016806722689 0.013836104513064133
28 0.06949579831932773 0.04429928741092636 0.1301848739495798 0.01695961995249406
18 0.459327731092437 0.12021377672209026 0.13450420168067226 0.00830166270783848
18 0.44742857142857145 0.12726840855106888 0.10660504201680672 0.005748218527315914
18 0.4686050420168067 0.13446555819477435 0.15336134453781514 0.009239904988123515
18 0.4870084033613445 0.143978622327791 0.19453781512605042 0.01350356294536817
18 0.45596638655462185 0.15466745843230403 0.12588235294117647 0.007672209026128266
18 0.4694285714285714 0.161270783847981 0.15826890756302522 0.007672209026128266
18 0.463109243697479 0.16709026128266033 0.14236974789915965 0.006888361045130641
18 0.4718991596638655 0.17311163895486933 0.15991596638655464 0.008052256532066508
18 0.4727226890756302 0.18089073634204275 0.16270588235294117 0.0064964370546318284
18 0.47519327731092437 0.18633016627078383 0.16761344537815126 0.0057125890736342035
18 0.4727226890756302 0.19214964370546317 0.15941176470588234 0.007268408551068884
18 0.4870084033613445 0.20244655581947743 0.1934453781512605 0.014643705463182898
18 0.48453781512605043 0.2187410926365796 0.18521008403361344 0.019513064133016626
18 0.4523865546218488 0.23311163895486936 0.12312605042016808 0.009239904988123515
34 0.47986554621848737 0.3076722090261283 0.0758655462184874 0.01160332541567696
34 0.4809579831932773 0.42500000000000004 0.09784873949579832 0.01153206650831354
33 0.4889243697478992 0.47028503562945373 0.17751260504201682 0.10622327790973872
20 0.48509243697478993 0.2649643705463183 0.18850420168067225 0.02805225653206651
18 0.6796470588235294 0.19521377672209025 0.18410084033613447 0.013610451306413302
18 0.6804705882352942 0.20628266033254156 0.18134453781512605 0.006971496437054632
18 0.6802016806722689 0.21385985748218528 0.18415126050420166 0.0081353919239905
20 0.4829243697478991 0.6489311163895487 0.18425210084033614 0.007173396674584323
20 0.4805042016806722 0.7130403800475059 0.1823361344537815 0.012660332541567697
20 0.4802689075630252 0.7326365795724465 0.1828403361344538 0.023812351543942994
20 0.4790588235294118 0.8025534441805225 0.18040336134453783 0.031460807600950116
20 0.47786554621848737 0.8269239904988124 0.18473949579831933 0.021377672209026127