7 0.6499664429530201 0.5908551068883611 0.23953020134228187 0.12470308788598575
7 0.15045302013422818 0.37982185273159147 0.20359060402684565 0.12068883610451307
20 0.7558724832214765 0.8800475059382423 0.44798657718120805 0.0831353919239905
20 0.7558724832214765 0.2915676959619953 0.44798657718120805 0.10332541567695962
20 0.2726510067114094 0.8628266033254157 0.44798657718120805 0.07957244655581948
20 0.7541946308724832 0.3812351543942993 0.44798657718120805 0.07838479809976247
20 0.2684563758389262 0.14548693586698339 0.44966442953020136 0.08194774346793349
20 0.27181208053691275 0.6252969121140143 0.44966442953020136 0.10332541567695962
20 0.7541946308724832 0.4513064133016627 0.44798657718120805 0.06413301662707839
20 0.2709731543624161 0.2850356294536817 0.44798657718120805 0.0665083135391924
20 0.7558724832214765 0.732185273159145 0.44798657718120805 0.10332541567695962
20 0.7541946308724832 0.8129453681710214 0.44798657718120805 0.05344418052256532
20 0.2709731543624161 0.21852731591448932 0.44798657718120805 0.0665083135391924
20 0.7541946308724832 0.5041567695961995 0.44798657718120805 0.04156769596199525
20 0.2709731543624161 0.5356294536817102 0.44798657718120805 0.07600950118764846
20 0.27181208053691275 0.46971496437054633 0.44966442953020136 0.05344418052256532
18 0.27181208053691275 0.7589073634204275 0.44966442953020136 0.052256532066508314
20 0.2726510067114094 0.8052256532066508 0.44798657718120805 0.03800475059382423
20 0.7533557046979866 0.16864608076009502 0.44966442953020136 0.026128266033254157
20 0.7533557046979866 0.19358669833729217 0.44966442953020136 0.026128266033254157
20 0.2709731543624161 0.6906175771971497 0.44798657718120805 0.027315914489311165
13 0.7549161073825503 0.13045130641330166 0.4513422818791946 0.055819477434679333
10 0.6479362416107383 0.6434560570071258 0.06095637583892617 0.013741092636579572
16 0.513758389261745 0.06806413301662709 0.8999999999999999 0.052992874109263656
16 0.21895973154362416 0.022565320665083134 0.3070469798657718 0.026128266033254157
30 0.26228187919463086 0.9328978622327792 0.242751677852349 0.0186104513064133
20 0.2751677852348993 0.9109263657957245 0.4463087248322148 0.0166270783847981
18 0.2709731543624161 0.7185273159144893 0.44798657718120805 0.028503562945368172
2 0.06375838926174497 0.27137767220902614 0.03355704697986577 0.03681710213776722
13 0.7567114093959731 0.6668646080760094 0.44966442953020136 0.027315914489311165
28 0.08459731543624162 0.931852731591449 0.07077181208053691 0.017315914489311163
20 0.7377181208053691 0.2307957244655582 0.41998322147651007 0.019904988123515443
20 0.6878020134228188 0.2135391923990499 0.3201510067114094 0.015938242280285037
7 0.3744127516778524 0.38053444180522566 0.23748322147651005 0.12085510688836106
7 0.8775671140939597 0.5896199524940617 0.21595637583892618 0.12263657957244656
10 0.871744966442953 0.6449524940617577 0.0624496644295302 0.01345605700712589
10 0.16253355704697986 0.43442992874109265 0.06780201342281879 0.011496437054631829
10 0.3788255033557047 0.4352850356294537 0.061728187919463086 0.013194774346793349
8 0.6820637583892617 0.9351543942992874 0.6011073825503356 0.02380047505938242