20 0.31758723404255323 0.34261529480443664 0.25219574468085104 0.16935493286631642
2 0.21342978723404255 0.2830326911850555 0.03455744680851064 0.044894921190893174
13 0.8426212765957447 0.5875977816695855 0.24066382978723402 0.2600291885580852
13 0.5881744680851064 0.29685931115002917 0.25413617021276597 0.0728867483946293
20 0.5837191489361702 0.4056946876824285 0.25525106382978724 0.0786077057793345
7 0.8372468085106383 0.8167308814944542 0.22422127659574467 0.18705195563339172
13 0.5815744680851064 0.751517805020432 0.2518170212765957 0.22568593111500293
20 0.8444893617021276 0.9468826619964974 0.24058297872340426 0.049500875656742556
11 0.5760723404255319 0.5437507297139521 0.23481702127659576 0.18882953882078224
20 0.5807829787234042 0.9484033858727379 0.2586212765957447 0.04664331582019848
16 0.3459489361702128 0.4634909515469936 0.19746808510638297 0.04657618213660245
20 0.3199404255319149 0.9645709281961471 0.25091063829787236 0.014276123759486281
16 0.48439574468085106 0.09583479276123759 0.6453914893617022 0.11772621132516053
28 0.966668085106383 0.021891418563922942 0.02127659574468085 0.016541155866900175
30 0.11063829787234042 0.020919439579684763 0.21843829787234045 0.018485113835376533
16 0.5872340425531914 0.3565878575598366 0.23829787234042554 0.02432282545242265
16 0.5808510638297872 0.9004670169293637 0.25957446808510637 0.05156742556917688
7 0.1503531914893617 0.699553415061296 0.2127659574468085 0.2004290718038529
7 0.8439702127659574 0.3458844133099825 0.22411489361702125 0.21891418563922943
10 0.14893617021276595 0.783225335668418 0.20992765957446807 0.02918855808523059
10 0.5758851063829787 0.6207443082311734 0.22694893617021278 0.03113543490951547
10 0.8375872340425532 0.8907384705195563 0.21418297872340425 0.03989200233508464
10 0.8418425531914894 0.4363689433741973 0.2226936170212766 0.03794512551079977
20 0.32180851063829785 0.7205925277291302 0.2648936170212766 0.46920607122008173
20 0.5781914893617022 0.2028604786923526 0.7925531914893617 0.099241097489784