17 0.3341941176470588 0.07799130434782608 0.5330882352941176 0.08423913043478261
17 0.2426470588235294 0.12934782608695652 0.3514705882352941 0.017391304347826087
0 0.23934117647058822 0.2247304347826087 0.33455882352941174 0.14076086956521738
16 0.6602941176470588 0.8252739130434783 0.5191176470588236 0.14945652173913043
6 0.7647058823529411 0.11494782608695651 0.3220588235294118 0.1516304347826087
12 0.6672823529411765 0.062230434782608694 0.09044117647058823 0.029891304347826088
12 0.6621352941176472 0.09049130434782608 0.0875 0.026630434782608695
12 0.6669117647058823 0.12173913043478261 0.08676470588235294 0.034782608695652174
12 0.6643411764705883 0.16277391304347827 0.08308823529411764 0.044021739130434785
23 0.5044117647058823 0.17391304347826086 0.17794117647058824 0.04565217391304348
23 0.5044117647058823 0.23994782608695653 0.17647058823529413 0.08532608695652173
23 0.5025764705882353 0.3057086956521739 0.1713235294117647 0.045108695652173916
38 0.14816470588235295 0.3347826086956522 0.1536764705882353 0.07282608695652174
40 0.14816470588235295 0.3059782608695652 0.06102941176470588 0.013043478260869565
38 0.14779411764705883 0.7410347826086957 0.14558823529411766 0.14945652173913043
38 0.1466941176470588 0.8559782608695652 0.15073529411764705 0.07934782608695652
38 0.31985294117647056 0.43451304347826086 0.15441176470588236 0.04076086956521739
38 0.3205882352941177 0.4722826086956522 0.1514705882352941 0.03260869565217391
38 0.32242941176470585 0.5304347826086957 0.14926470588235294 0.07065217391304347
38 0.32095882352941174 0.591304347826087 0.1463235294117647 0.04782608695652174
38 0.3205882352941177 0.7576086956521739 0.15294117647058825 0.2793478260869565
38 0.4915470588235294 0.45842608695652176 0.1536764705882353 0.08967391304347826
38 0.48970588235294116 0.6021739130434782 0.14852941176470588 0.1826086956521739
38 0.48970588235294116 0.7160347826086957 0.14852941176470588 0.03858695652173913
38 0.6702235294117648 0.2467391304347826 0.1463235294117647 0.06521739130434782
38 0.6687529411764707 0.3638608695652174 0.14926470588235294 0.16576086956521738
38 0.6691176470588235 0.5201086956521739 0.14558823529411766 0.14565217391304347
38 0.6676470588235294 0.6239130434782608 0.14411764705882352 0.05434782608695652
38 0.6676470588235294 0.6975565217391305 0.14558823529411766 0.09184782608695652
38 0.8411764705882353 0.2779913043478261 0.1426470588235294 0.09619565217391304
38 0.8444882352941178 0.5399478260869566 0.14779411764705883 0.4201086956521739
39 0.3225 0.3592391304347826 0.15588235294117647 0.10326086956521739
39 0.8426470588235294 0.21168695652173913 0.15 0.026630434782608695
39 0.4963235294117647 0.375 0.1588235294117647 0.07717391304347826
39 0.67 0.20130434782608694 0.14470588235294118 0.026956521739130435
0 0.1411764705882353 0.52 0.15058823529411763 0.2817391304347826