17 0.4943456375838926 0.2804698795180723 0.5465939597315436 0.14660240963855423
21 0.6509563758389262 0.688301204819277 0.2614261744966443 0.10775903614457831
21 0.6472986577181208 0.5597349397590361 0.26 0.12771084337349398
21 0.6484563758389262 0.4463253012048193 0.26300335570469796 0.08239759036144578
6 0.33848993288590606 0.573301204819277 0.2329697986577181 0.34290361445783135
16 0.6601006711409396 0.9043975903614457 0.6634060402684564 0.12102409638554217
17 0.7726006711409397 0.08779518072289157 0.4280872483221476 0.0679156626506024
8 0.30476510067114093 0.7269879518072289 0.16912751677852347 0.03468674698795181
9 0.2995302013422819 0.6748192771084338 0.14067114093959732 0.06156626506024097
6 0.0936744966442953 0.8183132530120483 0.1391946308724832 0.07548192771084337
20 0.08768456375838926 0.8892650602409639 0.11530201342281879 0.055662650602409644
22 0.4971308724832215 0.36189156626506025 0.1975503355704698 0.01602409638554217
28 0.0664765100671141 0.9911927710843375 0.042583892617449666 0.0176144578313253