20 0.2587123064384678 0.6120306748466258 0.25989405052974734 0.10722699386503068
18 0.25835370823145887 0.49141104294478527 0.26079869600651995 0.08834355828220859
20 0.8166259168704156 0.898159509202454 0.26079869600651995 0.08957055214723926
20 0.8162184189079055 0.6361963190184049 0.25998370008149957 0.05030674846625767
18 0.8158109209453953 0.3579754601226994 0.2591687041564792 0.048466257668711654
20 0.5386552567237164 0.7719877300613497 0.26231458842705785 0.08302453987730062
20 0.2595762021189894 0.3131901840490798 0.25998370008149957 0.02638036809815951
18 0.2591687041564792 0.4294478527607362 0.26079869600651995 0.03680981595092025
18 0.537082314588427 0.8377300613496933 0.26079869600651995 0.025153374233128835
20 0.537082314588427 0.9116564417177914 0.26079869600651995 0.051533742331288344
18 0.2591687041564792 0.38742331288343557 0.26079869600651995 0.04723926380368098
18 0.8158109209453953 0.3214723926380368 0.2591687041564792 0.024539877300613498
20 0.2595762021189894 0.6846625766871166 0.25998370008149957 0.03680981595092025
3 0.8165851670741646 0.7098282208588957 0.2607171964140179 0.09817791411042945
20 0.2595762021189894 0.7159509202453987 0.2616136919315403 0.026993865030674847
20 0.8166259168704156 0.7834355828220859 0.26079869600651995 0.05276073619631902
18 0.5378158109209453 0.8678098159509202 0.2623471882640587 0.03623312883435583
16 0.8101059494702526 0.5957055214723926 0.24938875305623473 0.022085889570552148
20 0.8166259168704156 0.5343558282208589 0.26079869600651995 0.0638036809815951
16 0.25468622656886714 0.2846625766871166 0.2502037489812551 0.020858895705521473
16 0.7950285248573757 0.16993865030674846 0.21597392013039934 0.020858895705521473
20 0.8166259168704156 0.26196319018404907 0.26079869600651995 0.049079754601226995
16 0.7787286063569682 0.838036809815951 0.18663406682966585 0.022085889570552148
18 0.8158516707416462 0.4408895705521472 0.2592502037489813 0.11981595092024541
16 0.5863895680521597 0.0745398773006135 0.6365118174409128 0.149079754601227
16 0.2204563977180114 0.5506134969325154 0.1817440912795436 0.017791411042944787
20 0.2591687041564792 0.253680981595092 0.26079869600651995 0.027607361963190184
16 0.19070904645476772 0.19969325153374234 0.12550937245313773 0.07914110429447853
20 0.5215973920130399 0.8196319018404908 0.2265688671556642 0.012269938650306749
20 0.5378973105134475 0.31993865030674845 0.2396088019559902 0.23742331288343557
20 0.8166259168704156 0.2969325153374233 0.26079869600651995 0.024539877300613498
3 0.2582640586797066 0.3447116564417178 0.2589894050529747 0.0381840490797546
3 0.5394213528932356 0.6040184049079754 0.2638467807660962 0.2515460122699386
16 0.1882640586797066 0.7466257668711657 0.12061939690301549 0.020858895705521473
3 0.25986960065199677 0.8509447852760736 0.2672371638141809 0.17465030674846627
30 0.03667481662591687 0.649079754601227 0.07334963325183375 0.7006134969325153
20 0.8170497147514262 0.21168098159509205 0.2583944580277099 0.05034969325153374
30 0.48274653626731867 0.9713312883435583 0.07081499592502037 0.017644171779141106
28 0.5393398533007335 0.9791717791411043 0.026430317848410757 0.016969325153374234
30 0.6011328443357783 0.9708220858895706 0.08209453952730236 0.014576687116564417
16 0.3250122249388753 0.21512883435582825 0.1356642216788916 0.028754601226993862
16 0.3243276283618582 0.1754110429447853 0.13702526487367564 0.03315950920245399