24 0.28728414442700156 0.07713651498335183 0.4050235478806907 0.02774694783573807
23 0.2880690737833595 0.10932297447280799 0.4097331240188383 0.03440621531631521
23 0.28728414442700156 0.3690344062153163 0.4207221350078493 0.07658157602663707
23 0.28414442700156983 0.4345172031076582 0.4207221350078493 0.058823529411764705
23 0.28492935635792777 0.5260821309655938 0.41915227629513346 0.1309655937846837
23 0.2802197802197802 0.6276359600443951 0.42229199372056514 0.06992230854605994
23 0.28335949764521196 0.6764705882352942 0.41915227629513346 0.02774694783573807
3 0.15384615384615385 0.7053274139844617 0.15698587127158556 0.025527192008879023
3 0.2598116169544741 0.8379578246392897 0.36577708006279436 0.11986681465038845
3 0.6883830455259027 0.47447280799112096 0.3469387755102041 0.10321864594894561
3 0.6271585557299842 0.5799112097669257 0.23076923076923078 0.06326304106548279
3 0.6428571428571429 0.7874583795782464 0.2684458398744113 0.04772475027746948
23 0.25588697017268447 0.7369589345172031 0.3704866562009419 0.01997780244173141
23 0.28100470957613816 0.7652608213096559 0.4175824175824176 0.02774694783573807
23 0.282574568288854 0.9200887902330743 0.41130298273155413 0.042175360710321866
23 0.7268445839874411 0.1381798002219756 0.41130298273155413 0.06104328523862375
23 0.7237048665620094 0.19034406215316316 0.4175824175824176 0.04772475027746948
23 0.7213500784929356 0.2647058823529412 0.4097331240188383 0.08324084350721421
23 0.7205651491365777 0.3357380688124306 0.41130298273155413 0.06326304106548279
23 0.7221350078492935 0.3879023307436182 0.41130298273155413 0.041065482796892344
23 0.5478806907378336 0.41509433962264153 0.07849293563579278 0.013318534961154272
23 0.6711145996860283 0.5416204217536071 0.315541601255887 0.01553829078801332
23 0.7182103610675039 0.6687014428412874 0.4097331240188383 0.10099889012208657
23 0.716640502354788 0.7430632630410655 0.41287284144427 0.04328523862375139
23 0.7142857142857143 0.8357380688124306 0.4175824175824176 0.03773584905660377
24 0.7237048665620094 0.0876803551609323 0.41444270015698587 0.042175360710321866
31 0.033751962323390894 0.9644839067702553 0.023547880690737835 0.03995560488346282
17 0.2563736263736264 0.30132630410654826 0.347425431711146 0.025566037735849055
3 0.289309262166405 0.20590455049944506 0.4029591836734694 0.13970588235294118
5 0.28865777080062793 0.1506659267480577 0.3990894819466248 0.027391786903440622