6 0.518314606741573 0.5699616066154756 0.27640449438202247 0.21958357944477258
13 0.5318218298555377 0.05184288245717661 0.4613804173354735 0.056187241582988774
13 0.3372030497592295 0.22912285883047842 0.5376324237560193 0.2630773774365032
13 0.22886035313001607 0.4366184288245718 0.3008868378812199 0.02833727111636149
13 0.8137199036918138 0.1995481393975192 0.2547110754414125 0.02377436503248671
13 0.36528892455858747 0.7128322504430006 0.5737439807383627 0.022581216774955698
30 0.8237520064205457 0.2889249852333136 0.14235152487961478 0.12869757826343767
30 0.8207423756019262 0.47503248670998227 0.14034510433386838 0.09630242173656231
30 0.819739165329053 0.6013230950974601 0.14636436597110755 0.09489663319551092
30 0.8207423756019262 0.7298287064382752 0.14435794542536115 0.09496751329001772
30 0.8187359550561798 0.87753987005316 0.14435794542536115 0.13049911399881867
30 0.512760834670947 0.8465298287064382 0.2667616372391653 0.19251919669226225
30 0.21481540930979134 0.8745747194329593 0.26878410914927764 0.04778204370939161
25 0.33503611556982343 0.9594093325457768 0.059899678972712686 0.03475782634376846
23 0.22099518459069023 0.7852687536916716 0.2775561797752809 0.07975782634376846
23 0.2177367576243981 0.4984465445953928 0.2762520064205457 0.060537507383343174
13 0.11999197431781701 0.5382545776727702 0.07554975922953451 0.015239220318960425
13 0.11282504012841092 0.6102185469580625 0.061211878009630814 0.011662728883638512
13 0.15713483146067414 0.5512108682811577 0.14983547351524878 0.01067336089781453
13 0.15974317817014447 0.5636828115770821 0.1550481540930979 0.012598936798582398
13 0.16235152487961477 0.5775930301240402 0.16034911717495987 0.011379208505611341
13 0.16039325842696628 0.5905463673951565 0.1641733547351525 0.01425280567040756
13 0.1675642054574639 0.6231718842291789 0.17068619582664527 0.014551092734790314
13 0.16756821829855537 0.6366007088009451 0.1707784911717496 0.012306556408741879
13 0.1675642054574639 0.6490756054341406 0.17589887640449436 0.012300649734199646
13 0.1558346709470305 0.6625073833431778 0.14731540930979134 0.012291789722386296