20 0.45699257425742573 0.3556857638888889 0.33353960396039606 0.2183159722222222
20 0.8038366336633663 0.4644097222222222 0.32425742574257427 0.2282986111111111
20 0.45544554455445546 0.5442708333333334 0.33292079207920794 0.1640625
20 0.8029084158415841 0.6751302083333334 0.32735148514851486 0.1931423611111111
16 0.7512376237623762 0.13194444444444445 0.452970297029703 0.1111111111111111
7 0.8016707920792079 0.8600260416666666 0.32982673267326734 0.16883680555555555
20 0.8050742574257426 0.2834201388888889 0.3292079207920792 0.07552083333333333
7 0.3369430693069307 0.7879774305555556 0.5724009900990099 0.3198784722222222
7 0.13768564356435645 0.2703993055555556 0.2753712871287129 0.1423611111111111
16 0.6345915841584159 0.2222222222222222 0.6850247524752475 0.04513888888888889
7 0.13706683168316833 0.41796875 0.2728960396039604 0.1423611111111111
16 0.8041460396039604 0.3387586805555556 0.3248762376237624 0.023003472222222224
28 0.5111386138613861 0.9750434027777778 0.02103960396039604 0.016927083333333332
16 0.15253712871287128 0.051215277777777776 0.18997524752475248 0.03819444444444445
30 0.8187685643564357 0.020043402777777778 0.12350866336633663 0.03622829861111111