20 0.17351477449455677 0.4369988545246277 0.31174183514774495 0.20667812142038947
33 0.15245723172628306 0.5850400916380298 0.2715085536547434 0.08611683848797251
7 0.6624727838258165 0.20003436426116838 0.6578849144634525 0.38013745704467355
7 0.6585225505443235 0.7279839633447881 0.6657542768273716 0.5334822451317297
20 0.1714618973561431 0.8116494845360825 0.3141835147744946 0.058213058419243985
20 0.1712286158631415 0.6856242840778922 0.3156609642301711 0.10670103092783506
20 0.16818040435458786 0.9624284077892326 0.3123639191290824 0.07514318442153493
13 0.1736547433903577 0.0886483390607102 0.3096111975116641 0.15184421534936998
18 0.17097978227060653 0.24852233676975946 0.3126594090202177 0.03846506300114547
18 0.1692846034214619 0.21639175257731957 0.31223950233281494 0.034444444444444444
18 0.17079315707620527 0.2904238258877434 0.31247278382581645 0.034284077892325314
18 0.16620528771384138 0.18446735395189 0.30989113530326595 0.03538373424971363
10 0.6688491446345256 0.9840893470790378 0.6622861586314153 0.031809851088201606
18 0.14153965785381029 0.31623138602520046 0.24447900466562983 0.021076746849942724
33 0.17041990668740278 0.8798625429553265 0.31227060653188177 0.0754868270332188
10 0.6720217729393468 0.36978235967926687 0.6559720062208398 0.032279495990836196
23 0.15996889580093313 0.7535624284077892 0.29771384136858475 0.021271477663230242