20 0.332312404287902 0.400117508813161 0.4104134762633997 0.16803760282021152
20 0.332312404287902 0.5675675675675675 0.41347626339969373 0.1410105757931845
20 0.332312404287902 0.7097532314923619 0.4104134762633997 0.11045828437132785
20 0.3346094946401225 0.8560517038777908 0.41807044410413474 0.15393654524089306
7 0.7656967840735069 0.7079905992949471 0.41347626339969373 0.4594594594594595
13 0.7633996937212864 0.39424206815511165 0.41807044410413474 0.15393654524089306
2 0.14931087289433384 0.33313748531139836 0.04134762633996937 0.036427732079905996
16 0.2947932618683001 0.6533490011750881 0.332312404287902 0.01410105757931845
16 0.34073506891271055 0.22326674500587543 0.6385911179173047 0.1245593419506463
16 0.28024502297090353 0.5011750881316098 0.30321592649310875 0.01527614571092832
28 0.06839203675344563 0.025734430082256166 0.05637059724349158 0.021116333725029374
30 0.8944869831546708 0.05438307873090482 0.17335375191424196 0.04022326674500587
30 0.2352679938744257 0.06981198589894241 0.21787136294027568 0.04464159811985899
30 0.0604134762633997 0.5155346650998825 0.11316998468606433 0.8538307873090482
20 0.4557580398162328 0.8932784958871914 0.2645022970903522 0.09050528789659223