21 0.23908501440922192 0.5684643288996373 0.40310158501440924 0.0749334945586457
21 0.45859149855907777 0.6880229746070133 0.29011167146974065 0.08064691656590084
21 0.7505043227665706 0.6807164449818621 0.2696902017291066 0.06703748488512697
21 0.7757312680115274 0.8788059250302298 0.20722262247838616 0.09123337363966143
21 0.6964481268011528 0.27294135429262395 0.4186491354466859 0.17087061668681983
21 0.6970461095100865 0.13558948004836757 0.4174459654178674 0.04838875453446191
21 0.2477665706051873 0.2434552599758162 0.42225144092219025 0.25908101571946796
31 0.7868443804034583 0.9634854897218863 0.21863472622478383 0.020665054413542928
27 0.9084726224783862 0.964746070133011 0.022222622478386165 0.015120918984280533
17 0.760443083573487 0.8131952841596131 0.17913904899135447 0.0383403869407497
17 0.756235590778098 0.6366324062877872 0.28854827089337176 0.020178355501813783
17 0.40456772334293944 0.6381469165659008 0.1935662824207493 0.021188029020556227
17 0.2160122478386167 0.5205532043530834 0.3627161383285302 0.025202539298669894
17 0.21370317002881845 0.10275392986698913 0.284164265129683 0.027143288996372434
17 0.6480367435158502 0.10081318016928659 0.24257925072046108 0.023264812575574362
17 0.5833465417867435 0.175456469165659 0.2009942363112392 0.025202539298669894
17 0.6168479827089337 0.03586759371221282 0.6468804034582133 0.03295949214026602
6 0.1423270893371758 0.32272672309552597 0.20471541786743513 0.11534764207980652
6 0.1423270893371758 0.4446160822249093 0.206664265129683 0.11861850060459492
6 0.3553278097982709 0.44257255139056834 0.20764048991354467 0.11452841596130593
6 0.17644452449567724 0.7063966142684402 0.2651548991354467 0.1464328899637243
6 0.17254682997118156 0.863875453446191 0.26710734870317004 0.1488875453446191
6 0.4908321325648415 0.8376964933494558 0.3519164265129683 0.1963361547762999
6 0.7586131123919307 0.2983917775090689 0.2992615273775216 0.17012394195888755
6 0.698278097982709 0.4843802902055622 0.4151044668587896 0.23155683192261187
6 0.7948162824207492 0.7554292623941959 0.24134005763688762 0.056707980652962515
9 0.7348811239193084 0.7557648125755744 0.12308357348703171 0.056033857315598554
27 0.05349783861671469 0.9309522370012092 0.021721902017291066 0.013500604594921401
27 0.32782060518731987 0.9279141475211609 0.020111671469740633 0.015525997581620314
27 0.26346541786743516 0.49247883917775087 0.021721902017291066 0.012826481257557436
27 0.052694524495677235 0.49315598548972184 0.024938760806916427 0.015525997581620314
27 0.04947406340057637 0.3719770253929867 0.020111671469740633 0.016203143893591294
27 0.6226585014409222 0.3760278113663845 0.02252521613832853 0.016203143893591294
27 0.501185158501441 0.5957678355501813 0.019308357348703172 0.014177750906892382