23 0.744946748243825 0.5736917562724014 0.1479424427826875 0.1632168458781362
23 0.4195196011783367 0.7809886499402628 0.14654203489689555 0.30479988052568696
23 0.26059823249490144 0.7806839904420549 0.1458282347609336 0.30482676224611704
23 0.11099252209381373 0.6804450418160096 0.14510990256061637 0.11346176821983274
23 0.7482868796736913 0.44139486260454003 0.14860185814638568 0.049734169653524486
6 0.8947088148651711 0.8007108721624852 0.13909132109675956 0.27638590203106334
23 0.9001858146385678 0.5379988052568698 0.14886471787899389 0.23659796893667862
35 0.11869703149784726 0.9542174432497013 0.10421708588261953 0.01521804062126643
35 0.2608633582596873 0.028007765830346476 0.4352005438477226 0.03128136200716846
8 0.3906639474280535 0.46558243727598564 0.08110808973487424 0.012670250896057347
35 0.7540222071153411 0.034348864994026285 0.4407432585542715 0.026881720430107527
6 0.11160208474960344 0.20419653524492234 0.13936097892590074 0.2739814814814815
6 0.2623362791751643 0.20362604540023896 0.14100158622252437 0.27557945041816007
6 0.4148311806027646 0.20333333333333334 0.14100158622252437 0.27499701314217445
6 0.4154928619986404 0.4832825567502987 0.14232948107863133 0.2744145758661888
6 0.2634398368456832 0.4841547192353644 0.14232948107863133 0.2784916367980884
6 0.11094493541808294 0.48444743130227 0.14144346249716747 0.2744145758661888
6 0.7419147971901201 0.797700119474313 0.14107183322003172 0.2786618876941458
6 0.5935327441649672 0.20548088410991638 0.1406775436211194 0.2786618876941458
13 0.744484477679583 0.37944743130227004 0.10116020847496035 0.06302568697729988
23 0.591472920915477 0.6415591397849463 0.13886698391117155 0.578073476702509
23 0.7464128710627691 0.08008064516129032 0.14143893043281214 0.02626941457586619
23 0.8984613641513709 0.23770011947431305 0.14465443009290732 0.3381182795698925
23 0.745449807387265 0.19744623655913976 0.1420824835712667 0.13728195937873358
35 0.881103557670519 0.9596983273596177 0.107364604577385 0.019489247311827957
25 0.9495717199184228 0.95334229390681 0.02314525266258781 0.015253882915173237
25 0.05382732834806254 0.9470937873357228 0.021985044187627464 0.016487455197132617
23 0.11012009970541581 0.8516606929510155 0.1467006571493315 0.15639187574671445
9 0.1722886924994335 0.6078285543608124 0.018574665760253795 0.02648148148148148
9 0.3242963970088375 0.6068309438470729 0.018574665760253795 0.02548088410991637
9 0.47687287559483343 0.6075806451612903 0.020469068660774983 0.02398446833930705
9 0.4759234081123952 0.3295221027479092 0.01933152050759121 0.02548088410991637
9 0.3242963970088375 0.32827359617682195 0.01781554498073873 0.02398446833930705
9 0.1713414910491729 0.32877240143369174 0.020469068660774983 0.024982078853046596
9 0.9547360072513029 0.9247939068100358 0.01863584862905053 0.025382317801672643
9 0.8025492861998641 0.9256123058542413 0.019877634262406525 0.02701911589008363
9 0.6534692952639928 0.33037037037037037 0.02111941989576252 0.025382317801672643
13 0.08273056877407658 0.7427986857825567 0.08738726489916157 0.012744922341696536
13 0.08326761840018128 0.7560185185185185 0.08774529798323137 0.013688769414575865
13 0.07950827101744845 0.7682915173237753 0.08165646952186721 0.011801075268817204
13 0.6921006118286879 0.4716845878136201 0.039111715386358485 0.011851851851851851
13 0.7051370949467483 0.48590501792114693 0.06878314072059824 0.014220430107526882
13 0.8431520507591208 0.4127240143369175 0.03731248583729889 0.016000597371565114
13 0.6916496714253343 0.2725806451612903 0.03551552232041695 0.01303763440860215
13 0.7112055291185135 0.28531959378733573 0.07552685248130524 0.011257467144563918
13 0.7134534330387491 0.299247311827957 0.08092000906412872 0.014220430107526882
13 0.69389757534557 0.31139486260454 0.04270790845230002 0.011257467144563918
13 0.7370564242012236 0.32383811230585424 0.1281259913890777 0.013629032258064517
13 0.7031157942442783 0.09911290322580645 0.05387038295943802 0.011833930704898446
13 0.7070428280081577 0.11150238948626046 0.06341037842737367 0.013682795698924732
13 0.6916134149104918 0.12370669056152928 0.03310673011556764 0.01294504181600956
6 0.5299932019034671 0.801484468339307 0.05733061409472014 0.32316606929510155