17 0.7409207880981102 0.7973353474320242 0.315934861278649 0.07745921450151057
23 0.641632488942501 0.9059818731117826 0.21523924406915962 0.11866163141993957
23 0.8662726176115803 0.9127764350453172 0.21221552070767993 0.10343202416918429
23 0.40956976276638524 0.4434561933534743 0.21283474065138724 0.14006646525679758
23 0.8631644551668677 0.1933413897280967 0.2082509047044632 0.09033836858006042
23 0.41309207880981097 0.7318187311178248 0.21323281061519903 0.18257401812688823
23 0.4111620426216325 0.9305105740181269 0.21441093687173302 0.06049546827794562
23 0.1800402090872537 0.6081752265861027 0.22178528347406515 0.07146223564954683
23 0.8642420587052674 0.5902507552870091 0.20930438279051064 0.10066465256797583
23 0.4138399678327302 0.8677522658610273 0.21267792521109768 0.078595166163142
23 0.18462002412545234 0.9149395770392749 0.2115601125854443 0.09083383685800606
23 0.8653880176919984 0.2792235649546828 0.2086369119420989 0.09015407854984896
23 0.1852151186168074 0.6852296072507553 0.21173301166063532 0.07970392749244713
17 0.8186127864897467 0.10016616314199396 0.26229995979091275 0.06178247734138973
23 0.6396300763972658 0.2697371601208459 0.21317651789304382 0.07957099697885196
17 0.35295536791314835 0.0754773413897281 0.5566425412143144 0.08606344410876134
2 0.10462002412545235 0.6036404833836858 0.05544833132287897 0.0646404833836858
23 0.6397909127462806 0.36752870090634443 0.2131322878970647 0.1251963746223565
23 0.8635585042219542 0.37092447129909367 0.20843586650583032 0.04534743202416918
23 0.4131001206272618 0.5856858006042296 0.21392440691596298 0.04684894259818731
23 0.40717330116606354 0.29581873111782475 0.21242862887012462 0.09603021148036255
17 0.37205468435866507 0.5481419939577039 0.14010454362685967 0.033220543806646526
17 0.6130116606353035 0.47793353474320244 0.16620828307197427 0.03141087613293051
23 0.1869481302774427 0.7810604229607251 0.2121753116204262 0.11221148036253777
23 0.8635263369521512 0.3384350453172206 0.2084800965018094 0.024755287009063442
23 0.18192199437072779 0.8557069486404834 0.21058303176517895 0.03386706948640483
31 0.09301568154402895 0.9803897280966768 0.021363088057901086 0.015111782477341391
23 0.8615641334941697 0.46553474320241695 0.208367511057499 0.14635045317220544
17 0.18047848813831927 0.5529758308157099 0.21302372336147968 0.030012084592145015
17 0.7389264173703257 0.7297039274924472 0.3150985122637716 0.05446525679758308
17 0.3291515882589465 0.1817311178247734 0.4985323683152392 0.07891842900302115
17 0.03624447125050261 0.29635649546827797 0.063610776035384 0.5438066465256798
23 0.18565741857659832 0.3506797583081571 0.21746280659429032 0.2500906344410876
23 0.6375914756735023 0.4412688821752266 0.21302372336147968 0.022229607250755287
2 0.7219139525532771 0.09948036253776434 0.05325693606755126 0.04557099697885197
17 0.8624487334137515 0.8508580060422961 0.21006433453960593 0.018894259818731118
23 0.6368516284680338 0.5568640483383686 0.21154402895054283 0.12671299093655589
23 0.41273421793325293 0.6207764350453172 0.21302372336147968 0.0211178247734139
23 0.4134740651387213 0.635226586102719 0.21450341777241658 0.014450151057401812
14 0.4119943707277845 0.2350845921450151 0.21746280659429032 0.02556495468277946
14 0.4075552874949739 0.3601299093655589 0.21154402895054283 0.024453172205438065
23 0.6398110172899075 0.639117824773414 0.21746280659429032 0.033344410876132935