35 0.8843954248366013 0.7705700712589074 0.16864379084967318 0.4218289786223278
35 0.6881699346405229 0.7708432304038004 0.15553921568627452 0.42311163895486936
35 0.4972712418300653 0.77041567695962 0.15790849673202614 0.41882422802850355
35 0.2887091503267974 0.7695605700712589 0.1932516339869281 0.4239667458432304
35 0.602156862745098 0.24366983372921613 0.13197712418300653 0.4239667458432304
35 0.40594771241830063 0.24795724465558194 0.2015032679738562 0.43252969121140145
35 0.16910130718954247 0.24409738717339668 0.19915032679738562 0.42996437054631825
17 0.039477124183006536 0.26679334916864605 0.06009803921568627 0.38970308788598573
17 0.29047385620915034 0.3340380047505938 0.034166666666666665 0.2689429928741093
17 0.523202614379085 0.29078384798099766 0.028284313725490194 0.329750593824228
6 0.12019607843137255 0.5832779097387173 0.1956045751633987 0.11477434679334916
6 0.14730392156862746 0.7036104513064134 0.08248366013071895 0.11048693586698337
6 0.743562091503268 0.28906175771971493 0.09191176470588236 0.11904988123515439
6 0.8649346405228758 0.3293230403800475 0.1696895424836601 0.07965558194774346
6 0.8643464052287582 0.23039192399049882 0.1637908496732026 0.08565320665083136
6 0.8301633986928104 0.07794536817102138 0.24392156862745099 0.10792161520190025
6 0.7058496732026144 0.16573634204275536 0.08483660130718955 0.09165083135391924
6 0.7936437908496732 0.43724465558194775 0.23449346405228758 0.12933491686460807
17 0.07305555555555555 0.77041567695962 0.08248366013071895 0.2749406175771972
17 0.14258169934640524 0.9558551068883611 0.04477124183006536 0.05995249406175772
17 0.17911764705882355 0.8723396674584323 0.023562091503267973 0.21840855106888363
17 0.4100816993464052 0.8663420427553444 0.028284313725490194 0.22182897862232778
17 0.5956699346405229 0.8749168646080759 0.04359477124183007 0.21155581947743468
17 0.7824509803921569 0.8779097387173397 0.030637254901960783 0.21241092636579573