20 0.843505859375 0.11860795454545454 0.20849609375 0.09517045454545454
7 0.85009765625 0.8107244318181818 0.2216796875 0.2734375
7 0.24365234375 0.3312215909090909 0.412109375 0.42703835227272724
20 0.787353515625 0.39488636363636365 0.11083984375 0.3977272727272727
20 0.07177734375 0.8884943181818182 0.1025390625 0.046875
20 0.673095703125 0.18785511363636365 0.10693359375 0.09019886363636363
20 0.678955078125 0.5912642045454546 0.11474609375 0.7279829545454546
16 0.826416015625 0.0546875 0.17822265625 0.036931818181818184
20 0.90673828125 0.43110795454545453 0.1083984375 0.46732954545454547
20 0.56103515625 0.4978693181818182 0.1064453125 0.3465909090909091
10 0.111328125 0.5358664772727273 0.154296875 0.013494318181818182
10 0.8369140625 0.9385653409090909 0.1982421875 0.022017045454545456
20 0.789306640625 0.6292613636363636 0.10791015625 0.061079545454545456
20 0.18310546875 0.7045454545454546 0.1005859375 0.2911931818181818
20 0.17431640625 0.8874289772727273 0.0947265625 0.05894886363636364
20 0.671875 0.08274147727272728 0.1064453125 0.10014204545454546
20 0.27978515625 0.8813920454545454 0.09765625 0.08948863636363637
20 0.560546875 0.17436079545454544 0.1064453125 0.2819602272727273
7 0.56640625 0.8181818181818182 0.169921875 0.3380681818181818
16 0.273349609375 0.10350852272727273 0.3670166015625 0.11800426136363637
28 0.0210205078125 0.04169744318181818 0.034228515625 0.03131392045454546
7 0.009951171875 0.5018607954545454 0.01990234375 0.8749360795454546
20 0.075068359375 0.6225497159090909 0.09154296875 0.12767755681818183
20 0.071484375 0.7733877840909091 0.0987060546875 0.17083096590909091
20 0.2840771484375 0.6978622159090909 0.0994091796875 0.27830255681818183
20 0.3921630859375 0.7485440340909091 0.1124560546875 0.3739914772727273
28 0.987119140625 0.01896306818181818 0.0230712890625 0.03130681818181818
30 0.98583984375 0.5201207386363637 0.0283203125 0.9597514204545454