21 0.27038823529411765 0.4696776966050709 0.4613294117647059 0.09134078212290503
21 0.2706411764705882 0.3539922647185217 0.4617235294117647 0.12181349376880102
17 0.5014588235294117 0.11945423291792008 0.8529588235294118 0.12115599484314568
21 0.2757529411764706 0.586450365277181 0.4611 0.07798023205844436
21 0.2724823529411765 0.6669617533304684 0.4616941176470588 0.061946712505371725
21 0.27251176470588234 0.7370949720670391 0.4601352941176471 0.04779974215728406
21 0.27603529411764705 0.8047142243231629 0.4591764705882353 0.03281048560378169
21 0.7441117647058824 0.4718006016330039 0.4598117647058823 0.06201976794155565
17 0.1234235294117647 0.2800601633003868 0.16766470588235294 0.020717662226042113
17 0.10943529411764705 0.7790760636012033 0.1342235294117647 0.02082509669101848
21 0.271164705882353 0.8660249247958746 0.4618529411764706 0.06363128491620111
21 0.27081176470588236 0.9218951439621831 0.4616235294117647 0.031860764933390635
21 0.7484176470588235 0.41675118177911474 0.4588058823529412 0.03363987967339923
21 0.7492764705882353 0.6216158143532445 0.45888235294117646 0.07316716802750321
17 0.12063529411764706 0.5376665234207134 0.16290000000000002 0.02038246669531586
3 0.5991647058823529 0.37784701332187365 0.1735470588235294 0.01816072195960464
3 0.2691176470588235 0.9556295659647615 0.3411764705882353 0.02256123764503653
3 0.7757352941176471 0.923936398796734 0.40441176470588236 0.017189514396218308
3 0.7602941176470588 0.8353029651912334 0.3764705882352941 0.02256123764503653
3 0.711764705882353 0.7031585732703051 0.2823529411764706 0.016115169746454664
28 0.05588235294117647 0.992049849591749 0.023529411764705882 0.015900300816501935
32 0.15735294117647058 0.9910829394069618 0.16470588235294117 0.013966480446927373
32 0.13161764705882353 0.03115599484314568 0.18970588235294117 0.042973785990545764
21 0.5014705882352941 0.2266867211001289 0.9294117647058824 0.0730554361839278
21 0.7455882352941177 0.3190803609798023 0.4588235294117647 0.07520412548345509
21 0.7492647058823529 0.7310915341641598 0.4661764705882353 0.02256123764503653
21 0.7470588235294118 0.7686935969058875 0.4676470588235294 0.03330468414267297
21 0.75 0.803072625698324 0.47352941176470587 0.02041254834550924
21 0.7448529411764706 0.8804254404813064 0.46911764705882353 0.04834550923936399
21 0.7455882352941177 0.9550923936398796 0.47058823529411764 0.030081650193382038
19 0.7507352941176471 0.5318006016330039 0.46911764705882353 0.030081650193382038
19 0.7477941176470588 0.561882251826386 0.4632352941176471 0.027932960893854747
19 0.711764705882353 0.6714654061022776 0.39705882352941174 0.015040825096691019