31 0.26105309931126414 0.041769559902200486 0.4243501444123528 0.032600855745721274
31 0.7483514774494556 0.047371638141809294 0.4347189513441458 0.03565709046454768
17 0.8931348589202399 0.12072127139364303 0.12737836036436348 0.08251833740831296
21 0.8909131304154633 0.25468520782396087 0.1451521884025772 0.18337408312958436
6 0.7716796267496112 0.2093520782396088 0.07998222617196178 0.16809290953545233
6 0.1906976227504999 0.9367359413202934 0.08812930459897801 0.1110421760391198
6 0.3862097311708509 0.9296057457212714 0.08220395467673851 0.11715464547677261
6 0.8831370806487447 0.4202322738386308 0.09701621861808488 0.14771699266503668
6 0.1510775383248167 0.17471577017114914 0.22661630748722505 0.18235635696821514
6 0.3769540102199511 0.17013141809290952 0.21624750055543213 0.18337408312958436
6 0.1492268384803377 0.3784627139364303 0.21698955787602753 0.19050427872860637
6 0.3788047100644301 0.3738783618581907 0.2199511219728949 0.2057854523227384
6 0.15033770273272606 0.5862866748166259 0.22069095756498558 0.2047677261613692
6 0.3769540102199511 0.5873074572127139 0.22661630748722505 0.2068062347188264
6 0.14996667407242836 0.7936033007334964 0.2199511219728949 0.1996729828850856
6 0.3769540102199511 0.7956387530562347 0.21921128638080425 0.2017114914425428
6 0.6313419240168852 0.17573349633251834 0.21698955787602753 0.19050427872860637
6 0.5820928682514996 0.3759168704156479 0.12441679626749612 0.20375
6 0.7239124638969118 0.37286063569682154 0.1532992668295934 0.2057854523227384
6 0.6169006887358365 0.609208435207824 0.22809820039991116 0.2587622249388753
6 0.849811153077094 0.6112469437652812 0.23179960008886913 0.2526497555012225
6 0.6139369029104643 0.8608404645476773 0.22809820039991116 0.24042481662591686
6 0.8575872028438125 0.8618581907090465 0.2503154854476783 0.24042481662591686
9 0.07183514774494557 0.2577414425427873 0.05776494112419462 0.02444987775061125
9 0.3058586980670962 0.2592695599022005 0.06961341924016885 0.01935513447432763
9 0.07738946900688735 0.4630195599022005 0.06443012663852478 0.01935513447432763
9 0.3047478338147079 0.4625091687041565 0.06591201955121084 0.018337408312958436
9 0.0766496334147967 0.6810299511002444 0.06591201955121084 0.01935513447432763
9 0.3014152410575428 0.6805226161369193 0.06813374805598756 0.02037591687041565
9 0.07924239057987115 0.8893643031784841 0.06516996223061541 0.02037591687041565
9 0.3043768051544101 0.8919101466992665 0.06813374805598756 0.023432151589242053
9 0.5583936902910465 0.2628361858190709 0.06516996223061541 0.018337408312958436
9 0.555432126194179 0.4665861858190709 0.06516996223061541 0.014263447432762836
9 0.6894756720728726 0.4676039119804401 0.06665185514330149 0.018337408312958436
9 0.5309931126416352 0.730440097799511 0.05480337702732726 0.02037591687041565
9 0.7650144412352811 0.7278942542787287 0.06369029104643413 0.015281173594132029
9 0.5284003554765607 0.9729003667481663 0.05850477671628527 0.02037591687041565
9 0.7616818484781159 0.9749388753056235 0.05850477671628527 0.018337408312958436
12 0.13478560319928903 0.3265067237163814 0.03999111308598089 0.01935513447432763
12 0.12700955343257053 0.23329156479217605 0.051099755609864475 0.02444987775061125
12 0.29882248389246835 0.12224938875305623 0.015552099533437015 0.022411369193154035
12 0.37139968895800934 0.12123166259168705 0.014070206620750944 0.016298899755501223
12 0.3243723616974006 0.22667176039119802 0.010368806931792936 0.017319682151589244
12 0.4717462786047545 0.2169926650366748 0.013330371028660297 0.02037591687041565
12 0.23439235725394356 0.3219223716381418 0.009626749611197511 0.016298899755501223
12 0.22291268606976228 0.38101161369193154 0.013330371028660297 0.02037591687041565
12 0.24698289269051324 0.4406081907090465 0.01110864252388358 0.013242665036674817
12 0.07813152632748278 0.44162591687041564 0.012590535436569652 0.013242665036674817
12 0.12330593201510776 0.3805012224938875 0.00814707842701622 0.01935513447432763
12 0.06331926238613642 0.3815189486552567 0.015552099533437015 0.01935513447432763
12 0.08294379026882914 0.32396088019559904 0.008886914019106865 0.018337408312958436
12 0.2962297267273939 0.3066411980440098 0.04147300599866696 0.016298899755501223
12 0.3188180404354588 0.33618581907090467 0.03925127749389024 0.016298899755501223
12 0.3891735169962231 0.32599938875305623 0.01110864252388358 0.016298899755501223
12 0.35880915352143966 0.3575794621026895 0.009626749611197511 0.018337408312958436
12 0.38954232392801597 0.3922157701711491 0.011848478115974228 0.014263447432762836
12 0.29734059097978227 0.4411155256723716 0.01110864252388358 0.022411369193154035
12 0.3240013330371028 0.44315403422982885 0.04073094867807154 0.014263447432762836
12 0.3899133525883137 0.44213630806845966 0.0688735836480782 0.016298899755501223
12 0.09960675405465452 0.5312744498777506 0.030364363474783378 0.015281173594132029
12 0.14737391690735394 0.5526680929095354 0.007405021106420795 0.013242665036674817
12 0.23624305709842255 0.5378973105134475 0.011848478115974228 0.02037591687041565
12 0.21439680071095313 0.6418092909535452 0.04073094867807154 0.014263447432762836
12 0.10071761830704287 0.6051344743276283 0.06516996223061541 0.018337408312958436
12 0.05295045545434348 0.6586185819070904 0.01110864252388358 0.021393643031784843
12 0.10960453232614974 0.6453759168704156 0.008886914019106865 0.017319682151589244
12 0.29808264830037773 0.5526680929095354 0.01110864252388358 0.01935513447432763
12 0.3128926905132193 0.5837408312958435 0.030364363474783378 0.016298899755501223
12 0.32585425461008666 0.6560727383863081 0.04295267718284826 0.016298899755501223
12 0.47433903576982894 0.5587805623471882 0.015552099533437015 0.01935513447432763
12 0.09146189735614309 0.7436827628361858 0.01110864252388358 0.012224938875305624
12 0.09331259720062209 0.7829064792176039 0.011848478115974228 0.021393643031784843
12 0.08368584758942457 0.804807457212714 0.0325860919795601 0.018337408312958436
12 0.07442790491001999 0.8659321515892421 0.02888247056209731 0.016298899755501223
12 0.1992157298378138 0.813468826405868 0.05776494112419462 0.015281173594132029
12 0.22772717173961343 0.866442542787286 0.012590535436569652 0.017319682151589244
12 0.29808264830037773 0.8195812958435208 0.012590535436569652 0.021393643031784843
12 0.29660075538769165 0.8654248166259169 0.01110864252388358 0.015281173594132029
12 0.33918462563874696 0.8012438875305624 0.010368806931792936 0.015281173594132029
12 0.4547145078871362 0.8221271393643031 0.014812263941346368 0.014263447432762836
12 0.5854254610086648 0.12072127139364303 0.009626749611197511 0.01935513447432763
12 0.6720728726949566 0.25213936430317846 0.00814707842701622 0.023432151589242053
12 0.5454343479226839 0.34077017114914426 0.03776938458120418 0.01935513447432763
12 0.5646900688735836 0.38915953545232274 0.03480782048433681 0.014263447432762836
12 0.6324527882692735 0.3652200488997555 0.008886914019106865 0.023432151589242053
12 0.6054210175516552 0.4125916870415648 0.009626749611197511 0.02444987775061125
12 0.6320817596089758 0.4451925427872861 0.00814707842701622 0.016298899755501223
12 0.5939413463674739 0.4497768948655257 0.04739613419240169 0.013242665036674817
12 0.7516840702066208 0.31886613691931537 0.03999111308598089 0.014263447432762836
12 0.6672583870251055 0.3193765281173594 0.013330371028660297 0.01935513447432763
12 0.6765163297045101 0.406479217603912 0.030364363474783378 0.01018643031784841
12 0.7613130415463231 0.414119804400978 0.02221728504776716 0.013242665036674817
12 0.7883425905354365 0.38712408312958435 0.019995556542990445 0.016298899755501223
12 0.6783670295489891 0.519049511002445 0.0325860919795601 0.01935513447432763
12 0.6542990446567429 0.5694773838630807 0.06443012663852478 0.02037591687041565
12 0.6987336147522772 0.685614303178484 0.04665629860031104 0.02037591687041565
12 0.6172694956676295 0.6993673594132029 0.04961786269717841 0.017319682151589244
12 0.5535814263497001 0.6993673594132029 0.05406131970673184 0.021393643031784843
12 0.6169006887358365 0.7686430317848411 0.04443457009553432 0.015281173594132029
12 0.6328215952010664 0.805828239608802 0.033325927571650746 0.016298899755501223
12 0.5313641413019329 0.8491228606356968 0.043694734503443675 0.017319682151589244
12 0.6391179737836037 0.9301130806845965 0.05480337702732726 0.016298899755501223
12 0.6961408575872028 0.8425030562347189 0.04295267718284826 0.022411369193154035
12 0.7657564985558765 0.8027720048899756 0.04295267718284826 0.018337408312958436
12 0.8138924683403688 0.7788294621026894 0.045916463008220394 0.029544621026894865
12 0.910168851366363 0.7992053789731052 0.04443457009553432 0.021393643031784843
12 0.950159964452344 0.8654248166259169 0.05035992001777383 0.02546760391198044
12 0.7646456343034881 0.9245110024449877 0.04517440568762497 0.02546760391198044
12 0.9060942012886025 0.5185421760391198 0.05406131970673184 0.02648838630806846
12 0.8431459675627638 0.5445201711491443 0.05702510553210398 0.023432151589242053
12 0.7820484336814041 0.5664211491442542 0.03999111308598089 0.022411369193154035
12 0.8624016885136636 0.617869804400978 0.03628749166851811 0.02546760391198044
12 0.9320151077538325 0.6708435207823961 0.04073094867807154 0.023432151589242053
12 0.880915352143968 0.684596577017115 0.04665629860031104 0.022411369193154035
12 0.7990824261275272 0.7049724938875306 0.045916463008220394 0.02648838630806846
31 0.870546545212175 0.9925641809290954 0.09997778271495224 0.014874694376528119
31 0.12108420351033104 0.9902200488997555 0.11330815374361253 0.018337408312958436
27 0.05887580537658298 0.9785055012224939 0.02295712063985781 0.02750611246943765
27 0.9383092646078649 0.9915433985330073 0.025178849144634526 0.016910146699266503