7 0.2929373996789727 0.18669191919191921 0.39555377207062603 0.3354924242424242
10 0.12268057784911719 0.3395580808080808 0.03898876404494382 0.017133838383838383
11 0.19375601926163724 0.08433080808080809 0.1926163723916533 0.130770202020202
9 0.14102728731942216 0.13347222222222221 0.034398073836276084 0.01804292929292929
9 0.35083467094703047 0.1474621212121212 0.02521669341894061 0.017133838383838383
9 0.2017817014446228 0.31339646464646465 0.02521669341894061 0.02255050505050505
11 0.2671428571428571 0.25207070707070706 0.2086677367576244 0.2047222222222222
13 0.21611556982343497 0.39141414141414144 0.2992455858747994 0.07034090909090909
20 0.21439807383627607 0.4563510101010101 0.29581059390048153 0.06313131313131314
13 0.522247191011236 0.1776641414141414 0.29235955056179774 0.03787878787878788
20 0.5205296950240771 0.2047222222222222 0.2935152487961477 0.0234469696969697
18 0.521669341894061 0.23854797979797981 0.29808988764044947 0.047803030303030306
18 0.522247191011236 0.2782323232323233 0.2992455858747994 0.036982323232323235
18 0.5205296950240771 0.3201641414141414 0.29808988764044947 0.04508838383838384
18 0.5199518459069021 0.37202020202020203 0.2946548956661316 0.05862373737373738
20 0.5205296950240771 0.4631186868686869 0.28892455858747995 0.047803030303030306
16 0.5239646869983948 0.42974747474747477 0.21783306581059392 0.017133838383838383
18 0.826645264847512 0.04329545454545455 0.2935152487961477 0.034267676767676766
18 0.826645264847512 0.07170454545454545 0.2935152487961477 0.027954545454545454
18 0.8272231139646871 0.10101010101010101 0.29235955056179774 0.034267676767676766
18 0.8300802568218298 0.14700757575757575 0.29121990369181383 0.05771464646464647
18 0.8295184590690208 0.1871338383838384 0.29235955056179774 0.024356060606060603
18 0.8295184590690208 0.22366161616161614 0.29235955056179774 0.04329545454545455
18 0.8312359550561798 0.2583838383838384 0.2935152487961477 0.0261489898989899
20 0.8255056179775281 0.4058459595959596 0.29121990369181383 0.14069444444444446
16 0.8209149277688603 0.31970959595959597 0.2430658105939005 0.024356060606060603
21 0.951621187800963 0.4825 0.034398073836276084 0.016237373737373738
0 0.5228089887640449 0.7751641414141414 0.9080417335473516 0.3670580808080808
16 0.24134831460674158 0.6470959595959596 0.31759229534510436 0.09108585858585859
16 0.6317335473515249 0.6331186868686869 0.46089887640449434 0.0685479797979798
16 0.6804654895666131 0.6791161616161616 0.5514767255216694 0.01804292929292929
16 0.1633868378812199 0.728270202020202 0.15937399678972713 0.038775252525252525
18 0.19032102728731942 0.776969696969697 0.21555377207062598 0.047803030303030306
18 0.18974317817014444 0.8279166666666667 0.21439807383627607 0.0468939393939394
18 0.19319422150882826 0.8802272727272727 0.21439807383627607 0.04869949494949495
7 0.44886035313001604 0.8017676767676768 0.19834670947030497 0.2254671717171717
7 0.6592455858747993 0.8013131313131313 0.19720706260032103 0.2245707070707071
7 0.8661958266452648 0.7999621212121213 0.20523274478330658 0.2218560606060606
10 0.4207704654895666 0.8446085858585858 0.12841091492776885 0.02976010101010101
9 0.4482985553772071 0.8860984848484849 0.19032102728731942 0.056818181818181816
9 0.6569662921348315 0.8955681818181818 0.18802568218298554 0.028863636363636362
9 0.8656340288924558 0.8878914141414141 0.1995024077046549 0.04419191919191919
10 0.6242857142857143 0.8676010101010101 0.11808988764044943 0.0234469696969697
10 0.8346709470304976 0.8491161616161617 0.12382022471910112 0.027954545454545454
19 0.5233868378812199 0.9311868686868687 0.8747993579454254 0.017133838383838383
19 0.13184590690208667 0.9677146464646464 0.12611556982343497 0.016237373737373738