6 0.24188793103448275 0.5242169408897014 0.3052758620689655 0.1817976843388178
23 0.3550431034482759 0.306581352833638 0.5269310344827586 0.02353443022547227
17 0.772198275862069 0.6204387568555758 0.2188103448275862 0.0907921998781231
23 0.19499137931034483 0.8883668494820232 0.20235344827586205 0.0654722730042657
23 0.7897500000000001 0.8228397318708105 0.24161206896551723 0.05216940889701401
23 0.35650862068965516 0.2528458257160268 0.5321120689655172 0.07859232175502742
6 0.7851293103448276 0.4882205971968312 0.2431206896551724 0.12979280926264472
23 0.7871724137931034 0.7315965874466789 0.24132758620689654 0.13070688604509445
23 0.19531896551724137 0.7833211456429007 0.20621551724137932 0.14266301035953688
23 0.521801724137931 0.5028092626447288 0.2273534482758621 0.13980499695307738
6 0.46551724137931033 0.8232784887263863 0.3137931034482759 0.2205971968312005
9 0.1879310344827586 0.603290676416819 0.18620689655172415 0.017062766605728214
17 0.34051724137931033 0.39061547836684946 0.5017241379310344 0.06946983546617916
17 0.7758620689655172 0.182205971968312 0.22758620689655173 0.1182205971968312
17 0.30431034482758623 0.16453382084095064 0.42586206896551726 0.09506398537477148
35 0.5008620689655172 0.9695307739183425 0.2982758620689655 0.02315661182205972
23 0.19310344827586207 0.9317489335770871 0.20689655172413793 0.018281535648994516
23 0.7879310344827586 0.862279098110908 0.24482758620689654 0.030469226081657527
23 0.7836206896551724 0.8890920170627666 0.24655172413793103 0.028031687995124923
23 0.7836206896551724 0.9183424741011579 0.24655172413793103 0.03290676416819013
23 0.5189655172413793 0.5825716026812919 0.23448275862068965 0.021937842778793418
23 0.7887931034482759 0.3284582571602681 0.24310344827586206 0.15234613040828762
23 0.7836206896551724 0.4125533211456429 0.24655172413793103 0.01340645947592931
23 0.35344827586206895 0.32967702620353445 0.5206896551724138 0.020719073735527116
35 0.2025862068965517 0.08104814137720902 0.2120689655172414 0.054844606946983544
31 0.039655172413793106 0.051188299817184646 0.05172413793103448 0.04143814747105423
25 0.8448275862068966 0.09140767824497258 0.13448275862068965 0.02437538086532602
17 0.32819827586206896 0.6668433881779403 0.4839913793103448 0.09053625837903717
9 0.44026724137931034 0.7221206581352834 0.25 0.018281535648994516