6 0.19311377245508982 0.48915425065731816 0.31137724550898205 0.23334794040315512
6 0.49550898203592814 0.4886064855390009 0.27844311377245506 0.23444347063978965
6 0.811377245508982 0.4924408413672217 0.3083832335329341 0.23334794040315512
6 0.3690119760479042 0.23444347063978965 0.37574850299401197 0.18843120070113936
31 0.08682634730538923 0.01478965819456617 0.16766467065868262 0.025197195442594217
17 0.4977544910179641 0.07120946538124452 0.8098802395209581 0.07230499561787905
17 0.7267964071856288 0.16159070990359334 0.28592814371257486 0.02957931638913234
17 0.6309880239520959 0.8178133216476775 0.5973053892215568 0.0492988606485539
9 0.8016467065868264 0.5839176161262051 0.3068862275449102 0.046012269938650305
9 0.4812874251497006 0.5861086765994742 0.28592814371257486 0.02848378615249781
9 0.17889221556886228 0.5861086765994742 0.28293413173652693 0.03943908851884312
20 0.14446107784431136 0.6178790534618755 0.18413173652694612 0.01971954425942156
20 0.44011976047904194 0.6156879929886064 0.20059880239520958 0.017528483786152498
20 0.7851796407185628 0.616783523225241 0.25299401197604793 0.017528483786152498
20 0.750748502994012 0.7274320771253286 0.20209580838323354 0.035056967572304996
20 0.4244011976047904 0.7257887817703769 0.19011976047904192 0.036152497808939525
20 0.14221556886227546 0.7257887817703769 0.20359281437125748 0.03834355828220859
20 0.015718562874251496 0.6748466257668712 0.02844311377245509 0.28264680105170903
20 0.5643712574850299 0.8484881682734443 0.47604790419161674 0.014241893076248905
20 0.6279940119760479 0.8654688869412795 0.6002994011976048 0.01971954425942156
20 0.49476047904191617 0.9558501314636284 0.8308383233532934 0.03396143733567047
20 0.44236526946107785 0.9886064855390009 0.4086826347305389 0.022787028921998246
20 0.6699101796407185 0.30017528483786154 0.1781437125748503 0.035056967572304996
20 0.6684131736526946 0.19993426818580193 0.18113772455089822 0.014241893076248905
20 0.6856287425149701 0.1829535495179667 0.20958083832335328 0.017528483786152498
19 0.6758982035928144 0.22622699386503067 0.18413173652694612 0.014241893076248905
19 0.6788922155688623 0.24046888694127957 0.18712574850299402 0.016432953549517966
19 0.6811377245508982 0.2574496056091148 0.19161676646706588 0.017528483786152498
19 0.6826347305389222 0.2738825591586328 0.19461077844311378 0.017528483786152498
19 0.3944610778443114 0.6474583698510079 0.12724550898203593 0.015337423312883436
19 0.4273952095808383 0.6617002629272568 0.18712574850299402 0.015337423312883436
19 0.43038922155688625 0.6775854513584575 0.19311377245508982 0.012050832602979842
19 0.4281437125748503 0.692922874671341 0.19760479041916168 0.02081507449605609
19 0.11152694610778444 0.6463628396143734 0.11526946107784432 0.013146362839614373
19 0.1309880239520958 0.6627957931638914 0.15718562874251496 0.013146362839614373
19 0.14595808383233533 0.6759421560035057 0.19311377245508982 0.017528483786152498
19 0.1467065868263473 0.6956617002629273 0.19461077844311378 0.017528483786152498
19 0.719311377245509 0.6463628396143734 0.14221556886227546 0.015337423312883436
19 0.7455089820359282 0.662248028045574 0.19461077844311378 0.016432953549517966
19 0.7432634730538922 0.6775854513584575 0.19011976047904192 0.01862401402278703
19 0.7447604790419161 0.6945661700262927 0.19311377245508982 0.017528483786152498
6 0.18188622754491018 0.8583479404031551 0.2410179640718563 0.09092900964066608
6 0.5553892215568862 0.9010736196319018 0.46107784431137727 0.03834355828220859