13 0.3899159663865546 0.6716152019002375 0.22521008403361345 0.22684085510688837
20 0.15378151260504203 0.6175771971496437 0.2235294117647059 0.13539192399049882
20 0.8563025210084033 0.6733966745843231 0.2235294117647059 0.10926365795724466
20 0.8563025210084033 0.7743467933491687 0.226890756302521 0.09026128266033254
20 0.15210084033613444 0.8485748218527316 0.2235294117647059 0.16033254156769597
20 0.15294117647058825 0.7262470308788599 0.22521008403361345 0.07957244655581948
13 0.6226890756302521 0.7024940617577197 0.23025210084033612 0.28859857482185275
20 0.15378151260504203 0.5041567695961995 0.226890756302521 0.09382422802850356
20 0.8554621848739495 0.8551068883610451 0.22521008403361345 0.0665083135391924
20 0.38823529411764707 0.8752969121140143 0.2218487394957983 0.10451306413301663
20 0.6226890756302521 0.8871733966745843 0.2235294117647059 0.08076009501187649
13 0.8571428571428571 0.586104513064133 0.22521008403361345 0.060570071258907364
10 0.22268907563025211 0.418646080760095 0.30084033613445377 0.04631828978622328
20 0.8571428571428571 0.9079572446555819 0.22857142857142856 0.03681710213776722
16 0.3840336134453782 0.8070071258907363 0.21008403361344538 0.02494061757719715
16 0.5058823529411764 0.09560570071258907 0.9378151260504202 0.10570071258907364
30 0.7966386554621848 0.9418052256532067 0.346218487394958 0.019002375296912115
7 0.5089579831932772 0.3504394299287411 0.94109243697479 0.39321852731591445