6 0.4947804878048781 0.4015609137055838 0.9802601626016261 0.44779187817258886
9 0.12079674796747969 0.4731725888324873 0.1951219512195122 0.018134517766497462
12 0.18351219512195122 0.5175888324873097 0.3252032520325203 0.07069796954314721
12 0.05226016260162602 0.5746954314720812 0.06271544715447154 0.036256345177664975
12 0.1811869918699187 0.5810406091370559 0.1533170731707317 0.04531725888324873
12 0.7712032520325204 0.2655964467005076 0.05110569105691057 0.03444162436548223
12 0.8757235772357724 0.31181472081218276 0.05575609756097561 0.032626903553299495
8 0.0836260162601626 0.7931472081218274 0.13936585365853657 0.07069796954314721
8 0.24390243902439024 0.7913324873096448 0.14866666666666667 0.07069796954314721
8 0.40882926829268296 0.7913324873096448 0.1533170731707317 0.0743274111675127
8 0.5702601626016259 0.8031218274111676 0.14634146341463414 0.09789340101522842
8 0.7351869918699186 0.7868020304568528 0.14634146341463414 0.06163705583756345
8 0.8977886178861788 0.7967766497461929 0.15099186991869917 0.08520304568527919
9 0.07084552845528455 0.6598984771573604 0.11847154471544716 0.014505076142131978
9 0.24390243902439024 0.6607994923857868 0.14866666666666667 0.01631979695431472
9 0.3995284552845529 0.6598984771573604 0.13008130081300814 0.014505076142131978
9 0.5691056910569106 0.6653426395939086 0.13936585365853657 0.029010152284263957
9 0.8873333333333334 0.6635279187817259 0.12543089430894308 0.032626903553299495
9 0.30313821138211383 0.6363324873096446 0.5969756097560975 0.018134517766497462
22 0.14982113821138213 0.9454314720812182 0.2717723577235772 0.06345177664974619
22 0.43902439024390244 0.9418020304568527 0.2508780487804878 0.0525761421319797
6 0.8490081300813008 0.9218654822335025 0.2764227642276423 0.12147208121827412
12 0.7793333333333333 0.9091751269035533 0.11382113821138211 0.07795685279187817
12 0.9070894308943089 0.9671827411167513 0.1370569105691057 0.01631979695431472
17 0.4878048780487805 0.08158629441624367 0.8733983739837398 0.10876903553299491
22 0.49013008130081304 0.15318527918781724 0.8641138211382113 0.0308248730964467
6 0.08188617886178862 0.7446573604060913 0.16144715447154473 0.19488578680203045
6 0.2404227642276423 0.7419289340101523 0.15795121951219512 0.19488578680203045
6 0.4076585365853659 0.7373984771573605 0.16957723577235773 0.18763959390862947
6 0.5714308943089431 0.7550761421319797 0.15795121951219512 0.2175507614213198
6 0.7351869918699186 0.7342258883248731 0.15795121951219512 0.18310913705583756
6 0.9001138211382115 0.741484771573604 0.1649268292682927 0.21029187817258885