20 0.22268907563025211 0.4513064133016627 0.2504201680672269 0.0855106888361045
20 0.2235294117647059 0.35510688836104515 0.25210084033613445 0.1021377672209026
20 0.49411764705882355 0.39073634204275537 0.25210084033613445 0.07600950118764846
20 0.7672268907563026 0.407957244655582 0.2504201680672269 0.06532066508313539
20 0.7655462184873949 0.29275534441805223 0.2504201680672269 0.06769596199524941
20 0.2235294117647059 0.5213776722090261 0.25210084033613445 0.057007125890736345
18 0.2238487394957983 0.6334560570071259 0.2527226890756303 0.048384798099762476
20 0.22268907563025211 0.5676959619952494 0.2504201680672269 0.03800475059382423
20 0.7672268907563026 0.3503562945368171 0.2504201680672269 0.047505938242280284
20 0.7663865546218488 0.4744655581947744 0.25210084033613445 0.07007125890736342
20 0.49495798319327733 0.5617577197149644 0.2504201680672269 0.057007125890736345
20 0.22436974789915967 0.2850356294536817 0.2504201680672269 0.03800475059382423
20 0.4957983193277311 0.6146080760095012 0.25210084033613445 0.048693586698337295
20 0.49495798319327733 0.46199524940617576 0.2504201680672269 0.0688836104513064
20 0.22268907563025211 0.5967933491686461 0.2504201680672269 0.020190023752969122
20 0.22436974789915967 0.1828978622327791 0.2504201680672269 0.0332541567695962
25 0.49495798319327733 0.8752969121140143 0.253781512605042 0.028503562945368172
20 0.4966386554621849 0.2321852731591449 0.253781512605042 0.032066508313539195
20 0.49495798319327733 0.5136579572446556 0.2504201680672269 0.03681710213776722
18 0.22436974789915967 0.21199524940617578 0.2504201680672269 0.022565320665083134
18 0.22436974789915967 0.2339667458432304 0.2504201680672269 0.021377672209026127
16 0.4957983193277311 0.1003562945368171 0.34285714285714286 0.03681710213776722
20 0.49327731092436977 0.6870546318289786 0.24033613445378152 0.02494061757719715
21 0.4981176470588235 0.138729216152019 0.5032436974789916 0.034501187648456055
18 0.22436974789915967 0.25593824228028506 0.2504201680672269 0.020190023752969122
20 0.7667394957983193 0.19831353919239902 0.1877310924369748 0.012066508313539193
20 0.7480336134453781 0.18693586698337292 0.18352941176470589 0.010498812351543943
20 0.6899159663865546 0.17339667458432304 0.10252100840336134 0.014251781472684086
13 0.49495798319327733 0.19358669833729217 0.2504201680672269 0.047505938242280284
28 0.8784369747899159 0.9051900237529691 0.02689075630252101 0.0166270783847981
30 0.14581512605042019 0.9061163895486937 0.09667226890756303 0.014133016627078386
0 0.7624537815126051 0.7032897862232779 0.25040336134453783 0.3668764845605701
18 0.2224201680672269 0.7455581947743468 0.2547731092436975 0.01984560570071259
18 0.22272268907563028 0.7268883610451305 0.25418487394957984 0.019833729216152018
18 0.2226218487394958 0.7081116389548694 0.2527731092436975 0.01875296912114014
18 0.22342857142857142 0.6895843230403801 0.2527731092436975 0.019026128266033254
18 0.18132773109243697 0.6762114014251781 0.1689747899159664 0.008966745843230404
18 0.12897478991596636 0.6651187648456056 0.06310924369747899 0.012826603325415678
20 0.4957310924369748 0.7648218527315914 0.2539663865546219 0.12707838479809977
20 0.3875294117647059 0.8370546318289785 0.03756302521008403 0.011971496437054632
20 0.47033613445378153 0.8495011876484561 0.17196638655462185 0.013111638954869357
20 0.49473949579831933 0.6654038004750593 0.24917647058823528 0.019026128266033254
20 0.42314285714285715 0.6473040380047506 0.08115966386554621 0.01166270783847981
18 0.4831428571428572 0.26795724465558196 0.19956302521008404 0.011377672209026128
18 0.46094117647058824 0.2530047505938242 0.18317647058823527 0.011080760095011877
18 0.4560336134453781 0.2893230403800475 0.17216806722689076 0.011674584323040381
18 0.40783193277310925 0.27856294536817106 0.04695798319327731 0.010534441805225652
18 0.4483361344537815 0.3368408551068884 0.15796638655462183 0.01001187648456057
18 0.4515294117647059 0.3276484560570071 0.16436974789915965 0.008586698337292161
18 0.46413445378151263 0.318313539192399 0.1895798319327731 0.010285035629453682
18 0.42243697478991593 0.30890736342042757 0.10497478991596638 0.009287410926365796
18 0.4235294117647059 0.2997862232779097 0.10756302521008404 0.010546318289786224
18 0.4266386554621849 0.3463182897862233 0.11576470588235294 0.010296912114014251
18 0.7612268907563026 0.2279334916864608 0.21233613445378152 0.010676959619952494
18 0.7357310924369748 0.2158432304038005 0.16013445378151261 0.011092636579572447
20 0.7639327731092437 0.2514251781472684 0.18532773109243697 0.012244655581947744
18 0.7059327731092436 0.2384916864608076 0.10292436974789916 0.010961995249406177
18 0.22342857142857142 0.778230403800475 0.25198319327731095 0.019014251781472685
18 0.17183193277310924 0.76083135391924 0.1535798319327731 0.011365795724465558
20 0.2226218487394958 0.8015676959619952 0.2503865546218487 0.02836104513064133
18 0.2223361344537815 0.8277197149643706 0.25337815126050417 0.02128266033254157
20 0.2221344537815126 0.8495724465558195 0.2529747899159664 0.021722090261282658
20 0.2226218487394958 0.8742517814726841 0.25517647058823534 0.02781472684085511