7 0.5063382705026327 0.6379450370913013 0.8807321493683383 0.6876094566610635
20 0.39646869983948635 0.307449494949495 0.21829855537720708 0.16792929292929293
20 0.16853932584269662 0.255050505050505 0.22150882825040127 0.1717171717171717
20 0.398876404494382 0.11994949494949494 0.21990369181380418 0.14393939393939395
20 0.6268057784911717 0.17803030303030304 0.21990369181380418 0.05808080808080808
20 0.16773675762439808 0.36553030303030304 0.21990369181380418 0.04924242424242424
18 0.6268057784911717 0.2196969696969697 0.21990369181380418 0.022727272727272728
13 0.398876404494382 0.03345959595959596 0.21990369181380418 0.023989898989898988
18 0.8547191011235955 0.09220959595959596 0.21829855537720708 0.047979797979797977
18 0.6268057784911717 0.24936868686868688 0.21990369181380418 0.039141414141414144
13 0.8547351524879615 0.04419191919191919 0.21990369181380418 0.047979797979797977
16 0.398876404494382 0.21022727272727273 0.13001605136436598 0.01893939393939394
12 0.18619582664526485 0.47664141414141414 0.14446227929373998 0.036616161616161616
20 0.85553772070626 0.18371212121212122 0.21829855537720708 0.023989898989898988
13 0.17048154093097911 0.09554292929292929 0.22150882825040127 0.14898989898989898
18 0.85553772070626 0.255050505050505 0.22150882825040127 0.027777777777777776
13 0.6243980738362761 0.08585858585858586 0.21829855537720708 0.12878787878787878
18 0.8547351524879615 0.21717171717171718 0.21990369181380418 0.045454545454545456
18 0.8547351524879615 0.15568181818181817 0.21990369181380418 0.03535353535353535
18 0.8554253611556981 0.12664141414141414 0.22003210272873197 0.022904040404040406
28 0.07245585874799358 0.9612752525252526 0.05929373996789727 0.016363636363636365
28 0.13971107544141254 0.9616666666666667 0.05409309791332264 0.015530303030303031
12 0.7181701444622793 0.3555050505050505 0.12189406099518459 0.03901515151515152
12 0.87107544141252 0.3679545454545455 0.07459069020866774 0.019734848484848487
12 0.9036276083467095 0.4926893939393939 0.04873194221508828 0.02296717171717172
12 0.8726324237560192 0.6121464646464646 0.0803852327447833 0.032525252525252527
12 0.8650561797752808 0.7434722222222223 0.07593900481540931 0.03212121212121212
12 0.8697271268057786 0.8222348484848485 0.1307704654895666 0.031818181818181815
12 0.6018138041733547 0.8620580808080808 0.1032263242375602 0.03361111111111111
12 0.263900481540931 0.8531060606060605 0.11224719101123597 0.017815656565656566
12 0.12837881219903693 0.845391414141414 0.08199036918138042 0.03184343434343434
12 0.12080256821829856 0.7776767676767676 0.07218298555377207 0.02688131313131313
12 0.1520064205457464 0.6471717171717171 0.07573033707865169 0.056262626262626264
10 0.5064205457463884 0.9571085858585858 0.051540930979133225 0.021666666666666667
9 0.7645264847512039 0.946401515151515 0.2146067415730337 0.04025252525252525