7 0.4768976897689769 0.8831942789034565 0.14521452145214522 0.11323003575685339
10 0.14108910891089108 0.9237187127532777 0.0858085808580858 0.026221692491060787
10 0.47648514851485146 0.9237187127532777 0.10643564356435643 0.026221692491060787
10 0.02557755775577558 0.058700834326579264 0.024752475247524754 0.08283671036948749
19 0.9051155115511551 0.9460667461263409 0.12706270627062707 0.05303933253873659
19 0.030024752475247524 0.435357568533969 0.034843234323432344 0.4443444576877235
7 0.49561881188118817 0.3227115613825983 0.8881023102310232 0.6454171632896305
7 0.6458250825082509 0.6803039332538736 0.45288778877887786 0.20050059594755662
10 0.5069224422442244 0.6837663885578068 0.15575082508250826 0.046513706793802144
7 0.14212046204620463 0.8827115613825983 0.15635313531353134 0.12557210965435042
7 0.3112871287128713 0.8844517282479141 0.1563943894389439 0.12607270560190703
10 0.30715346534653465 0.9236829558998808 0.1398927392739274 0.025750893921334922
2 0.07403465346534653 0.722258641239571 0.028432343234323434 0.025172824791418358
20 0.3099257425742574 0.7267342073897497 0.5002227722772277 0.04603694874851013
20 0.3106188118811881 0.76746126340882 0.48509075907590754 0.03214541120381406
20 0.26316006600660063 0.7930452920143027 0.3901815181518152 0.02669249106078665
19 0.7121947194719471 0.8839511323003576 0.2898927392739274 0.11315852205005959