17 0.11659695817490494 0.04283519553072626 0.17743346007604563 0.027932960893854747
17 0.6210456273764259 0.3226256983240223 0.20532319391634982 0.04562849162011173
23 0.11914448669201522 0.14850558659217877 0.2306653992395437 0.12942737430167597
23 0.11787072243346007 0.24814245810055865 0.2306653992395437 0.07168994413407821
23 0.12039923954372624 0.38268156424581007 0.233212927756654 0.19925977653631283
23 0.12039923954372624 0.5521368715083799 0.2306653992395437 0.14152234636871508
24 0.3726235741444867 0.0935754189944134 0.2256083650190114 0.14804469273743018
23 0.3688212927756654 0.2518575418994414 0.2256083650190114 0.17039106145251395
23 0.37072243346007605 0.41574022346368716 0.22433460076045628 0.15736033519553072
23 0.3726235741444867 0.5451536312849162 0.22306083650190114 0.10335195530726257
23 0.3738973384030418 0.6089385474860335 0.23574144486692014 0.02607541899441341
24 0.6223003802281368 0.08659217877094973 0.2306653992395437 0.13222067039106145
23 0.6229467680608365 0.20810055865921787 0.23193916349809887 0.1052094972067039
23 0.6210456273764259 0.4376117318435754 0.233212927756654 0.14339385474860336
23 0.6203992395437262 0.5675 0.23193916349809887 0.11266759776536313
24 0.8726235741444867 0.10614525139664804 0.2294106463878327 0.1713268156424581
23 0.8726235741444867 0.28537709497206704 0.2294106463878327 0.18900837988826819
23 0.8681939163498099 0.5023324022346369 0.22813688212927757 0.2467458100558659
6 0.4955703422053232 0.7932960893854749 0.9683079847908745 0.31470670391061456
11 0.17933460076045626 0.8179748603351955 0.3206653992395437 0.24487430167597768
8 0.07161596958174905 0.9320251396648045 0.049429657794676805 0.01861731843575419
8 0.42395437262357416 0.9017737430167597 0.051958174904942964 0.023282122905027937
8 0.7015209125475285 0.9297067039106145 0.049429657794676805 0.015824022346368715
11 0.49176806083650193 0.809594972067039 0.2864448669201521 0.22252793296089388
11 0.8111596958174905 0.8389245810055865 0.3269961977186312 0.2122905027932961
35 0.9264828897338403 0.9636871508379888 0.11659695817490494 0.020488826815642458