15 0.27949579831932775 0.32154394299287414 0.43181512605042016 0.13022565320665083
15 0.28663865546218487 0.7150712589073634 0.43003361344537816 0.12838479809976247
20 0.2815126050420168 0.1421733966745843 0.4291932773109244 0.06973871733966745
15 0.2843529411764706 0.8439904988123516 0.4314621848739496 0.12717339667458433
15 0.27596638655462186 0.21837292161520191 0.42937815126050416 0.07806413301662708
15 0.28021848739495797 0.44806413301662706 0.43105882352941177 0.12352731591448932
15 0.2845714285714286 0.9296199524940618 0.4303025210084033 0.049263657957244654
15 0.2825714285714286 0.5807007125890736 0.43566386554621855 0.13507125890736343
16 0.27238655462184874 0.05732779097387174 0.37556302521008406 0.038705463182897866
25 0.728218487394958 0.9362351543942993 0.4252436974789916 0.03834916864608076
16 0.27969747899159664 0.09128266033254157 0.08532773109243698 0.02513064133016627
13 0.723546218487395 0.06909738717339667 0.43495798319327733 0.046068883610451306
15 0.7211764705882353 0.16248218527315914 0.430218487394958 0.13902612826603325
15 0.721781512605042 0.29270783847980997 0.43378151260504205 0.12311163895486936
15 0.7241512605042016 0.40200712589073634 0.43615126050420167 0.09045130641330165
15 0.7282857142857143 0.5167458432304038 0.43495798319327733 0.14070071258907363
15 0.7282857142857143 0.6256175771971496 0.43732773109243694 0.07872921615201901
15 0.7265210084033613 0.7277909738717339 0.4290420168067227 0.12562945368171022
15 0.7282857142857143 0.8504869358669834 0.4325882352941176 0.12478622327790972