20 0.7797983193277311 0.2286104513064133 0.26534453781512607 0.05011876484560571
20 0.3676302521008403 0.10789786223277908 0.26142857142857145 0.04427553444180523
16 0.3722689075630252 0.07125890736342043 0.226890756302521 0.030878859857482184
0 0.49653781512605044 0.8720071258907364 0.8760336134453781 0.2335035629453682
19 0.6380504201680672 0.07991686460807601 0.16221848739495798 0.010712589073634204
20 0.7910252100840337 0.3577553444180523 0.24270588235294116 0.06509501187648456
33 0.4960840336134454 0.3718171021377672 0.31341176470588233 0.11470308788598575
20 0.2107058823529412 0.22342042755344418 0.2710084033613445 0.04228028503562946
19 0.19601680672268906 0.3025771971496437 0.14038655462184874 0.009691211401425178
16 0.16030252100840336 0.49243467933491686 0.1602016806722689 0.015225653206650832
0 0.37603361344537817 0.5961638954869359 0.19556302521008403 0.0801543942992874
0 0.6148235294117647 0.5998456057007125 0.1958655462184874 0.05586698337292161
16 0.8182689075630252 0.48522565320665084 0.13529411764705881 0.020035629453681713
0 0.872873949579832 0.6935273159144894 0.12033613445378151 0.1165439429928741
16 0.4963865546218488 0.6542755344418052 0.17594957983193277 0.027458432304038004
16 0.2659831932773109 0.6501306413301662 0.13877310924369746 0.0195249406175772
0 0.12040336134453782 0.6952494061757719 0.11008403361344538 0.11680522565320664
16 0.49662184873949583 0.6530166270783848 0.17680672268907563 0.026021377672209026
16 0.16894117647058823 0.4619002375296912 0.16909243697478993 0.023836104513064133
16 0.82 0.46295724465558197 0.17818487394957983 0.022779097387173396
16 0.49568067226890755 0.3030760095011876 0.1771764705882353 0.01971496437054632
16 0.49885714285714283 0.20938242280285038 0.2709075630252101 0.0445249406175772
16 0.21321008403361344 0.19485748218527316 0.07608403361344539 0.015475059382422803
16 0.6342352941176471 0.06364608076009502 0.07781512605042017 0.022244655581947746
16 0.7808067226890756 0.19842042755344416 0.0639327731092437 0.011520190023752968
16 0.7927394957983194 0.30806413301662705 0.1864201680672269 0.02653206650831354
16 0.19994957983193276 0.2915676959619953 0.10559663865546218 0.014109263657957246
16 0.49606722689075633 0.49676959619952493 0.030050420168067225 0.10306413301662708
7 0.15121008403361344 0.10963182897862234 0.17169747899159662 0.14271971496437055
7 0.8476302521008403 0.11200712589073634 0.15278991596638655 0.14114014251781473
20 0.6339327731092437 0.11280285035629455 0.24897478991596636 0.060570071258907364
16 0.4983025210084034 0.24073634204275532 0.11522689075630252 0.011959619952494062
20 0.4994957983193277 0.261021377672209 0.23678991596638654 0.024453681710213778
20 0.20191596638655462 0.3507719714964371 0.24363025210084036 0.09167458432304038
20 0.16667226890756304 0.5629928741092637 0.1884201680672269 0.12095011876484561
16 0.380890756302521 0.44986935866983374 0.07598319327731093 0.017802850356294538
16 0.605563025210084 0.44863420427553447 0.09447058823529413 0.015332541567695961
20 0.37815126050420167 0.4819477434679335 0.18968067226890756 0.04616389548693586
19 0.606 0.46490498812351544 0.14423529411764704 0.011163895486935867
20 0.6079663865546219 0.4903562945368171 0.1822016806722689 0.035522565320665084
20 0.8201008403361344 0.5370783847980998 0.18739495798319328 0.06913301662707838
16 0.72309243697479 0.6548574821852732 0.14922689075630252 0.015332541567695961
33 0.3700840336134454 0.13824228028503563 0.2407563025210084 0.01859857482185273
20 0.3714957983193277 0.15770783847980996 0.1733109243697479 0.014121140142517816
33 0.636436974789916 0.153895486935867 0.23872268907563024 0.021840855106888362
33 0.21315966386554622 0.2560688836104513 0.27527731092436974 0.029679334916864607
33 0.781563025210084 0.26516627078384797 0.26618487394957985 0.026282660332541567
33 0.20050420168067226 0.4109144893111639 0.24996638655462183 0.02842042755344418
33 0.7898655462184875 0.4016627078384798 0.24610084033613447 0.027185273159144895
33 0.3818655462184874 0.5293111638954869 0.19099159663865548 0.04711401425178147
33 0.611781512605042 0.5284679334916865 0.18329411764705883 0.03894299287410926
33 0.8221680672268907 0.6000950118764845 0.1884873949579832 0.05480997624703088
33 0.2729579831932773 0.7075178147268408 0.17487394957983193 0.09041567695961995
33 0.4988403361344538 0.709833729216152 0.2415966386554622 0.08209026128266034
33 0.722 0.7045130641330167 0.17759663865546219 0.07792161520190023
19 0.6325210084033613 0.17124703087885987 0.16976470588235296 0.01333729216152019
19 0.21381512605042016 0.27750593824228026 0.17270588235294118 0.014239904988123516
19 0.5000504201680672 0.2774228028503563 0.10650420168067226 0.01192399049881235
19 0.20094117647058823 0.4275653206650831 0.16527731092436976 0.007731591448931116
19 0.7899831932773109 0.4203087885985748 0.16383193277310926 0.014833729216152019