6 0.8971994597028365 0.5499078341013824 0.16034669067987392 0.24753127057274524
21 0.1105132823052679 0.6604213298222514 0.15737055380459253 0.15034233048057932
21 0.7403286807744259 0.7307307439104674 0.15426384511481314 0.09240289664252799
21 0.8974515983791085 0.25499012508229096 0.15714092751013056 0.1638973008558262
21 0.7387843313822602 0.36500987491770903 0.15480864475461503 0.12184990125082291
21 0.7416253939666817 0.558090849242923 0.15397568662764521 0.2526925608953259
21 0.7384196307969383 0.2533113890717577 0.1530751913552454 0.08967741935483871
21 0.7364430436740208 0.8902501645819618 0.1559657811796488 0.12423304805793285
6 0.5791850517784781 0.19171823568136934 0.15642503376857272 0.29491770901909153
21 0.5812336785231877 0.7977287689269256 0.15321476812246737 0.19427913100724162
12 0.5808689779378657 0.31488479262672814 0.14822602431337234 0.046234364713627386
6 0.9054299864925709 0.8132455562870309 0.1660243133723548 0.26802501645819615
21 0.4238721296713192 0.4002830809743252 0.15035569563259793 0.14851217906517447
21 0.11023863124718596 0.12341672152732061 0.15488968932913103 0.06299539170506913
21 0.5771859522737506 0.9223897300855826 0.15263394867176946 0.05154048716260698
21 0.8990995047276003 0.39858459512837396 0.15576767221972085 0.04803818301514154
17 0.8861188653759567 0.051342988808426596 0.13277352543899143 0.02780118499012508
17 0.3923998199009455 0.06901909150757077 0.08572264745610085 0.0625543120473996
22 0.7773030166591626 0.7902369980250163 0.06959927960378208 0.020092165898617512
9 0.8992796037820802 0.64862409479921 0.15709140027014856 0.05021066491112574
21 0.5810850968032417 0.6500921658986175 0.1514633048176497 0.08851217906517445
21 0.27083295812696984 0.2484726793943384 0.15367402071139127 0.1963199473337722
17 0.8389374155785682 0.1620144832126399 0.038041422782530386 0.017636603028308096
13 0.7381584871679424 0.12465437788018432 0.15259792886087348 0.166550362080316
15 0.10947771274200811 0.27934167215273203 0.15538496172895092 0.0632916392363397
15 0.8991625393966681 0.11823568136932192 0.15783430886987843 0.05111257406188282
21 0.8980684376407023 0.35244239631336405 0.1545475011256191 0.03125740618828176
21 0.42819000450247635 0.21403554970375246 0.15022962629446196 0.20792626728110597
11 0.1059972985141828 0.526221198156682 0.10033318325078794 0.11176431863067808
13 0.11189554254840163 0.060763660302830806 0.1539801891040072 0.04694535878867676
27 0.04480864475461504 0.9742725477287689 0.017825303917154436 0.019315339038841344
27 0.9726924808644755 0.9726925608953259 0.01774425934263845 0.01870309414088216
25 0.30526789734353893 0.9572086899275839 0.08284556506078343 0.031599736668861095
17 0.10535794687077893 0.21724818959842002 0.07924358397118415 0.050032916392363395
17 0.2575416479063485 0.048716260697827515 0.12787032868077441 0.02369980250164582
17 0.22287257991895543 0.14154048716260698 0.06573615488518686 0.019749835418038184
17 0.21161638901395768 0.3508887425938117 0.03962179198559208 0.017116524028966424
15 0.11031067086897794 0.7886767610269915 0.15758667266996848 0.07373271889400922
15 0.1080594326879784 0.37722185648452927 0.16208914903196758 0.12771560236998025
15 0.8991445294912201 0.08294930875576037 0.15938766321476813 0.02106649111257406
15 0.26924808644754616 0.06780776826859776 0.15128320576316975 0.017116524028966424
15 0.26834759117514634 0.10335747202106649 0.15308419630796938 0.05661619486504279
6 0.26834759117514634 0.5167873601053324 0.16028815848716793 0.08031599736668861
6 0.2678973435389464 0.6431863067807768 0.15758667266996848 0.1672152732060566
6 0.270148581719946 0.8354180381830152 0.1584871679423683 0.20934825543120475
9 0.2705988293561459 0.5510204081632653 0.04592525889239082 0.014483212639894667
9 0.2660963529941468 0.7188940092165899 0.05132823052678973 0.015799868334430547
9 0.2165691130121567 0.8689927583936801 0.04412426834759117 0.018433179723502304
9 0.1089599279603782 0.5714285714285714 0.03782080144079244 0.013166556945358789
12 0.22962629446195407 0.9071757735352205 0.07203962179198559 0.055299539170506916
21 0.11031067086897794 0.8762343647136274 0.15578568212516886 0.0934825543120474
21 0.4268347591175146 0.6273864384463462 0.1494822152183701 0.2857142857142857
21 0.42773525438991444 0.8624094799210007 0.15128320576316975 0.173798551678736
21 0.26969833408374605 0.4173798551678736 0.15578568212516886 0.11586570111915734
21 0.5803692030616839 0.4739960500329164 0.1539846915803692 0.2554312047399605