30 0.36342592592592593 0.039761431411530816 0.5879629629629629 0.04859509609012591
7 0.8510833333333333 0.17616302186878727 0.2978425925925926 0.3434923790589795
16 0.39969444444444446 0.1872100728959576 0.6512314814814815 0.166779324055666
20 0.38734259259259257 0.31312127236580517 0.6265462962962962 0.0740026507620941
2 0.10802777777777778 0.39043737574552684 0.07715740740740741 0.07178926441351889
20 0.2631203703703704 0.4572564612326044 0.38734259259259257 0.1943870112657389
13 0.7075648148148148 0.4638833664678595 0.3966018518518518 0.1988071570576541
2 0.12345370370370372 0.6047051027170312 0.07099074074074074 0.04528164347249834
2 0.529324074074074 0.8029622266401591 0.08025 0.04418157720344599
16 0.23765740740740743 0.5942147117296223 0.16049074074074074 0.026507620941020542
16 0.6388888888888888 0.7946785950960902 0.1388888888888889 0.01656726308813784
20 0.3773148148148148 0.6582703777335984 0.5879629629629629 0.09719681908548707
20 0.6983055555555555 0.8708880053015242 0.41203703703703703 0.12922465208747516
7 0.7978425925925926 0.6665540092776674 0.23765740740740743 0.18444665341285618
7 0.2824074074074074 0.8427236580516899 0.3950648148148148 0.20764082173624915
28 0.908175925925926 0.9785752153744202 0.041666666666666664 0.022087475149105366
9 0.8688240740740741 0.29213386348575215 0.06481481481481481 0.02982107355864811
9 0.8819444444444444 0.32803180914512925 0.08487962962962962 0.026507620941020542