20 0.6553565316600114 0.8640483870967742 0.1944438106103822 0.13411290322580646
13 0.8643411294922989 0.540483870967742 0.19478608100399314 0.0744516129032258
20 0.6561779806046777 0.7174516129032258 0.19432972047917857 0.14338709677419356
7 0.2540844266970907 0.5476290322580645 0.12278379920136909 0.27691129032258066
18 0.8640159726183685 0.6640322580645162 0.196343411294923 0.14370967741935484
7 0.7583628066172277 0.41550000000000004 0.40184255561893895 0.13818548387096774
16 0.1514318311466058 0.17294354838709677 0.1890530519110097 0.054862903225806454
18 0.8614945807187678 0.8991693548387097 0.19563034797490017 0.0625483870967742
16 0.7670792926411866 0.2024032258064516 0.41154021677124925 0.08296774193548387
28 0.9695721620079863 0.9801612903225807 0.021317741015402167 0.027717741935483868
30 0.8375413576725613 0.07254838709677419 0.26897318881916715 0.08033870967741936
20 0.8948374215630348 0.4514677419354839 0.12172276098117513 0.015580645161290322
20 0.25926411865373644 0.2704274193548387 0.4039760410724472 0.09611290322580646
18 0.8619509412435824 0.7983870967741935 0.195094124358243 0.12258064516129032
30 0.16143753565316601 0.05241935483870968 0.22475755847119225 0.08225806451612903
30 0.87906446092413 0.9798387096774194 0.14033086138049058 0.03387096774193549
30 0.1266400456360525 0.9596774193548387 0.1414717626925271 0.02903225806451613
28 0.03993154592127781 0.9588709677419355 0.015972618368511125 0.04032258064516129
19 0.3525385054192812 0.8387096774193549 0.19623502567027953 0.15806451612903225
20 0.6560182544209926 0.5693548387096774 0.19851682829435255 0.15161290322580645
20 0.35710211066742725 0.37338709677419357 0.20536223616657162 0.07903225806451614
18 0.35482030804335424 0.41935483870967744 0.07073588134626355 0.01935483870967742
18 0.3502567027952082 0.43870967741935485 0.06160867084997148 0.01935483870967742
18 0.3702224757558471 0.4588709677419355 0.09925841414717627 0.020967741935483872
18 0.3553907586993725 0.4798387096774194 0.07415858528237307 0.020967741935483872
18 0.38334284084426695 0.4967741935483871 0.13234455219623503 0.01935483870967742
18 0.3804905875641757 0.5161290322580645 0.1289218482601255 0.01935483870967742
18 0.36965202509982886 0.5346774193548387 0.10724472333143183 0.020967741935483872
18 0.3622361665715916 0.5540322580645162 0.08784940102681119 0.020967741935483872
16 0.08556759840273816 0.8556451612903225 0.07301768397033656 0.027419354838709678
20 0.7615516257843696 0.2887096774193548 0.4027381631488876 0.0967741935483871
20 0.14945807187678267 0.7983870967741935 0.19623502567027953 0.08709677419354839
20 0.1477467199087279 0.8911290322580645 0.195094124358243 0.0467741935483871
20 0.34956075299486594 0.6630806451612904 0.19965772960638906 0.16666935483870968
11 0.6250028522532801 0.4107903225806452 0.13191671420422132 0.13608870967741934
11 0.7583456930975472 0.4102822580645161 0.12335995436394752 0.13911290322580644
11 0.8927552766685681 0.4097822580645161 0.12835139760410724 0.14012096774193547
9 0.5704506560182544 0.46774193548387094 0.015687393040501995 0.020161290322580645
9 0.8367826583000572 0.47076612903225806 0.012122076440387906 0.016129032258064516
9 0.7020136908157445 0.46975806451612906 0.012122076440387906 0.02217741935483871