6 0.6210289389067524 0.2370580808080808 0.6706591639871382 0.43599747474747474
19 0.8386495176848875 0.5037752525252526 0.2204983922829582 0.08257575757575758
21 0.15815112540192927 0.3941035353535354 0.21909967845659165 0.09261363636363636
19 0.8380385852090032 0.5695075757575758 0.22 0.05066919191919192
21 0.16168810289389066 0.46320707070707073 0.2219453376205788 0.04871212121212121
19 0.6164630225080385 0.5635984848484848 0.2195176848874598 0.062146464646464644
21 0.3903858520900321 0.5740530303030302 0.21879421221864953 0.040202020202020204
6 0.4910771704180064 0.7743686868686868 0.8402090032154341 0.3567676767676768
13 0.16181672025723473 0.11021464646464647 0.21964630225080387 0.1753661616161616
21 0.15808681672025723 0.289520202020202 0.22009646302250804 0.11526515151515153
21 0.15958199356913183 0.2155681818181818 0.21940514469453376 0.034267676767676766
19 0.6169774919614148 0.5119570707070707 0.21922829581993572 0.04541666666666667
19 0.3908038585209003 0.5016792929292929 0.2198231511254019 0.02648989898989899
13 0.3910932475884244 0.4771969696969697 0.21930868167202572 0.024242424242424242
17 0.16667202572347267 0.5037878787878788 0.1940032154340836 0.031148989898989902
17 0.3885369774919614 0.535770202020202 0.21757234726688104 0.031148989898989902
19 0.1607717041800643 0.5277777777777778 0.22078778135048233 0.013472222222222222
19 0.1639871382636656 0.5526136363636364 0.22508038585209003 0.03282828282828283
19 0.1645176848874598 0.5808080808080808 0.22615755627009645 0.023573232323232326
13 0.617363344051447 0.476010101010101 0.22294212218649515 0.024406565656565654
9 0.08681672025723473 0.7525252525252525 0.021430868167202573 0.07575757575757576
9 0.6136173633440515 0.44529040404040404 0.442652733118971 0.01683080808080808
32 0.8585209003215434 0.9600126262626263 0.0557395498392283 0.014305555555555556
28 0.924967845659164 0.9604419191919191 0.0557395498392283 0.013472222222222222