31 0.5338753387533876 0.050359712230215826 0.17886178861788618 0.030085022890778287
27 0.9566395663956639 0.04708960104643558 0.03432700993676603 0.020928711576193592
13 0.3053297199638663 0.08240680183126227 0.42637759710930445 0.041857423152387184
21 0.3062330623306233 0.40614780902550685 0.43541102077687444 0.11379986919555266
21 0.3053297199638663 0.5441465009810333 0.4444444444444444 0.16481360366252454
21 0.3035230352303523 0.6664486592544147 0.4408310749774164 0.07194244604316546
21 0.3035230352303523 0.7325049051667757 0.43360433604336046 0.05755395683453238
21 0.3062330623306233 0.8332243296272073 0.43902439024390244 0.14650098103335513
21 0.3035230352303523 0.9156311314584696 0.4408310749774164 0.02354480052321779
13 0.7597109304426377 0.09025506867233486 0.43541102077687444 0.06278613472858077
21 0.7570009033423668 0.44669718770438194 0.42999096657633246 0.14780902550686723
21 0.7570009033423668 0.5500327011118378 0.42999096657633246 0.053629823413996074
17 0.7579042457091237 0.6167429692609548 0.4245709123757904 0.040549378678875085
21 0.7570009033423668 0.7063440156965337 0.4372177055103884 0.11249182472204054
21 0.7588075880758808 0.7913669064748201 0.4408310749774164 0.052321778940483975
21 0.7524841915085817 0.9051667756703728 0.43541102077687444 0.06278613472858077
17 0.7461607949412827 0.843034663178548 0.35411020776874436 0.02223675604970569
6 0.3026196928635953 0.22432962720732505 0.34146341463414637 0.23675604970569
6 0.7560975609756098 0.2459123610202747 0.38121047877145436 0.2432962720732505