6 0.4059402654867257 0.2808418367346939 0.20361172566371682 0.11548894557823129
6 0.2907577433628319 0.4838562925170068 0.4178318584070797 0.25455357142857143
6 0.724745575221239 0.4905909863945578 0.42065818584070797 0.24859268707482995
6 0.19187500000000002 0.27818877551020404 0.20052544247787613 0.10799319727891156
6 0.193733407079646 0.15418792517006802 0.20264933628318582 0.11337159863945577
9 0.29058628318584073 0.5939965986394558 0.40888827433628316 0.02703231292517007
6 0.4149391592920354 0.1573767006802721 0.19594026548672566 0.1143622448979592
17 0.03134402654867257 0.5498852040816327 0.0626825221238938 0.7284566326530612
17 0.5429590707964601 0.08361819727891157 0.36320243362831856 0.031177721088435372
31 0.8812665929203539 0.031177721088435372 0.12905420353982303 0.01984268707482993
17 0.40376106194690264 0.6483843537414966 0.6379037610619469 0.03542942176870748
17 0.22031526548672564 0.8255399659863946 0.27101769911504425 0.021258503401360544
6 0.6296073008849558 0.15957908163265305 0.1972732300884956 0.10770833333333334
6 0.6296073008849558 0.27990221088435374 0.20095685840707964 0.10345663265306122
6 0.5023949115044248 0.8928571428571429 0.27101769911504425 0.1417219387755102
6 0.7918528761061947 0.8949829931972789 0.27470685840707965 0.14597363945578232
6 0.6157798672566371 0.7277508503401361 0.19911504424778761 0.10629251700680271
6 0.39730641592920357 0.7284566326530612 0.1972732300884956 0.10770833333333334
6 0.183445796460177 0.7270408163265306 0.20464601769911506 0.11338010204081633
21 0.8286449115044248 0.7151998299319728 0.1902433628318584 0.16443027210884353
21 0.2200553097345133 0.9025510204081634 0.2754258849557522 0.12150510204081631
21 0.832433628318584 0.2255484693877551 0.19970685840707963 0.23718962585034015
9 0.7377820796460177 0.6020620748299319 0.39089601769911503 0.015280612244897959
27 0.042594026548672566 0.025829081632653062 0.05300331858407079 0.03856292517006803
6 0.03152654867256637 0.49829931972789115 0.06305309734513274 0.9948979591836735
27 0.03982300884955752 0.021683673469387755 0.05309734513274336 0.02976190476190476