6 0.13210084033613445 0.8793579072532699 0.24715966386554622 0.13414982164090367
6 0.13932773109243698 0.3782639714625446 0.2617478991596639 0.20850178359096314
23 0.13230252100840337 0.6962663495838287 0.25252100840336134 0.2263139120095125
23 0.14378151260504202 0.21912009512485137 0.25376470588235295 0.11604042806183115
13 0.2530588235294118 0.531331747919144 0.3573109243697479 0.049250891795481574
19 0.6536638655462185 0.41739595719381684 0.24963025210084033 0.14084423305588586
13 0.43453781512605044 0.10520808561236623 0.6719327731092437 0.05319857312722949
19 0.38018487394957984 0.7624256837098693 0.22425210084033614 0.36374554102259216
19 0.3970756302521008 0.3234482758620689 0.25092436974789917 0.3247681331747919
15 0.7492941176470588 0.7549821640903687 0.5013949579831932 0.49002378121284185
13 0.8886890756302521 0.10343638525564804 0.14763025210084035 0.049512485136741974
2 0.03499159663865546 0.6138287752675387 0.05848739495798319 0.056967895362663494
2 0.037865546218487395 0.18957193816884663 0.04314285714285714 0.05629013079667063
18 0.4050420168067227 0.14141498216409037 0.4246890756302521 0.015600475624256836
18 0.2526050420168067 0.5656718192627824 0.3556638655462185 0.020344827586206895
18 0.8934957983193277 0.1468370986920333 0.1361344537815126 0.021022592152199763
23 0.8834285714285715 0.32929845422116527 0.13900840336134454 0.3411652794292509
9 0.1370924369747899 0.4581688466111772 0.23391596638655462 0.041379310344827586
9 0.6557310924369748 0.31234244946492273 0.24157983193277313 0.05357907253269917
6 0.6558823529411765 0.2520689655172414 0.24351260504201677 0.1736385255648038