21 0.6280672268907563 0.8445714285714286 0.21603361344537814 0.21345238095238098
21 0.1841344537815126 0.8131071428571428 0.21714285714285714 0.16238095238095238
21 0.8516974789915966 0.6835833333333334 0.2171764705882353 0.3945595238095238
21 0.40494117647058825 0.850797619047619 0.2138487394957983 0.19947619047619047
21 0.18105882352941177 0.9253928571428572 0.21880672268907564 0.04214285714285714
21 0.8516806722689075 0.3911071428571428 0.21705882352941178 0.18735714285714286
17 0.621563025210084 0.7180595238095238 0.21460504201680672 0.02469047619047619
13 0.18368067226890758 0.6420476190476191 0.21878991596638656 0.09721428571428571
13 0.6256638655462184 0.6403690476190476 0.21349579831932775 0.09813095238095239
17 0.14384873949579832 0.7205714285714285 0.13741176470588237 0.022023809523809525
31 0.2401344537815126 0.9645952380952381 0.364218487394958 0.017761904761904763
13 0.4007394957983193 0.665452380952381 0.21514285714285714 0.15048809523809523
6 0.5141008403361345 0.19133333333333333 0.43611764705882355 0.29704761904761906
6 0.5129579831932772 0.46714285714285714 0.43181512605042016 0.24151190476190476
3 0.18080672268907563 0.3157738095238095 0.21438655462184875 0.5506309523809524
13 0.8496302521008403 0.16857142857142857 0.2203529411764706 0.24985714285714286
21 0.8008907563025209 0.9036309523809524 0.12588235294117647 0.020392857142857143
22 0.9358487394957984 0.9142619047619048 0.04490756302521008 0.016154761904761904
1 0.7504873949579832 0.021976190476190476 0.453781512605042 0.027476190476190473