32 0.5391566265060241 0.04846857410881801 0.3072289156626506 0.057849437148217636
21 0.21335240963855423 0.3216862101313321 0.2700813253012048 0.039868667917448405
21 0.18072289156626506 0.37640712945590993 0.20281024096385544 0.016416510318949345
21 0.21084337349397592 0.399078330206379 0.2690753012048193 0.03361397748592871
21 0.19979819277108435 0.46708958724202626 0.2510030120481928 0.021106941838649154
21 0.2088343373493976 0.4909310506566604 0.2690753012048193 0.0312687617260788
21 0.21134638554216867 0.5225914634146341 0.2720873493975904 0.03048780487804878
21 0.21485843373493976 0.7094277673545967 0.26104518072289157 0.07739212007504691
21 0.21485843373493976 0.8106636960600375 0.2670692771084337 0.12507739212007504
21 0.21485843373493976 0.9122889305816135 0.2670692771084337 0.07973733583489681
21 0.21485843373493976 0.6347725140712945 0.26104518072289157 0.06723030018761726
21 0.47339457831325304 0.2810342401500938 0.20381626506024095 0.016416510318949345
21 0.5060240963855421 0.32598499061913694 0.2730933734939759 0.07661116322701689
21 0.5055210843373493 0.38774155722326453 0.2720873493975904 0.04690431519699812
21 0.5045180722891566 0.43308395872420263 0.2720873493975904 0.04690431519699812
21 0.5035150602409639 0.4788156660412758 0.2720873493975904 0.04768527204502815
21 0.5040150602409639 0.5093034709193246 0.2670692771084337 0.01954268292682927
21 0.5035150602409639 0.5265009380863039 0.2700813253012048 0.016416510318949345
21 0.5025090361445783 0.549953095684803 0.2700813253012048 0.03205206378986866
21 0.40512048192771083 0.601156191369606 0.06726807228915663 0.015635553470919324
21 0.4206837349397591 0.6629151031894934 0.10040060240963855 0.015635553470919324
21 0.7745993975903614 0.225140712945591 0.22389457831325302 0.015635553470919324
21 0.7008042168674699 0.2833794559099437 0.0783132530120482 0.016416510318949345
21 0.7705813253012048 0.299406660412758 0.22590361445783133 0.01876172607879925
21 0.7981927710843374 0.4455909943714822 0.2670692771084337 0.03283302063789869
21 0.7695783132530121 0.5300187617260788 0.2158644578313253 0.01876172607879925
21 0.7986957831325301 0.6222631332082551 0.2700813253012048 0.04534005628517824
22 0.8423704819277109 0.6593972795497186 0.18875602409638553 0.03361397748592871
10 0.11395481927710843 0.35295497185741087 0.07128614457831325 0.03361397748592871
10 0.13353313253012047 0.43621013133208253 0.11244879518072289 0.04534005628517824
10 0.17268975903614459 0.5691064727954972 0.17670783132530118 0.06253986866791746
10 0.4327319277108434 0.6335999061913696 0.12249096385542169 0.050813789868667913
10 0.5085331325301204 0.6793316135084428 0.07530120481927711 0.04690431519699812
10 0.7419668674698795 0.2548475609756098 0.16064156626506026 0.04690431519699812
10 0.796183734939759 0.3674179174484053 0.2791174698795181 0.123515478424015
10 0.7294186746987952 0.4901500938086304 0.12951807228915663 0.06253986866791746
10 0.7249006024096386 0.5691064727954972 0.12650602409638553 0.06253986866791746
6 0.651105421686747 0.8278611632270169 0.5512048192771084 0.24077626641651034
12 0.6741957831325301 0.7457786116322702 0.24397590361445784 0.07035647279549719
17 0.48112951807228915 0.26192073170731706 0.21677409638554218 0.015438555347091931
17 0.4461024096385542 0.5855909943714822 0.1678674698795181 0.022640712945590995