9 0.2617789291882556 0.9027652982184353 0.4200863557858377 0.08510844306738961
17 0.49366724237190557 0.10553834237025561 0.9758203799654577 0.08326878388845856
17 0.3828439838802533 0.045507358636715727 0.7196315486470927 0.03292021688613478
22 0.26194588370754174 0.7726568551510457 0.4260218767990789 0.05809450038729667
22 0.04029936672423719 0.8123547637490317 0.011514104778353483 0.009682416731216111
22 0.26482440990213013 0.8307513555383423 0.43753598157743234 0.046475600309837335
12 0.3022452504317789 0.1994577846630519 0.31088082901554404 0.05809450038729667
12 0.8448474381116868 0.3553446940356313 0.256188831318365 0.02517428350116189
12 0.6462291306850892 0.4870255615801704 0.1755900978698906 0.03292021688613478
12 0.23172135866436386 0.45313710302091403 0.1871042026482441 0.030983733539891558
35 0.5080598733448475 0.9817970565453137 0.924006908462867 0.023237800154918668
6 0.5267702936096719 0.5509295120061968 0.9297639608520437 0.8230054221533695