7 0.8535965124727537 0.6076686066415611 0.2167595059336401 0.27114002054091063
7 0.10268830225236135 0.15405682985279015 0.1661419229837733 0.2081478945566587
7 0.8813271978687334 0.3498801780212256 0.1632356502785178 0.19856213625470728
16 0.7406151610559457 0.7735364601163985 0.440784693630419 0.033207805546045875
7 0.6310777427948655 0.6096131461828141 0.2148219907968031 0.2613351591920575
16 0.26531847905061756 0.8026360835330366 0.2467909905546137 0.040739472783293394
7 0.19023976749818358 0.48202670318384117 0.10728990070234924 0.12393016090380007
20 0.8010414143860499 0.16141732283464566 0.3271978687333495 0.1454981170831907
10 0.18612254783240495 0.5333789798014379 0.09614918866553646 0.017117425539198903
16 0.7998304674255268 0.06692913385826772 0.3209009445386292 0.03937007874015748
20 0.33627997093727297 0.14977747346799042 0.28747880842819085 0.2064361520027388
20 0.5753209009445386 0.18230058199246832 0.10535238556551223 0.07018144471071551
7 0.7131266650520707 0.3466278671687778 0.16105594574957616 0.19411160561451557
20 0.5761685638169048 0.36973639164669636 0.10753209009445386 0.06299212598425197
20 0.30527972874788084 0.8485107839780897 0.32526035359651245 0.046901745977405
20 0.7390409300072657 0.827627524820267 0.4415112618067329 0.0249914412872304
10 0.881569387260838 0.4388907908250599 0.15596996851537903 0.015063334474495036
20 0.5760474691208525 0.3144471071550839 0.10535238556551223 0.04827114002054091
20 0.741099539840155 0.9157822663471414 0.444659723904093 0.0328654570352619
20 0.5758052797287478 0.25402259500171176 0.10535238556551223 0.07052379322149949
7 0.38604989101477355 0.6590208832591579 0.16807943812061032 0.19787743923313933
10 0.6712279002179704 0.43957548784662787 0.0806490675708404 0.01643272851763095
20 0.7402518769677888 0.8029784320438206 0.4449019132961976 0.0249914412872304
20 0.0768951319932187 0.7292023279698733 0.10341487042867523 0.13967819239986307
10 0.8007992249939453 0.7240671003081136 0.10825865827076774 0.01643272851763095
10 0.10014531363526277 0.24922971585073606 0.16832162751271496 0.015748031496062992
16 0.07071930249455075 0.3923313933584389 0.10075078711552433 0.01643272851763095
20 0.5749576168563817 0.09328996918863403 0.10656333252603536 0.10647038685381718
20 0.7396464034875272 0.8776104073947278 0.44659723904093 0.043478260869565216
10 0.20016953257447323 0.7473467990414242 0.12472753693388229 0.015748031496062992
28 0.034390893678856865 0.9649092776446423 0.013562605957859046 0.013351591920575145
20 0.30527972874788084 0.9005477576172544 0.3238072172438847 0.0578568983224923
16 0.25651973843545656 0.3347552208147895 0.4524897069508355 0.07952755905511812
21 0.44906030515863404 0.2588360150633345 0.04803342213611044 0.023553577541937692
7 0.3005158634051828 0.4814412872304005 0.11423347057398886 0.13325573433755564
7 0.41333736982320174 0.47002054091064704 0.10979171712279001 0.13782951044162958
7 0.21554855897311698 0.6538069154399179 0.16468878663114556 0.16988017802122563
10 0.28295713247759746 0.5347894556658678 0.07185032695567935 0.017425539198904483
10 0.3923468152094938 0.5356453269428277 0.06296924194720271 0.022564190345771996
10 0.361467667716154 0.7442485450188291 0.11019617340760475 0.018681958233481684
16 0.07451441026883023 0.45239301609038 0.10155727779123273 0.04572064361520028
20 0.07443206587551465 0.5402978432043821 0.1004286752240252 0.12019171516603902
20 0.0752409784451441 0.6296644984594317 0.102041656575442 0.05654570352618966
20 0.07494308549285542 0.8653235193426909 0.10790990554613708 0.12312906538856556
10 0.6000920319689999 0.7253337897980143 0.14908210220392346 0.014323861691201645