20 0.26099706744868034 0.8974082073434125 0.4340175953079179 0.1468682505399568
20 0.7587976539589443 0.5923326133909287 0.43548387096774194 0.14794816414686826
20 0.7587976539589443 0.9157667386609071 0.43548387096774194 0.11663066954643629
20 0.26099706744868034 0.6101511879049676 0.4340175953079179 0.07991360691144708
20 0.2631964809384164 0.5448164146868251 0.43255131964809385 0.05075593952483801
20 0.7587976539589443 0.7764578833693304 0.43548387096774194 0.06479481641468683
20 0.26099706744868034 0.7197624190064795 0.4340175953079179 0.05075593952483801
20 0.26099706744868034 0.6668466522678186 0.4340175953079179 0.03347732181425486
20 0.7580645161290323 0.8315334773218143 0.436950146627566 0.047516198704103674
20 0.5068475073313783 0.49136069114470843 0.5542521994134897 0.028077753779697623
20 0.7587976539589443 0.6825053995680346 0.43548387096774194 0.032397408207343416
20 0.7587976539589443 0.7138228941684666 0.43548387096774194 0.03455723542116631
20 0.26099706744868034 0.7937365010799136 0.4398826979472141 0.032397408207343416
2 0.3101173020527859 0.24190064794816415 0.13636363636363635 0.08855291576673865
20 0.26099706744868034 0.7613390928725702 0.436950146627566 0.032397408207343416
28 0.05791788856304985 0.9881209503239741 0.030791788856304986 0.02159827213822894
20 0.49604105571847507 0.36188984881209507 0.7757917888563051 0.19372570194384447
16 0.8231818181818181 0.13249460043196545 0.35365102639296186 0.17233261339092873
7 0.12897360703812316 0.09534557235421166 0.24117302052785922 0.18517278617710584