7 0.9295055169595423 0.8275109170305677 0.13363302002451982 0.22894572676232064
7 0.7507151614221496 0.5258889582033687 0.21659174499387004 0.2295695570804741
20 0.19411524315488354 0.4426076107298815 0.10706988148753575 0.14660012476606363
20 0.8073150796894156 0.8761696818465378 0.1058438904781365 0.13162819713038054
13 0.8077237433592154 0.7245789145352464 0.1058438904781365 0.14660012476606363
13 0.19227625664078463 0.18714909544603867 0.1058438904781365 0.09606986899563319
20 0.1926849203105844 0.2994385527136619 0.10502656313853699 0.1272613849033063
16 0.9139762975071516 0.31409856519026824 0.10012259910093993 0.044291952588895823
13 0.19554556599918269 0.9070492825951342 0.10747854515733551 0.08234560199625701
7 0.1364936657131181 0.7029569557080474 0.20678381691867592 0.3212850904553961
7 0.35962402942378424 0.2423580786026201 0.21740907233346957 0.2164691203992514
13 0.6965672251736821 0.7130380536494073 0.106661217817736 0.11728009981285091
16 0.5715161422149571 0.6837180286961946 0.07968941561095219 0.042420461634435434
16 0.06926849203105843 0.3518402994385527 0.08214139762975071 0.042420461634435434
20 0.08234572946465059 0.4538365564566438 0.10829587249693502 0.13661883967560823
13 0.08193706579485084 0.2323767935121647 0.10911319983653453 0.18902058640049907
13 0.8050674295055169 0.2928883343730505 0.10543522680833674 0.09544603867747972
20 0.5837760523089497 0.8321896444167186 0.10829587249693502 0.2295695570804741
16 0.6751123825091949 0.8106674984404242 0.06456885982836126 0.045539613225202745
20 0.6959542296689825 0.8951965065502183 0.10788720882713526 0.09981285090455397
20 0.9172456068655497 0.4650655021834061 0.1058438904781365 0.23892701185277604
13 0.30506742950551696 0.4887710542732377 0.106661217817736 0.2514036182158453
16 0.33755619125459746 0.6918278228321897 0.12014711892112791 0.037429819089207735
13 0.9162934205149162 0.2616968184653774 0.1058438904781365 0.035558328134747345
20 0.8054760931753168 0.37086712414223333 0.10625255414793625 0.056768558951965066
16 0.7478545157335513 0.1512788521522146 0.4111156518185533 0.040548970679975045
13 0.414997956681651 0.4295071740486588 0.1058438904781365 0.12788521522145976
20 0.3573763792398856 0.8986275733000624 0.16060482223130362 0.03056768558951965
20 0.6941152431548835 0.36930754834684965 0.1058438904781365 0.05240174672489083
30 0.09971393543114017 0.9784778540237056 0.13812832039231712 0.018091079226450407
20 0.08275439313445035 0.9410480349344978 0.106661217817736 0.018091079226450407
7 0.08990600735594606 0.06144728633811603 0.12505108295872497 0.12164691203992514
28 0.9572946465059257 0.06955708047411104 0.025745811197384554 0.024329382407985028
13 0.08377605230894973 0.9001871490954461 0.10706988148753575 0.06363069245165315
13 0.6937065794850837 0.26200873362445415 0.10502656313853699 0.032439176543980035
20 0.5819370657948508 0.4510293200249532 0.10870453616673478 0.4054897067997505
20 0.6941152431548835 0.3106674984404242 0.1058438904781365 0.05988771054273238
10 0.6963628933387822 0.6266375545851528 0.10380057212913772 0.01933873986275733
10 0.3022762566407846 0.3394572676232065 0.09780547609317532 0.01931378665003119
21 0.3830527176134042 0.5006487835308796 0.03868818961994279 0.019812850904553963
19 0.40144258275439315 0.5694697442295695 0.07056395586432365 0.06262008733624454
20 0.35758071107478545 0.8119276356830942 0.1626481405803024 0.14330630068621336
10 0.0723334695545566 0.8510168434185902 0.07928075194115243 0.016862133499688084
20 0.7493543114017164 0.20280099812850902 0.43454434000817327 0.0579288833437305
28 0.9596771557008582 0.07176543980037431 0.021524315488353086 0.020424204616344355
20 0.9137719656722517 0.6341172800998128 0.09807928075194115 0.09210854647535871
21 0.8836657131181038 0.6904741110417966 0.03623620760114426 0.017673112913287586
10 0.9173150796894156 0.9311228945726762 0.09862280343277482 0.017373674360573924
30 0.9057335512872905 0.9671054273237679 0.14575807110747854 0.02197130380536494