6 0.5192213740458015 0.4561492178098676 0.4209160305343511 0.46743682310469314
21 0.8434198473282444 0.7985679903730445 0.20586259541984733 0.26749699157641393
21 0.4168854961832061 0.8681468110709988 0.2061679389312977 0.15854392298435618
21 0.840030534351145 0.6101323706377858 0.20509923664122137 0.10156438026474128
13 0.6296946564885496 0.828086642599278 0.20577099236641222 0.2404693140794224
21 0.8317404580152671 0.3133574007220216 0.20534351145038168 0.4936943441636582
13 0.4167175572519084 0.7486040914560771 0.2059083969465649 0.08068592057761732
21 0.20370992366412216 0.6642960288808664 0.2064732824427481 0.560361010830325
21 0.2044732824427481 0.2518892900120337 0.2067480916030534 0.10422382671480145
21 0.7814503816793893 0.936991576413959 0.07841221374045801 0.014368231046931407
13 0.40815267175572517 0.12427196149217809 0.20581679389312976 0.1658363417569194
13 0.8321374045801526 0.05141997593261131 0.20357251908396948 0.02442839951865223
21 0.19885496183206106 0.11983152827918171 0.20638167938931298 0.15096269554753308
13 0.6215725190839695 0.057160048134777375 0.20517557251908394 0.038435619735258726
21 0.200793893129771 0.3421179302045728 0.20490076335877863 0.0815884476534296
22 0.8813587786259541 0.9381708784596872 0.10097709923664122 0.01322503008423586
31 0.29203053435114507 0.9618531889290012 0.22699236641221376 0.018110709987966305
21 0.623175572519084 0.14932611311672683 0.20818320610687024 0.13237063778580024
27 0.13045801526717557 0.959410348977136 0.05274809160305343 0.013128760529482551
8 0.4000763358778626 0.33503008423586045 0.09091603053435114 0.01914560770156438
8 0.4149923664122137 0.47971119133574003 0.1852824427480916 0.031720818291215404
8 0.6162442748091603 0.46220216606498193 0.19986259541984733 0.04922984356197352
4 0.4802290076335878 0.6711552346570397 0.1401832061068702 0.02187725631768953
11 0.4083969465648855 0.28279181708784595 0.19338931297709924 0.12234657039711191
11 0.6145038167938931 0.3600120336943442 0.21629007633587785 0.268748495788207
11 0.41030534351145037 0.42117930204572807 0.197206106870229 0.15243080625752106
11 0.5184427480916031 0.5906498194945848 0.4058473282442748 0.19052948255114321
11 0.6138625954198473 0.3590012033694344 0.21755725190839695 0.2767749699157641