16 0.33580130825838106 0.3731690544412607 0.3288511856091578 0.03544126074498567
16 0.3183810302534751 0.05568481375358166 0.20998364677023712 0.04136676217765043
3 0.8847669664758789 0.5540716332378224 0.2054415372035977 0.3571833810888252
3 0.6685404742436631 0.8412492836676218 0.16798855273916596 0.26331232091690543
3 0.5136099754701553 0.21558166189111747 0.7389165985282093 0.06682234957020057
20 0.5124734260016354 0.14000859598853868 0.7366434995911693 0.07477650429799428
20 0.25141455437448895 0.4379283667621776 0.4369910057236305 0.0405702005730659
20 0.25935813573180705 0.5186704871060173 0.44834423548650865 0.09068767908309455
20 0.25481602616516763 0.7326618911174785 0.4369910057236305 0.03818338108882521
20 0.2559525756336876 0.7692550143266476 0.43018397383483237 0.03022922636103152
20 0.2531152902698283 0.7986905444126075 0.43812755519215046 0.03181948424068768
20 0.2536835650040883 0.8237478510028654 0.4392641046606705 0.018297994269340975
20 0.18331152902698283 0.8376704871060171 0.309869174161897 0.012727793696275072
20 0.19749795584627963 0.8488080229226361 0.3291618969746525 0.012727793696275072
21 0.38477923139820114 0.8806275071633237 0.05221177432542927 0.01113753581661891
21 0.42791087489779234 0.6177106017191977 0.1021545380212592 0.023068767908309456
20 0.4988511856091578 0.2963266475644699 0.7230253475061325 0.07398280802292263
28 0.9545748160261651 0.9422779369627508 0.05221177432542927 0.037389684813753585
18 0.24630417007358954 0.5699828080229227 0.42677841373671305 0.011931232091690544
18 0.2570891251022077 0.5862893982808023 0.44153311529026984 0.02068194842406877