17 0.509089790897909 0.069271875 0.897908979089791 0.073959375
21 0.3662689626896269 0.19479062500000002 0.6724067240672407 0.127084375
21 0.3573882738827388 0.341146875 0.6546412464124641 0.126040625
21 0.3778884788847888 0.470834375 0.6819721197211972 0.09375
22 0.17425174251742517 0.5625 0.22823698236982368 0.027084375
16 0.487220172201722 0.7916656249999999 0.963509635096351 0.375
21 0.8405084050840509 0.146615625 0.21046740467404676 0.07760312500000001
21 0.8411931119311193 0.248696875 0.2132021320213202 0.11614687500000001
21 0.8387986879868798 0.334634375 0.21251742517425176 0.040103125
21 0.8405084050840509 0.39166562499999996 0.21183681836818366 0.0625
21 0.8405084050840509 0.453646875 0.21046740467404676 0.047915625
21 0.8408487084870848 0.507553125 0.2111521115211152 0.046353125
21 0.8408487084870848 0.546353125 0.20978679786797869 0.016665625
20 0.8463181631816319 0.571875 0.1988519885198852 0.025