13 0.6617483363581367 0.2683917878528657 0.20514821536600122 0.034516680923866554
6 0.15199637023593465 0.1283147989734816 0.2616454930429522 0.2245508982035928
12 0.1512401693889897 0.2229469632164243 0.23593466424682397 0.026732249786142002
25 0.6888989715668482 0.7730966638152267 0.24954627949183303 0.029940119760479042
23 0.5270719903206291 0.33308383233532934 0.7970356926799758 0.02245508982035928
23 0.5270719903206291 0.3715782720273738 0.8000604960677556 0.04384088964927288
23 0.5323653962492438 0.43573567151411463 0.8015728977616455 0.06308810949529513
23 0.530096793708409 0.49989307100085545 0.809134906231095 0.04597946963216424
23 0.5263157894736842 0.5533575705731394 0.7955232909860859 0.0374251497005988
23 0.530852994555354 0.6068220701454234 0.7985480943738656 0.04597946963216424
23 0.5369026013309135 0.6645637296834902 0.7955232909860859 0.0588109495295124
23 0.530852994555354 0.7260479041916168 0.8015728977616455 0.027801539777587682
22 0.4966727162734422 0.9786142001710864 0.5190562613430127 0.02566295979469632