17 0.5012096774193548 0.03334299797042621 0.4830645161290323 0.056248187880545086
13 0.2754032258064516 0.5566830965497246 0.2653225806451613 0.0916207596404755
17 0.22056451612903225 0.6106117715279791 0.1588709677419355 0.015076833864888374
19 0.2157258064516129 0.6271383009567991 0.14758064516129032 0.014496955639315743
19 0.20483870967741935 0.6416352565961149 0.12419354838709677 0.014496955639315743
19 0.27419354838709675 0.66483038561902 0.2645161290322581 0.03305305885763989
19 0.24516129032258063 0.6888953319802842 0.20806451612903226 0.016236590316033632
17 0.24435483870967742 0.712670339228762 0.21451612903225806 0.030153667729776748
19 0.2745967741935484 0.743113946071325 0.2685483870967742 0.028414033053058858
19 0.27419354838709675 0.7735575529138881 0.2709677419354839 0.03363293708321253
21 0.2770161290322581 0.8289359234560743 0.26370967741935486 0.07828356045230501
17 0.275 0.884024354885474 0.2661290322580645 0.028414033053058858
21 0.27741935483870966 0.9466512032473181 0.2645161290322581 0.060887213685126125
17 0.17338709677419356 0.9066396056828067 0.05967741935483871 0.017976224992751522
13 0.5536290322580645 0.5398666280081182 0.2653225806451613 0.05914757900840823
17 0.4689516129032258 0.5784285300086982 0.09435483870967742 0.015656712090461003
21 0.5548387096774193 0.6091620759640476 0.2661290322580645 0.04233111046680197
13 0.832258064516129 0.18788054508553204 0.26129032258064516 0.1426500434908669
21 0.8334677419354839 0.2908089301246738 0.2620967741935484 0.05972745723398087
21 0.8326612903225806 0.39866628008118293 0.26048387096774195 0.1536677297767469
21 0.8338709677419355 0.5532038271962888 0.25967741935483873 0.151928095100029
6 0.6935483870967742 0.8164685416062627 0.55 0.3548854740504494
9 0.4411290322580645 0.9837634096839664 0.04032258064516129 0.012177442737025224
9 0.16330645161290322 0.21948390837924037 0.04596774193548387 0.014496955639315743
9 0.16330645161290322 0.4934763699623079 0.042741935483870966 0.015076833864888374
6 0.3774193548387097 0.36764279501304725 0.4935483870967742 0.2702232531168455
6 0.33911290322580645 0.17077413743113945 0.43306451612903224 0.1188750362423891