21 0.2186106346483705 0.617696335078534 0.27397941680960547 0.17910994764397906
21 0.5058319039451115 0.21723821989528797 0.27104631217838765 0.15458115183246074
21 0.7848713550600342 0.4311780104712042 0.2717838765008576 0.1775130890052356
21 0.21668953687821613 0.7493193717277488 0.2702401372212693 0.07336387434554974
21 0.5012006861063465 0.45812827225130887 0.27152658662092627 0.12157068062827224
21 0.2139965694682676 0.8796596858638742 0.2697598627787307 0.10756544502617801
21 0.5025728987993139 0.34445026178010474 0.27063464837049744 0.09633507853403141
17 0.5468953687821612 0.5471335078534031 0.37953687821612353 0.02981675392670157
21 0.21457975986277872 0.3584424083769634 0.2737392795883362 0.3331675392670157
21 0.7854716981132076 0.14909685863874345 0.2749571183533448 0.10058900523560209
21 0.7899142367066895 0.2659554973821989 0.2748542024013722 0.12253926701570682
9 0.6425557461406518 0.7283769633507854 0.5461921097770155 0.04403141361256545
17 0.14583190394511147 0.8076570680628271 0.1367238421955403 0.023965968586387432
17 0.4423842195540309 0.11662303664921465 0.16315608919382504 0.021910994764397902
28 0.9268096054888508 0.9684424083769634 0.03425385934819897 0.01705497382198953
6 0.6413722126929674 0.6581544502617801 0.566483704974271 0.19041884816753926
6 0.6443567753001715 0.8465968586387433 0.5620583190394511 0.17425392670157067
9 0.6447855917667239 0.774044502617801 0.5523327615780446 0.03154450261780105
32 0.39246998284734136 0.9649345549738221 0.6822641509433962 0.018390052356020942
17 0.13528301886792454 0.1444109947643979 0.12548885077186964 0.08369109947643978