20 0.7919463087248322 0.3431372549019608 0.2181208053691275 0.2549019607843137
20 0.5570469798657718 0.7339869281045751 0.2214765100671141 0.3359477124183007
20 0.3221476510067114 0.7281045751633987 0.22483221476510068 0.2849673202614379
20 0.7927852348993288 0.662326797385621 0.2197986577181208 0.3468758169934641
7 0.3196308724832215 0.5176470588235295 0.2231543624161074 0.08888888888888889
7 0.5570469798657718 0.25620915032679736 0.2214765100671141 0.10196078431372549
20 0.3162751677852349 0.3440522875816993 0.2197986577181208 0.2530718954248366
7 0.8766778523489933 0.35228758169934643 0.1593959731543624 0.06666666666666667
30 0.8338926174496645 0.03594771241830065 0.1610738255033557 0.03790849673202614
16 0.5553691275167785 0.11176470588235295 0.5335570469798657 0.043137254901960784
13 0.5570469798657718 0.4320261437908497 0.22483221476510068 0.23398692810457516
7 0.30788590604026844 0.18741176470588236 0.23993288590604026 0.09769934640522875
13 0.5553691275167785 0.16862745098039217 0.2181208053691275 0.06274509803921569
28 0.9228187919463087 0.9738562091503268 0.03355704697986577 0.026143790849673203
13 0.7927852348993288 0.16862745098039217 0.2197986577181208 0.06274509803921569
20 0.2866107382550335 0.8898169934640523 0.1407214765100671 0.02411764705882353
7 0.7946979865771812 0.8786797385620916 0.2210234899328859 0.08320261437908497