20 0.7617953020134228 0.802874109263658 0.40738255033557047 0.18142517814726838
20 0.33931208053691275 0.8027315914489311 0.4051845637583893 0.17894299287410925
20 0.8316275167785234 0.26755344418052257 0.2653187919463087 0.18388361045130644
16 0.7282718120805369 0.6797862232779097 0.34395973154362414 0.05433491686460808
13 0.8265604026845638 0.13152019002375295 0.26441275167785233 0.05117577197149644
20 0.27243288590604026 0.23447743467933493 0.26624161073825503 0.2506294536817102
16 0.34305369127516777 0.6778384798099762 0.39441275167785234 0.053040380047505935
25 0.2484228187919463 0.9329691211401424 0.21421140939597316 0.048824228028503565
20 0.5480536912751678 0.24002375296912112 0.2613926174496644 0.24231591448931117
16 0.8074496644295303 0.17065320665083136 0.22788590604026845 0.019144893111638955
25 0.6777348993288591 0.9236104513064133 0.24884228187919463 0.04795724465558195
16 0.5278187919463087 0.10800475059382422 0.23355704697986576 0.017636579572446555
30 0.1743791946308725 0.0528978622327791 0.14635906040268457 0.04187648456057007
28 0.08251677852348993 0.05951306413301662 0.04983221476510067 0.02204275534441805
19 0.9007214765100672 0.9329334916864608 0.11988255033557048 0.040771971496437055
19 0.4990268456375839 0.92687648456057 0.09808724832214766 0.04628266033254157
7 0.2615771812080537 0.5290142517814727 0.4484228187919463 0.233646080760095
7 0.7419127516778523 0.5312114014251781 0.4904530201342282 0.2182185273159145