20 0.40804597701149425 0.4488399762046401 0.1477832512315271 0.15169541939321832
20 0.2561576354679803 0.2855443188578227 0.14614121510673234 0.1023200475907198
20 0.1055008210180624 0.9176085663295658 0.14614121510673234 0.07674003569303986
20 0.25738916256157635 0.364069006543724 0.1444991789819376 0.05591909577632362
20 0.40907224958949095 0.5777275431290898 0.14655172413793102 0.1037061273051755
20 0.10201149425287356 0.27989292088042833 0.1473727422003284 0.091017251635931
20 0.10385878489326765 0.3604997025580012 0.14532019704433496 0.06424747174301011
20 0.40763546798029554 0.3093396787626413 0.1477832512315271 0.12611540749553837
7 0.1787766830870279 0.5850684116597263 0.29679802955665024 0.3325401546698394
20 0.25985221674876846 0.91017251635931 0.14532019704433496 0.09161213563355146
20 0.4059934318555008 0.2201070791195717 0.1477832512315271 0.049970255800118976
20 0.25985221674876846 0.8203450327186199 0.1469622331691297 0.08804283164782867
10 0.14490968801313628 0.7328970850684117 0.2257799671592775 0.034503271861986914
20 0.10529556650246305 0.8209399167162403 0.14655172413793102 0.11302795954788816
13 0.40763546798029554 0.17578822129684712 0.14942528735632185 0.037477691850089236
30 0.10837438423645321 0.9702558001189768 0.08210180623973727 0.015466983938132063
28 0.041666666666666664 0.9687685901249257 0.01600985221674877 0.018441403926234383
16 0.10098522167487685 0.17816775728732898 0.1477832512315271 0.04937537180249851
7 0.8704844006568144 0.9066032123735871 0.2582101806239737 0.15348007138607972
30 0.45369868637110017 0.06101725163593099 0.08432266009852217 0.04668054729327781
13 0.2576600985221675 0.7680725758477097 0.15201970443349752 0.01522903033908388
21 0.45385878489326764 0.6334503271861986 0.05286945812807881 0.013087447947650209
16 0.36764778325123154 0.6651873884592505 0.04564449917898194 0.01469363474122546
16 0.35875205254515596 0.7462581796549673 0.027848932676518886 0.013236168947055324
16 0.369696223316913 0.8513741820345033 0.044679802955665024 0.014491374182034503
18 0.37928160919540227 0.6768411659726353 0.06480295566502464 0.011225461035098156
18 0.41007799671592776 0.6929565734681736 0.12229064039408866 0.022635336109458653
18 0.40972085385878493 0.7110529446757882 0.12472906403940885 0.01553837001784652
18 0.38491789819376027 0.724187983343248 0.07786124794745485 0.01007733491969066
18 0.37859605911330046 0.7579119571683521 0.059330870279146145 0.00976799524092802
18 0.4020361247947455 0.7695597858417609 0.10825944170771758 0.012254610350981559
18 0.41041871921182266 0.787412254610351 0.12708128078817735 0.024164187983343247
18 0.4095648604269294 0.808982748364069 0.12742200328407224 0.022682926829268295
18 0.38373152709359604 0.8273289708506841 0.07370279146141215 0.011778703152885189
18 0.38201970443349753 0.8642653182629387 0.06206896551724137 0.011302795954788817
18 0.39483990147783254 0.875669244497323 0.09086206896551724 0.01348602022605592
18 0.41177339901477833 0.8925223081499107 0.12472906403940885 0.021415823914336704
18 0.41177339901477833 0.9153361094586556 0.12472906403940885 0.023390838786436646
18 0.3842364532019704 0.9339321832242713 0.07923234811165845 0.012968471148126116
16 0.7479515599343185 0.06549077929803689 0.4511617405582923 0.12700773349196906
8 0.5414532019704433 0.9453420582986317 0.06073891625615764 0.09314693634741227
19 0.6538505747126436 0.9312135633551457 0.14800903119868639 0.08569898869720405
7 0.5785796387520525 0.21349791790600833 0.12061986863711001 0.1345032718619869
7 0.5797742200328407 0.34712076145151693 0.10454022988505747 0.1370374776918501
7 0.5876436781609196 0.49314693634741225 0.09975369458128079 0.15246876859012493
7 0.5994458128078818 0.6428851873884592 0.11720443349753694 0.13665675193337298
7 0.6068021346469623 0.7837061273051755 0.11344417077175699 0.14464604402141581
7 0.9171182266009852 0.7651100535395599 0.1429392446633826 0.11637715645449137
7 0.7650410509031199 0.6406543723973825 0.1364039408866995 0.12327186198691255
7 0.9008661740558294 0.4638905413444378 0.14122742200328406 0.12369422962522308
7 0.745028735632184 0.3374538964901844 0.1340024630541872 0.12067221891731113
7 0.8866707717569786 0.1926710291493159 0.13951149425287357 0.12259964306960143
20 0.7388669950738916 0.20630577037477693 0.12715927750410508 0.12904818560380726
20 0.8868390804597702 0.3250565139797739 0.12958949096880132 0.1256276026174896
20 0.7535796387520526 0.494883997620464 0.13195402298850575 0.1529625223081499
20 0.9024055829228244 0.63098750743605 0.12993842364532018 0.13665675193337298
20 0.7741091954022988 0.7723022010707912 0.13195812807881774 0.12183224271267104