6 0.48431472081218274 0.7013872832369942 0.8587182741116751 0.4348362235067437
8 0.4796446700507614 0.818757225433526 0.07093908629441624 0.02966281310211946
11 0.43998730964467003 0.6323025048169557 0.722994923857868 0.2694990366088632
6 0.6773477157360408 0.27095375722543363 0.6313451776649749 0.4359344894026976
11 0.48313451776649746 0.8539788053949903 0.8430076142131979 0.11973988439306359
13 0.19488578680203045 0.150009633911368 0.281002538071066 0.129373795761079
21 0.19488578680203045 0.225019267822736 0.2773730964467005 0.02340077071290944
21 0.19398477157360408 0.24910404624277455 0.27194162436548225 0.02476878612716763
21 0.19398477157360408 0.27525048169556837 0.27555837563451774 0.03303468208092485
28 0.5003680203045685 0.9812813102119461 0.025380710659898477 0.022023121387283236
35 0.3288705583756345 0.3914450867052023 0.5402918781725888 0.15157996146435454