17 0.5036201022146508 0.02687431091510474 0.9007666098807495 0.019294377067254686
21 0.4120528109028961 0.08027839029768467 0.7410562180579217 0.0682194046306505
21 0.44399488926746167 0.14229603087100332 0.6942078364565588 0.04479051819184123
6 0.8773424190800682 0.16469128996692392 0.18739352640545145 0.24393605292171996
6 0.7666098807495741 0.44204796030871 0.41950596252129474 0.12748070562293273
8 0.8773424190800682 0.2508269018743109 0.18313458262350937 0.0675303197353914
12 0.5999787052810903 0.39898015435501655 0.060689948892674615 0.012403528114663727
12 0.7149701873935264 0.4038037486218302 0.07133730834752981 0.012403528114663727
12 0.8294293015332198 0.4892502756339581 0.048977853492333905 0.011025358324145534
8 0.627129471890971 0.38829933847850057 0.04258943781942078 0.010336273428886439
8 0.7575596252129472 0.38761025358324147 0.05004258943781942 0.014470782800441014
8 0.8906516183986372 0.3865766262403528 0.0543015332197615 0.013781697905181918
11 0.6287265758091993 0.43791345093715545 0.135221465076661 0.11507717750826901
11 0.7628833049403748 0.4389470782800441 0.13096252129471891 0.11576626240352811
11 0.893313458262351 0.43584619625137816 0.13415672913117546 0.11369900771775082
17 0.1256388415672913 0.18639746416758546 0.18313458262350937 0.01998346196251378
21 0.12617120954003408 0.2535832414553473 0.1799403747870528 0.11438809261300992
21 0.12510647359454855 0.34592061742006613 0.18206984667802384 0.07028665931642779
21 0.31409710391822826 0.18708654906284455 0.18313458262350937 0.02687431091510474
13 0.5014906303236797 0.22222987872105843 0.18526405451448041 0.09302646085997796
21 0.5483390119250426 0.3435088202866593 0.09795570698466781 0.06132855567805954
21 0.689416524701874 0.2470369349503859 0.17781090289608179 0.0682194046306505
21 0.6910136286201022 0.3472987872105843 0.1788756388415673 0.05237045203969129
21 0.8773424190800682 0.35108875413450935 0.18526405451448041 0.04479051819184123
21 0.22199744463373083 0.40690463065049615 0.3737223168654174 0.01998346196251378
21 0.28268739352640543 0.42929988974641675 0.48658432708688243 0.023428886438809263
21 0.28321976149914824 0.448938809261301 0.489778534923339 0.0172271223814774
21 0.2885434412265758 0.4658213891951488 0.5025553662691652 0.017916207276736495
21 0.2747018739352641 0.4892502756339581 0.48126064735945484 0.028941565600882027
17 0.4370741056218058 0.38967750826901876 0.2054940374787053 0.0172271223814774
17 0.545144804088586 0.2932056229327453 0.09369676320272573 0.03927783902976847
17 0.6899488926746167 0.3045755237045204 0.17674616695059625 0.0344542447629548
13 0.689416524701874 0.19363285556780596 0.1799403747870528 0.03996692392502756
13 0.8773424190800682 0.31008820286659317 0.18100511073253833 0.042723263506063945
17 0.3604131175468484 0.22154079382579933 0.22040034071550255 0.02825248070562293
21 0.35828364565587734 0.2501378169790518 0.2651192504258944 0.0344542447629548
36 0.30664395229982966 0.2794239250275634 0.15971039182282795 0.010336273428886439
36 0.30877342419080067 0.33076074972436603 0.17248722316865417 0.012403528114663727
35 0.35562180579216357 0.2959619625137817 0.26192504258943783 0.04479051819184123
35 0.35189522998296424 0.34833241455347297 0.25873083475298125 0.04754685777287762
0 0.5084114139693356 0.7421444321940464 0.9359028960817717 0.4534178610804851
21 0.500958262350937 0.5905457552370452 0.78896933560477 0.08544652701212789
21 0.4589011925042589 0.9202728776185226 0.7772572402044293 0.032386990077177505
21 0.4966993185689949 0.9774669239250275 0.04578364565587734 0.011714443219404631