0 0.7133915211970075 0.4819662243667069 0.4116708229426434 0.9082569360675513
21 0.3785453034081463 0.48772617611580216 0.205453034081463 0.15425211097708083
21 0.375120532003325 0.8884559710494572 0.2074896093100582 0.10300361881785283
13 0.3793682460515378 0.20371531966224365 0.20477140482128015 0.12440892641737034
21 0.15336658354114713 0.17201447527141134 0.20382377389858686 0.06764173703256936
21 0.37674147963424776 0.8138480096501809 0.20586866167913548 0.0440832328106152
21 0.15379052369077306 0.48645355850422195 0.20350789692435578 0.0880518697225573
21 0.379334995843724 0.3103437876960193 0.20496259351620946 0.08882388419782872
21 0.1529426433915212 0.4028045838359469 0.20463840399002495 0.07572376357056694
21 0.15903574397339984 0.5712123039806997 0.20805486284289276 0.07963208685162847
21 0.1538985868661679 0.25177925211097707 0.2042310889443059 0.08725572979493365
21 0.15940149625935163 0.9096682750301568 0.20773898586866169 0.06182147165259349
21 0.3779551122194514 0.6051628468033776 0.20584372402327514 0.07955971049457176
21 0.38110556940980883 0.38139324487334136 0.2046134663341646 0.054981905910735825
21 0.15890274314214464 0.6305729794933655 0.2064006650041563 0.034957780458383596
21 0.15251039068994182 0.3294692400482509 0.20472152950955944 0.0670928829915561
6 0.2691853699085619 0.709167671893848 0.4264588528678304 0.11682750301568154
21 0.15886949293433084 0.8160856453558504 0.2082128013300083 0.09542822677925211
28 0.5044472152950956 0.9687092882991556 0.02051537822111388 0.01810012062726176
17 0.26640897755610976 0.09621230398069965 0.42653366583541147 0.0658021712907117
32 0.2633665835411471 0.044010856453558504 0.43047381546134666 0.027943305186972255
13 0.38012468827930174 0.7821049457177323 0.20464671654197839 0.023148371531966225
9 0.7126101413133832 0.4156875753920386 0.26228595178719866 0.1911761158021713
12 0.7068495428096426 0.585512665862485 0.3737572734829593 0.10688781664656212
12 0.7092518703241896 0.671248492159228 0.36895261845386534 0.065
12 0.6962759767248545 0.7566887816646561 0.34492934330839564 0.10340168878166466
12 0.7130922693266833 0.8804885404101326 0.33627597672485454 0.10277442702050664
20 0.7130922693266833 0.9498250904704463 0.43236907730673313 0.01832931242460796
32 0.0831920199501247 0.9679613992762365 0.06052369077306733 0.016942098914354643
32 0.8673316708229427 0.9679613992762365 0.11620947630922694 0.014155609167671893