17 0.42412875121006777 0.1606837606837607 0.6207647628267183 0.14017094017094017
17 0.21357696030977735 0.3 0.3860116166505324 0.046153846153846156
17 0.8470474346563408 0.294017094017094 0.22265246853823814 0.05128205128205128
17 0.8464424007744433 0.3333333333333333 0.21902226524685384 0.03076923076923077
17 0.7883591481122942 0.36495726495726494 0.10769603097773475 0.022222222222222223
17 0.7877541142303969 0.6236410256410256 0.10648596321393998 0.02564102564102564
17 0.7885648596321394 0.6649572649572649 0.10406582768635043 0.020512820512820513
17 0.9027105517909003 0.6393162393162393 0.10406582768635043 0.020512820512820513
17 0.9027105517909003 0.5658119658119658 0.09922555663117134 0.020512820512820513
17 0.902105517909003 0.43333333333333335 0.10527589545014521 0.022222222222222223
17 0.9045256534365924 0.36495726495726494 0.10527589545014521 0.02564102564102564
17 0.8754840271055179 0.08632478632478632 0.1633591481122943 0.07692307692307693
0 0.8464424007744433 0.1683760683760684 0.2166021297192643 0.0905982905982906
0 0.4005324298160697 0.44188034188034186 0.13068731848983542 0.1794871794871795
0 0.6189496611810261 0.39914529914529917 0.21902226524685384 0.27521367521367524
0 0.5487657308809293 0.6358974358974359 0.09559535333978703 0.17777777777777778
0 0.6159244917715392 0.8504273504273504 0.22265246853823814 0.2376068376068376
0 0.37330590513068734 0.8606837606837607 0.19482090997095838 0.19658119658119658
6 0.0617134559535334 0.13162393162393163 0.08954501452081316 0.1675213675213675
6 0.25592933204259444 0.5367521367521367 0.4634559535333979 0.42735042735042733
6 0.12463697967086157 0.8444444444444444 0.21297192642787996 0.3076923076923077
22 0.6588818973862536 0.6811965811965812 0.12221684414327202 0.09401709401709402
6 0.6655372700871249 0.4854700854700855 0.10648596321394 0.3282051282051282
22 0.20994675701839302 0.8196581196581196 0.11737657308809293 0.13162393162393163
33 0.8464424007744433 0.8555555555555555 0.21418199419167475 0.22393162393162394
40 0.8446272991287512 0.7581196581196581 0.20571151984511132 0.02905982905982906
22 0.30947483059051306 0.3294871794871795 0.20873668925459826 0.01623931623931624
8 0.01936108422071636 0.6452991452991453 0.00968054211035818 0.21367521367521367
33 0.7877541142303969 0.43162393162393164 0.10648596321393998 0.15897435897435896
6 0.9284244917715392 0.6846153846153846 0.04900774443368827 0.10769230769230764
9 0.8828267182962246 0.7078290598290599 0.07199903194578897 0.04358974358974359
35 0.8924249757986448 0.9923076923076923 0.10285575992255566 0.015384615384615385
31 0.9508107454017425 0.9910256410256411 0.010285575992255566 0.01623931623931624
33 0.2676016456921588 0.4683145299145299 0.12782671829622458 0.23964102564102566
17 0.7880082284607939 0.5249470085470086 0.09993707647628267 0.014605128205128205
33 0.7894433688286544 0.5651076923076923 0.10625363020329139 0.09655042735042736
33 0.7880082284607939 0.6336683760683761 0.1068296224588577 0.03894358974358974
33 0.7882938044530494 0.6937094017094017 0.10625363020329139 0.0713982905982906
33 0.9008664085188771 0.6527350427350427 0.10625363020329139 0.054362393162393156
33 0.9005808325266215 0.5902598290598291 0.10223378509196515 0.07383247863247863
33 0.902877541142304 0.487217094017094 0.10453049370764764 0.1306290598290598
33 0.9014424007744434 0.3894495726495727 0.10740319457889642 0.0713982905982906