20 0.8348397699260477 0.28664688427299706 0.3155299917830731 0.17210682492581603
7 0.8331963845521775 0.4762611275964392 0.3155299917830731 0.20237388724035607
7 0.3266228430566968 0.228486646884273 0.6450287592440427 0.256379821958457
20 0.5 0.5608308605341247 0.3196384552177486 0.15905044510385757
7 0.44207066557107644 0.8637982195845697 0.43385373870172556 0.24154302670623146
20 0.8352506162695152 0.6456973293768546 0.31470829909613807 0.13531157270029673
20 0.8344289235825801 0.1510385756676558 0.31470829909613807 0.09910979228486647
20 0.5004108463434676 0.6905044510385757 0.32046014790468363 0.09910979228486647
20 0.5004108463434676 0.37863501483679524 0.3188167625308135 0.20771513353115728
20 0.16351684470008218 0.43353115727002967 0.32046014790468363 0.09792284866468842
20 0.8352506162695152 0.8124629080118695 0.31470829909613807 0.10089020771513353
20 0.10558751027115859 0.8922848664688428 0.20460147904683648 0.09080118694362017
20 0.8348397699260477 0.7373887240356083 0.3155299917830731 0.04925816023738872
13 0.16310599835661463 0.37151335311572703 0.3179950698438784 0.026112759643916916
20 0.16351684470008218 0.5382789317507418 0.32046014790468363 0.11275964391691394
16 0.10682004930156122 0.8172106824925816 0.1791290057518488 0.05103857566765579
18 0.16433853738701726 0.6593471810089021 0.32046014790468363 0.08545994065281899
18 0.1639276910435497 0.7142433234421365 0.3196384552177486 0.025519287833827894
18 0.1639276910435497 0.7572700296735905 0.3196384552177486 0.0629080118694362
20 0.575595727198028 0.2311572700296736 0.17009038619556285 0.08605341246290801
10 0.8299096138044372 0.5605341246290801 0.3056696795398521 0.032640949554896145
20 0.8348397699260477 0.9293768545994066 0.29745275267050125 0.07240356083086054
16 0.8352506162695152 0.8798219584569733 0.12736236647493837 0.029080118694362018
20 0.10599835661462613 0.9640949554896142 0.2037797863599014 0.04451038575667656
28 0.5032867707477403 0.9916913946587537 0.02875924404272802 0.01543026706231454
9 0.5628594905505341 0.13760830860534126 0.16269515201314708 0.08451632047477745
25 0.824708299096138 0.03153709198813057 0.27225143796220214 0.029056379821958456
30 0.6225718981101068 0.030747774480712167 0.052037797863599015 0.027471810089020773