23 0.5237621359223301 0.8344259471871411 0.2913915857605178 0.2448163030998852
23 0.827200647249191 0.9070723306544202 0.2933252427184466 0.10739380022962114
23 0.5224919093851133 0.6602066590126291 0.29050161812297737 0.11397818599311137
23 0.21695792880258902 0.5292135476463835 0.2930906148867314 0.11327784156142366
23 0.8190938511326861 0.4610849598163031 0.2944093851132686 0.12397244546498279
23 0.5221521035598705 0.5269862227324914 0.28977346278317156 0.1500459242250287
23 0.8256796116504854 0.31621699196326064 0.2934223300970874 0.062399540757749714
23 0.8446035598705502 0.11663605051664754 0.25271035598705505 0.09149253731343283
23 0.5199029126213592 0.40108495981630315 0.29186893203883496 0.10154994259471872
23 0.21715210355987052 0.6452353616532721 0.2917394822006472 0.11393800229621125
17 0.7551537216828479 0.8404994259471872 0.16012135922330098 0.018903559127439726
23 0.8268932038834951 0.7897703788748565 0.29245145631067965 0.05314006888633754
23 0.2218851132686084 0.7179908151549943 0.2909061488673139 0.03970723306544202
17 0.16318770226537216 0.766171067738232 0.17848705501618123 0.01989092996555683
17 0.7579288025889968 0.18229047072330656 0.08495954692556634 0.018714121699196326
31 0.032362459546925564 0.9536452353616532 0.04449838187702265 0.03300803673938002
17 0.3832928802588997 0.13920780711825487 0.6411812297734628 0.16647531572904709
24 0.21575242718446602 0.24493111366245696 0.30204692556634305 0.026791044776119405
24 0.5198220064724919 0.2568886337543054 0.29261326860841425 0.05262342135476464
23 0.8211974110032363 0.6448507462686567 0.2966585760517799 0.23919058553386913
23 0.21372977346278318 0.7902812858783008 0.2872168284789644 0.022962112514351322
23 0.5204935275080906 0.31525258323765787 0.28856796116504857 0.06601607347876004
23 0.7160194174757282 0.19709146574818215 0.9776159654800433 0.19517795637198623 0.9776159654800433 0.2870264064293915 0.674217907227616 0.28415614236509756 0.6728694714131606 0.23057787983161115 0.7146709816612729 0.23057787983161115
23 0.8238915857605178 0.37456946039035593 0.2993527508090615 0.04879448909299656
23 0.21507281553398058 0.30855338691159584 0.29261326860841425 0.09854764638346727
23 0.21507281553398058 0.4157118254879449 0.2980016181229773 0.11194029850746269
23 0.21911812297734626 0.881171067738232 0.2953074433656958 0.1549942594718714