20 0.24412751677852348 0.1656769596199525 0.2332214765100671 0.15795724465558195
7 0.7978187919463087 0.8052256532066508 0.401006711409396 0.21140142517814728
20 0.2424496644295302 0.3254156769596199 0.22986577181208054 0.16389548693586697
20 0.7239932885906041 0.23693586698337293 0.2332214765100671 0.3004750593824228
20 0.9236577181208053 0.24584323040380046 0.1493288590604027 0.24703087885985747
13 0.4865771812080537 0.13598574821852732 0.23154362416107382 0.09619952494061758
20 0.48070469798657717 0.5961995249406176 0.2332214765100671 0.19714964370546317
20 0.48322147651006714 0.418646080760095 0.23154362416107382 0.15558194774346792
20 0.9228187919463087 0.4839667458432304 0.15100671140939598 0.22684085510688837
20 0.7214765100671141 0.5427553444180523 0.2348993288590604 0.2921615201900237
7 0.48322147651006714 0.26365795724465557 0.23154362416107382 0.13539192399049882
16 0.9454697986577181 0.10154394299287411 0.10570469798657718 0.0344418052256532
16 0.4798657718120805 0.7214964370546318 0.19463087248322147 0.032066508313539195
16 0.5754697986577182 0.04450118764845606 0.8490604026845638 0.04625890736342043
20 0.4798657718120805 0.8224465558194775 0.2348993288590604 0.16270783847980996
13 0.24161073825503357 0.6454869358669834 0.23154362416107382 0.04156769596199525
20 0.2408557046979866 0.7839429928741093 0.236744966442953 0.23298099762470306
2 0.14513422818791946 0.10332541567695962 0.031879194630872486 0.0332541567695962
10 0.8149664429530202 0.8928028503562946 0.37006711409395976 0.02621140142517815
12 0.738255033557047 0.8657957244655582 0.04697986577181208 0.0166270783847981
20 0.9219798657718121 0.6437054631828979 0.15268456375838926 0.09263657957244656
7 0.2442785234899329 0.5150475059382423 0.23731543624161072 0.1999643705463183
10 0.24426174496644298 0.5649406175771972 0.23538590604026843 0.0968289786223278
28 0.1484731543624161 0.9074821852731592 0.05615771812080537 0.013064133016627079
28 0.21926174496644296 0.9062232779097387 0.05466442953020134 0.013064133016627079
10 0.4841442953020134 0.30022565320665084 0.22946308724832212 0.05870546318289786