6 0.506820987654321 0.5340898345153664 0.9254475308641976 0.6126359338061466
6 0.5197067901234568 0.11722222222222223 0.8794135802469136 0.1760401891252955
29 0.3412654320987654 0.8980378250591017 0.6363888888888889 0.034444444444444444
35 0.8612345679012346 0.022943262411347518 0.2527314814814815 0.026914893617021277
12 0.2935030864197531 0.47741134751773046 0.29259259259259257 0.053664302600472814
12 0.6510493827160494 0.32505910165484636 0.23726851851851852 0.03250591016548463
12 0.3819444444444444 0.6131796690307328 0.21604938271604937 0.04728132387706856
12 0.41378086419753085 0.7505910165484634 0.4494598765432099 0.020685579196217493
9 0.5275925925925926 0.2578368794326241 0.3722993827160494 0.04284869976359338
29 0.15625 0.8680614657210401 0.2700617283950617 0.022163120567375887
22 0.8748148148148148 0.8717494089834515 0.18325617283950618 0.0384160756501182
6 0.7503858024691358 0.871016548463357 0.05787037037037037 0.04875886524822695
11 0.5083024691358025 0.3486997635933806 0.8082561728395061 0.12411347517730496
11 0.4986574074074074 0.48094562647754135 0.7658179012345679 0.11377068557919622
11 0.3250462962962963 0.6168794326241135 0.36072530864197533 0.15218676122931443
11 0.7089197530864197 0.6442080378250591 0.3568672839506173 0.12115839243498817
11 0.4976851851851852 0.7661111111111111 0.7870370370370371 0.11377068557919622
12 0.7841512345679013 0.6914893617021277 0.1253858024691358 0.026595744680851064