7 0.8539956467661691 0.7951482352941177 0.23914179104477612 0.30962823529411765
7 0.5924409203980099 0.14265882352941175 0.16657027363184082 0.1961364705882353
9 0.1405907960199005 0.9228141176470588 0.23312810945273632 0.06336470588235295
20 0.791181592039801 0.5912941176470589 0.1113028606965174 0.0657035294117647
7 0.4003171641791045 0.1391905882352941 0.19018034825870647 0.19274823529411764
10 0.5643563432835821 0.5336799999999999 0.11006840796019901 0.0882164705882353
7 0.3052549751243781 0.8576941176470588 0.05744402985074627 0.06727529411764706
28 0.9741324626865672 0.9826729411764705 0.021122512437810947 0.01872
20 0.41189676616915427 0.8819952941176471 0.1426337064676617 0.12312
19 0.3222792288557214 0.8013411764705882 0.09050995024875622 0.020969411764705882
9 0.8513246268656717 0.9221552941176471 0.22473569651741293 0.050418823529411766
7 0.7322761194029851 0.09529411764705882 0.11194029850746269 0.0988235294117647
7 0.7342195273631841 0.1935294117647059 0.1142723880597015 0.09529411764705882
7 0.8799751243781094 0.14411764705882352 0.17568407960199006 0.19176470588235295
7 0.16635572139303484 0.14647058823529413 0.28451492537313433 0.24823529411764705
7 0.5612562189054726 0.21588235294117647 0.1181592039800995 0.21058823529411766
16 0.7524875621890548 0.2635294117647059 0.3824626865671642 0.08941176470588236
16 0.26158271144278605 0.27705882352941175 0.408115671641791 0.07882352941176471
16 0.6452114427860697 0.31470588235294117 0.15547263681592038 0.02235294117647059
16 0.17685012437810946 0.32529411764705884 0.16402363184079602 0.027058823529411764
19 0.3077518656716418 0.9290023529411765 0.03444962686567164 0.026381176470588238
20 0.08529228855721394 0.5087811764705883 0.1099844527363184 0.32788235294117646
13 0.20108830845771145 0.6375482352941176 0.1099844527363184 0.06784
13 0.32435323383084574 0.4918258823529412 0.11330534825870646 0.2901929411764706
13 0.4399440298507462 0.6535670588235294 0.10957089552238806 0.1400705882352941
21 0.48787935323383086 0.7342823529411764 0.014527363184079602 0.016329411764705884
20 0.6739800995024876 0.5649694117647058 0.11085199004975124 0.4067764705882353
20 0.560087064676617 0.6768141176470588 0.10680348258706468 0.18155764705882352
20 0.9118843283582089 0.5274305882352941 0.1189521144278607 0.12333647058823528
13 0.7898942786069653 0.4627011764705882 0.10882773631840796 0.18845176470588235
13 0.9088463930348258 0.4167341176470588 0.11490360696517413 0.09652235294117648
10 0.2153047263681592 0.5527858823529412 0.14286069651741293 0.09047058823529412
10 0.43567475124378113 0.5282494117647059 0.10942475124378111 0.08740235294117647
10 0.5608053482587064 0.5297835294117647 0.10841106965174128 0.08740235294117647
10 0.8500715174129353 0.9253976470588235 0.23911380597014925 0.047534117647058824
19 0.5633364427860696 0.8027247058823529 0.08713619402985075 0.02606588235294118
19 0.5501648009950248 0.9368988235294118 0.03444962686567164 0.046
20 0.6535136815920397 0.889364705882353 0.13374067164179104 0.12880470588235293
7 0.5496610696517413 0.8632941176470589 0.05977922885572139 0.07053647058823528
7 0.4392195273631841 0.46461647058823524 0.11651741293532339 0.23307294117647057
7 0.2137842039800995 0.4738164705882353 0.14184701492537313 0.25760941176470586
7 0.5633364427860696 0.46461647058823524 0.1114521144278607 0.2238729411764706
30 0.8029601990049752 0.01686588235294118 0.3049720149253731 0.03373647058823529
21 0.9610167910447761 0.6033882352941177 0.019250621890547263 0.02300235294117647
28 0.030901741293532337 0.9752329411764705 0.01722325870646766 0.0184