20 0.4763458401305057 0.18515870746354018 0.8172920065252854 0.055762081784386616
20 0.4977569331158238 0.2503574492422076 0.6977977161500816 0.06033743208464398
28 0.9447389885807504 0.962968258507292 0.03221859706362153 0.030597655132971118
20 0.4429037520391517 0.10919073491564198 0.736541598694943 0.03365170145839291
19 0.1459380097879282 0.02147269087789534 0.1939967373572594 0.013397197597941092
14 0.7604812398042414 0.9660423219902774 0.2730016313213703 0.02949957106090935
20 0.38355220228384995 0.14136402630826422 0.6243678629690049 0.027269087789533887
16 0.18876019575856443 0.32036030883614525 0.07572185970636215 0.022096082356305405
33 0.41446982055464926 0.3615985130111524 0.3558523654159869 0.05023734629682585
18 0.291431484502447 0.4092622247640835 0.4441965742251224 0.014026308264226479
18 0.441684339314845 0.4288075493279954 0.7528629690048939 0.024521018015441806
18 0.3278058727569331 0.4473977695167286 0.5210236541598695 0.014040606233914784
18 0.3967332789559543 0.4569287961109523 0.6584094616639479 0.010743494423791822
16 0.19181892332789557 0.5088933371461253 0.07776101141924958 0.030274521018015442
33 0.4253466557911909 0.5517986845867887 0.3857667210440457 0.04745210180154418
18 0.32202691680261014 0.5970803545896483 0.5053874388254487 0.012193308550185874
18 0.441684339314845 0.6161481269659709 0.7365497553017945 0.02745496139548184
18 0.33494290375203917 0.6359307978267086 0.5230668841761826 0.01268515870746354
18 0.367915986949429 0.6504689734057764 0.5849347471451876 0.016028024020589074
19 0.37164763458401306 0.7470060051472691 0.4659706362153344 0.08042036030883615