20 0.35702341137123744 0.5731070496083551 0.225752508361204 0.27154046997389036
20 0.592809364548495 0.5163185378590078 0.22909698996655517 0.2258485639686684
20 0.5936454849498328 0.7134464751958225 0.22742474916387959 0.16579634464751958
20 0.11956521739130435 0.2565274151436031 0.22909698996655517 0.2650130548302872
13 0.11705685618729098 0.7088772845953003 0.22742474916387959 0.19321148825065274
7 0.11454849498327759 0.5254569190600522 0.225752508361204 0.15796344647519583
7 0.23244147157190637 0.9014360313315927 0.46153846153846156 0.17362924281984335
13 0.35785953177257523 0.3779373368146214 0.23076923076923078 0.11879895561357702
20 0.5911371237458194 0.9373368146214099 0.22909698996655517 0.06266318537859007
13 0.5944816053511706 0.36096605744125326 0.225752508361204 0.08485639686684072
20 0.8327759197324415 0.402088772845953 0.23076923076923078 0.1122715404699739
20 0.5919732441471572 0.8498694516971279 0.23076923076923078 0.10966057441253264
0 0.8309197324414715 0.7271540469973891 0.23262541806020068 0.4804177545691906
20 0.3528428093645485 0.7761096605744126 0.23076923076923078 0.06657963446475196
20 0.11872909698996656 0.4157963446475196 0.23076923076923078 0.050913838120104436
7 0.5950334448160535 0.213733681462141 0.7218394648829431 0.1872584856396867
13 0.8327759197324415 0.3328981723237598 0.23076923076923078 0.028720626631853787
16 0.4782608695652174 0.05565274151436032 0.9565217391304348 0.0904177545691906
10 0.592809364548495 0.29699738903394257 0.0451505016722408 0.0195822454308094
10 0.11789297658862877 0.5946475195822454 0.038461538461538464 0.016971279373368148
2 0.028428093645484948 0.1468668407310705 0.043478260869565216 0.04308093994778068
8 0.35535117056856186 0.7251958224543081 0.021739130434782608 0.016971279373368148
10 0.23683946488294313 0.9600130548302872 0.04725752508361204 0.01838120104438642
11 0.06267558528428094 0.8896605744125327 0.1132608695652174 0.1402219321148825
11 0.2203344481605351 0.887845953002611 0.16941471571906355 0.13659268929503915
11 0.3847491638795987 0.8902088772845953 0.15262541806020066 0.14348563968668407
9 0.06314381270903009 0.9473237597911227 0.03060200668896321 0.020548302872062663
9 0.19690635451505017 0.9460574412532636 0.030551839464882942 0.020182767624020888
9 0.380819397993311 0.9484073107049609 0.030484949832775922 0.01838120104438642
11 0.3148494983277592 0.2071409921671018 0.16055183946488294 0.1633420365535248
9 0.2661036789297659 0.2611749347258486 0.03516722408026756 0.02335509138381201
11 0.49876254180602003 0.20532637075718016 0.17163879598662207 0.15971279373368147
9 0.44861204013377926 0.25972584856396863 0.037892976588628766 0.024804177545691905
11 0.681989966555184 0.2071409921671018 0.16739130434782606 0.1633420365535248
9 0.6311371237458194 0.25989556135770236 0.03505016722408027 0.022989556135770233
11 0.8649665551839465 0.2089556135770235 0.16546822742474918 0.16697127937336814
9 0.8164548494983278 0.2631723237597911 0.035903010033444815 0.025169712793733683
7 0.8720141359927889 0.6993754514494949 0.13280364568235348 0.4006179219203632
28 0.8494314381270903 0.9735900783289817 0.057441471571906356 0.013002610966057442
28 0.9181103678929765 0.9733289817232377 0.05511705685618729 0.012493472584856398