20 0.19625 0.22482142857142856 0.2955 0.13964285714285715
18 0.197 0.43535714285714283 0.291 0.06285714285714286
18 0.1965 0.5008928571428571 0.296 0.06821428571428571
18 0.19625 0.37107142857142855 0.2915 0.06428571428571428
20 0.515 0.22660714285714287 0.295 0.053214285714285714
20 0.5145 0.30125 0.293 0.08321428571428571
20 0.514 0.4107142857142857 0.294 0.035
16 0.1695 0.3192857142857143 0.235 0.032857142857142856
20 0.19925 0.8066071428571429 0.2945 0.08178571428571428
20 0.1985 0.8966071428571428 0.293 0.08321428571428571
20 0.515 0.17410714285714285 0.295 0.04107142857142857
16 0.16475 0.5828571428571429 0.2255 0.03142857142857143
16 0.47675 0.3725 0.2185 0.027857142857142858
16 0.485585 0.04302857142857143 0.8451649999999999 0.06391428571428572
20 0.19925 0.6814285714285714 0.2945 0.15357142857142858
21 0.22 0.10390357142857143 0.365 0.03981071428571428
2 0.084585 0.1866607142857143 0.060835 0.060010714285714285
18 0.5146649999999999 0.4509285714285714 0.29533499999999996 0.042814285714285714
18 0.511665 0.4990392857142857 0.29333499999999996 0.047603571428571426
18 0.807665 0.17525714285714286 0.249335 0.03289642857142857
18 0.829865 0.2194392857142857 0.295725 0.048400000000000006
18 0.833225 0.29815714285714284 0.29833499999999996 0.10155357142857144
18 0.8320599999999999 0.38067500000000004 0.286 0.05944642857142857
18 0.831225 0.43807142857142856 0.29033499999999995 0.04566428571428571
18 0.8298949999999999 0.48713214285714285 0.291665 0.049499999999999995
7 0.6645599999999999 0.7445178571428571 0.597 0.3928464285714286
30 0.873895 0.9801821428571429 0.211665 0.02988571428571429