21 0.8373389830508474 0.3699598163030999 0.30981355932203386 0.1226865671641791
21 0.17601694915254237 0.20427095292766934 0.24727966101694918 0.13016647531572906
21 0.1723728813559322 0.7516475315729046 0.24548305084745764 0.07351320321469575
21 0.17135593220338982 0.6482146957520092 0.24502542372881356 0.05187141216991963
21 0.49745762711864405 0.40651549942594717 0.31231355932203386 0.05669345579793341
21 0.17149152542372884 0.5913260619977038 0.24476271186440676 0.05359931113662457
21 0.17022033898305086 0.5207175660160736 0.24433050847457627 0.09037313432835821
13 0.17801694915254238 0.11512629161882894 0.24905084745762712 0.03975315729047072
21 0.17289830508474577 0.6907577497129735 0.2459491525423729 0.03769804822043628
21 0.17609322033898303 0.36906429391504014 0.24822033898305082 0.206796785304248
21 0.17227966101694914 0.827353616532721 0.24715254237288134 0.0784443168771527
21 0.17203389830508475 0.907382319173364 0.24769491525423726 0.08030424799081515
21 0.8238305084745763 0.6022043628013777 0.309228813559322 0.04812284730195178
27 0.5273983050847458 0.9787543053960964 0.02930508474576271 0.018662456946039036
21 0.49623728813559315 0.327841561423651 0.30927118644067797 0.036653272101033293
6 0.4864406779661017 0.8938002296211252 0.2677966101694915 0.04247990815154994
6 0.8347457627118644 0.8938002296211252 0.27288135593220336 0.04247990815154994
11 0.40084745762711865 0.8920780711825488 0.07288135593220339 0.03214695752009185
11 0.4847457627118644 0.8926521239954076 0.0711864406779661 0.03559127439724455
11 0.5694915254237288 0.8932261768082663 0.0847457627118644 0.03673938002296211
11 0.7516949152542373 0.8932261768082663 0.07966101694915254 0.03673938002296211
11 0.8372881355932204 0.8920780711825488 0.0847457627118644 0.03444316877152698
11 0.9245762711864407 0.894374282433984 0.07966101694915254 0.03444316877152698
20 0.5254237288135594 0.9397244546498278 0.38305084745762713 0.024110218140068886
31 0.5364406779661017 0.053386911595866816 0.6830508474576271 0.04936854190585534
21 0.6610169491525424 0.25889781859931116 0.6508474576271186 0.07921928817451206
17 0.6703389830508475 0.1687715269804822 0.6593220338983051 0.08725602755453502
17 0.4516949152542373 0.36911595866819746 0.211864406779661 0.01722158438576349
17 0.3766440677966102 0.47391504018369685 0.048966101694915255 0.011481056257175661
15 0.5042372881355932 0.5290872560275545 0.3116779661016949 0.09504018369690012
15 0.5032966101694916 0.6556946039035592 0.3116779661016949 0.15818599311136625
21 0.5042372881355932 0.796337543053961 0.3135593220338983 0.12055109070034443
21 0.8248559322033898 0.6987485648679679 0.3126186440677966 0.04783582089552239
15 0.8243898305084746 0.8489609644087257 0.3116779661016949 0.014029850746268658
15 0.8220338983050848 0.7992078071182549 0.3126186440677966 0.08291618828932262
15 0.8239152542372882 0.7405281285878301 0.31073728813559326 0.035717566016073475
15 0.8234491525423728 0.649638346727899 0.3135593220338983 0.04656142365097589
15 0.8215593220338984 0.571182548794489 0.3135593220338983 0.01211825487944891
15 0.8229745762711864 0.5169690011481056 0.3088474576271186 0.09758897818599312