24 0.7758401305057095 0.36380499405469674 0.2561827079934747 0.179179548156956
23 0.5038009787928222 0.38223543400713433 0.25445350734094613 0.21638525564803804
23 0.2356443719412724 0.5502734839476813 0.22663947797716152 0.12755053507728895
23 0.23585644371941275 0.7615101070154577 0.22910277324632952 0.2893103448275862
23 0.23159869494290375 0.3890844233055886 0.2268026101141925 0.19315101070154578
23 0.77557911908646 0.5292984542211653 0.2569494290375204 0.14369797859690844
23 0.5038499184339315 0.5397740784780024 0.2544861337683524 0.08625445897740786
23 0.775236541598695 0.7819857312722949 0.26112561174551385 0.28400713436385255
17 0.7356769983686787 0.6307134363852556 0.18432300163132137 0.03260404280618312
23 0.5001794453507341 0.8763733650416171 0.25495921696574225 0.10626634958382879
23 0.5009624796084828 0.7027942925089179 0.2551712887438825 0.24117717003567182
17 0.38122349102773245 0.08858501783590964 0.5612398042414356 0.09605231866825208
25 0.24228384991843394 0.1581331747919144 0.2755628058727569 0.040879904875148636
31 0.07838499184339315 0.9189892984542212 0.02295269168026101 0.01863258026159334