6 0.4933881163084703 0.36338788870703764 0.9245638432364096 0.44828968903436983
21 0.8612642225031606 0.8296563011456629 0.22836915297092286 0.10378887070376432
21 0.37541087231352716 0.7686170212765957 0.23139064475347662 0.08421440261865794
21 0.6210745891276864 0.6787643207855975 0.23241466498103666 0.10979541734860883
21 0.6151959544879899 0.7635024549918167 0.2314032869785082 0.05743044189852701
21 0.8608596713021492 0.7463011456628478 0.2293426042983565 0.0671112929623568
21 0.619519595448799 0.8519148936170212 0.23079646017699115 0.06817512274959084
21 0.37337547408343863 0.8453764320785597 0.23132743362831856 0.06805237315875613
21 0.14154235145385588 0.6219312602291326 0.22582806573957015 0.06735679214402619
21 0.3785335018963338 0.7020458265139116 0.23106194690265489 0.04728314238952537
13 0.8576106194690265 0.6479132569558101 0.2277749683944374 0.1153355155482815
21 0.14553729456384323 0.6809410801963993 0.22533501896333755 0.03965630114566285
13 0.6169279393173198 0.6078068739770868 0.22873577749683946 0.02743862520458265
13 0.3789001264222503 0.6349263502454991 0.2302528445006321 0.08353518821603928
17 0.6205436156763591 0.8071031096563012 0.17845764854614413 0.01516366612111293
21 0.14628318584070796 0.8572258592471358 0.22505689001264223 0.05013911620294599
17 0.5092541087231353 0.10664484451718494 0.9557901390644753 0.06402618657937806
19 0.14414664981036662 0.7365630114566285 0.22238938053097346 0.022749590834697218
19 0.14049304677623262 0.7132733224222586 0.22797724399494312 0.023453355155482816
19 0.13988621997471556 0.760278232405892 0.21957016434892543 0.022708674304418985
19 0.14350189633375474 0.784746317512275 0.21964601769911504 0.02934533551554828
19 0.14108723135271808 0.814279869067103 0.2219721871049305 0.030883797054009822
32 0.24969658659924146 0.8943207855973813 0.24716814159292033 0.018895253682487723
28 0.06609355246523388 0.8927659574468085 0.0647661188369153 0.010630114566284779
2 0.04208596713021492 0.6049754500818331 0.023969658659924148 0.02748772504091653
9 0.49398230088495576 0.5786415711947627 0.3309355246523388 0.017806873977086746