13 0.861013986013986 0.4114391143911439 0.23601398601398602 0.15129151291512916
13 0.13898601398601398 0.4194341943419434 0.23251748251748253 0.1795817958179582
20 0.6197552447552448 0.43419434194341944 0.23251748251748253 0.13530135301353013
20 0.618006993006993 0.5387453874538746 0.23601398601398602 0.07134071340713408
13 0.3784965034965035 0.43050430504305043 0.23251748251748253 0.1943419434194342
13 0.13723776223776224 0.8745387453874539 0.23601398601398602 0.08118081180811808
20 0.13636363636363635 0.5381303813038131 0.23076923076923078 0.06027060270602706
20 0.13723776223776224 0.9360393603936039 0.23601398601398602 0.03936039360393604
7 0.501013986013986 0.1676629766297663 0.9292482517482517 0.320590405904059
10 0.5052447552447552 0.31365313653136534 0.07342657342657342 0.024600246002460024
16 0.6215034965034965 0.34686346863468637 0.17307692307692307 0.03444034440344403
25 0.37840909090909086 0.5515252152521525 0.23947552447552445 0.040688806888068876
10 0.49143356643356645 0.9438868388683886 0.0648076923076923 0.015645756457564577
28 0.06260489510489511 0.9659163591635916 0.0786013986013986 0.015584255842558426
30 0.22536713286713286 0.9661746617466175 0.21181818181818182 0.016088560885608855
8 0.6533216783216783 0.967170971709717 0.6445104895104895 0.015916359163591635
7 0.49038461538461536 0.7238622386223862 0.9248251748251748 0.46863468634686345