7 0.6444256756756757 0.5543727598566308 0.5872635135135136 0.2174551971326165
20 0.19932432432432431 0.532258064516129 0.27702702702702703 0.08004778972520908
20 0.20016891891891891 0.7485065710872163 0.27533783783783783 0.07765830346475508
20 0.785472972972973 0.8608124253285544 0.27702702702702703 0.056152927120669056
13 0.785472972972973 0.7078853046594982 0.27702702702702703 0.08004778972520908
20 0.19932432432432431 0.6487455197132617 0.27702702702702703 0.06690561529271206
20 0.49577702702702703 0.8040621266427718 0.27533783783783783 0.043010752688172046
20 0.49577702702702703 0.7622461170848268 0.27871621621621623 0.04062126642771804
20 0.19932432432432431 0.5937873357228196 0.27702702702702703 0.04062126642771804
20 0.7837837837837838 0.8118279569892473 0.27702702702702703 0.04181600955794504
20 0.7837837837837838 0.9091995221027479 0.27702702702702703 0.04062126642771804
20 0.785472972972973 0.7694145758661888 0.27702702702702703 0.043010752688172046
20 0.19763513513513514 0.8028673835125448 0.28040540540540543 0.02867383512544803
16 0.45861486486486486 0.8876941457586619 0.20777027027027026 0.052568697729988054
20 0.20016891891891891 0.931899641577061 0.27533783783783783 0.054958183990442055
20 0.19932432432432431 0.46953405017921146 0.27702702702702703 0.043010752688172046
20 0.49155405405405406 0.9396654719235364 0.27364864864864863 0.04420549581839905
13 0.49577702702702703 0.6881720430107527 0.27871621621621623 0.043010752688172046
20 0.49493243243243246 0.7258064516129032 0.27702702702702703 0.02986857825567503
20 0.785472972972973 0.9480286738351255 0.27702702702702703 0.02986857825567503
16 0.1097972972972973 0.6977299880525687 0.0945945945945946 0.019115890083632018
20 0.19763513513513514 0.8327359617682198 0.27702702702702703 0.02867383512544803
16 0.16638513513513514 0.8936678614097969 0.21114864864864866 0.019115890083632018
20 0.45861486486486486 0.8345280764635603 0.19763513513513514 0.017921146953405017
20 0.19763513513513514 0.8637992831541219 0.28040540540540543 0.03106332138590203
7 0.49239864864864863 0.2454480286738351 0.8811486486486486 0.4029151732377539
28 0.09070945945945946 0.977562724014337 0.06317567567567567 0.02031063321385902
30 0.2425 0.9774910394265233 0.23067567567567568 0.020836320191158903
10 0.08957770270270271 0.4398088410991637 0.06559121621621622 0.016762246117084826
10 0.38489864864864864 0.6561290322580644 0.062212837837837834 0.015304659498207886