31 0.0683321087435709 0.06899513312338963 0.1366642174871418 0.04408817635270541
17 0.4628949301983835 0.1216719152590896 0.24246877296105804 0.03950758660177498
17 0.75165319617928 0.12682507872888635 0.21013960323291697 0.05553965073003149
17 0.3997060984570169 0.29573432579444603 0.3041880969875092 0.04981391354136845
17 0.20903747244673035 0.5093043229315775 0.2476120499632623 0.048668766103635845
17 0.2009551800146951 0.6865158889206986 0.1991182953710507 0.07787002576581735
17 0.47685525349008084 0.7337532207271686 0.2542248346803821 0.0841683366733467
17 0.7578986039676708 0.5946178070426568 0.21822189566495223 0.03492699685084455
6 0.2035268185157972 0.16089321500143144 0.2689199118295371 0.11107930146006298
6 0.15135929463629685 0.3716003435442313 0.1778104335047759 0.20040080160320642
6 0.19948567229977957 0.5854566275407959 0.27406318883174136 0.0864586315488119
6 0.19948567229977957 0.8654451760664186 0.2637766348273328 0.16089321500143144
6 0.7612049963262307 0.7403378184941312 0.23952975753122704 0.1133695963355282
6 0.7641440117560617 0.8622960206126539 0.23952975753122704 0.10306326939593473
6 0.7604702424687729 0.45176066418551386 0.2703894195444526 0.1557400515316347
21 0.33210874357090375 0.19524763813340967 0.5260837619397501 0.09848267964500429
21 0.42468772961058043 0.39564843973661606 0.3423952975753123 0.14543372459204124
21 0.47171197648787655 0.5774405954766676 0.24393828067597356 0.19066704838247925
14 0.13886847905951505 0.7397652447752648 0.1381337252020573 0.014886916690523905
21 0.19250551065393093 0.760950472373318 0.24834680382072005 0.02519324363011738
21 0.4739162380602498 0.8654451760664186 0.25128581925055105 0.1677640996278271
21 0.7534900808229243 0.6564557686802176 0.21969140337986776 0.04981391354136845
21 0.7593681116825863 0.24506155167477814 0.23144746509919176 0.18093329516175208
31 0.943791329904482 0.9501860864586316 0.05657604702424688 0.01660463784712282
31 0.4867744305657605 0.9770970512453478 0.09478324761204997 0.024620669911251072