20 0.6106194690265486 0.24386252045826515 0.225031605562579 0.16366612111292964
20 0.14917825537294563 0.703355155482815 0.225031605562579 0.16448445171849427
20 0.843236409608091 0.3891162029459902 0.225031605562579 0.12684124386252046
20 0.843236409608091 0.545417348608838 0.22756005056890014 0.18412438625204583
20 0.14917825537294563 0.5789689034369886 0.225031605562579 0.08756137479541735
20 0.6106194690265486 0.43126022913256956 0.22756005056890014 0.2127659574468085
20 0.8489254108723135 0.8608837970540099 0.22629582806573956 0.06873977086743044
20 0.8463969658659924 0.704582651391162 0.22629582806573956 0.1342062193126023
20 0.8470290771175727 0.7995090016366612 0.225031605562579 0.05564648117839607
7 0.2629582806573957 0.31546644844517185 0.45764854614412137 0.1595744680851064
20 0.37926675094816686 0.49754500818330605 0.225031605562579 0.09656301145662848
13 0.14854614412136535 0.11292962356792144 0.22123893805309736 0.07855973813420622
13 0.14664981036662453 0.4676759410801964 0.2225031605562579 0.13666121112929625
13 0.6099873577749684 0.11824877250409166 0.22629582806573956 0.08919803600654665
13 0.8407079646017699 0.2002127659574468 0.225031605562579 0.25260229132569556
13 0.37737041719342607 0.1530278232405892 0.22629582806573956 0.16202945990180032
13 0.37737041719342607 0.4238952536824877 0.22629582806573956 0.05073649754500818
20 0.6125158027812895 0.5658756137479541 0.22629582806573956 0.05810147299509002
20 0.15107458912768648 0.18705400981996728 0.22629582806573956 0.06621931260229133
20 0.1498103666245259 0.8477905073649754 0.22376738305941846 0.12111292962356793
20 0.6131479140328698 0.6448445171849427 0.225031605562579 0.10310965630114566
0 0.49620733249051835 0.8140261865793781 0.44121365360303416 0.18124386252045827
21 0.8743236409608092 0.9010720130932897 0.1461567635903919 0.012692307692307692
20 0.15512010113780025 0.22548281505728315 0.20711757269279396 0.012594108019639935
20 0.3797092288242731 0.5890998363338789 0.2279519595448799 0.08613747954173487
20 0.3794690265486726 0.6720540098199672 0.22745891276864727 0.07873977086743045
25 0.6102528445006321 0.7055810147299509 0.19970922882427308 0.013911620294599018
1 0.4983059418457649 0.9900818330605565 0.08627054361567635 0.01885433715220949
28 0.9267383059418457 0.9179950900163666 0.07118836915297093 0.013207855973813422
30 0.767370417193426 0.9171931260229133 0.2045764854614412 0.015450081833060555
10 0.2609987357774968 0.3840834697217676 0.4545764854614412 0.019271685761047465