33 0.62319375 0.5238328003654638 0.6544562500000001 0.88
6 0.15039375 0.16864321608040203 0.202475 0.14299680219278207
29 0.1563 0.9504431247144814 0.2081625 0.04324805847418913
17 0.61076875 0.04654636820465966 0.20894375 0.044148012791228874
6 0.15334375 0.0671356783919598 0.18189375 0.041946094106898126
17 0.12626875 0.33934216537231615 0.15456875 0.013526724531749657
17 0.14803750000000002 0.3636089538602102 0.19158124999999998 0.014321608040201005
17 0.12845 0.38946550936500685 0.158925 0.008752855185015989
17 0.15021874999999998 0.4240749200548195 0.19811250000000002 0.017505710370031978
17 0.12355000000000001 0.5024440383736866 0.14913125000000002 0.010342622201918684
17 0.125725 0.5378529008679762 0.14913125000000002 0.009547738693467336
17 0.0892625 0.5629145728643217 0.06966875 0.008752855185015989
17 0.16055624999999998 0.5859890360895386 0.21661874999999997 0.015116491548652354
17 0.1055875 0.6130379168570124 0.1175625 0.008752855185015989
17 0.09524374999999999 0.6472498857925993 0.08381875000000001 0.010342622201918684
17 0.087625 0.6830561900411147 0.07510625 0.01193238921882138
17 0.15021874999999998 0.7296025582457742 0.1959375 0.01273184102329831
17 0.1328 0.7634170854271356 0.16763124999999998 0.01193238921882138
29 0.12899375 0.8740109639104614 0.1556625 0.10263590680676107
29 0.09960000000000001 0.9794335312928277 0.092525 0.017505710370031978
17 0.1224625 0.2677341251713111 0.15130625 0.02466423024211969
23 0.13933125000000002 0.3110963910461398 0.17851875 0.02864321608040201
23 0.10170625 0.35173138419369576 0.0999625 0.010196436729100046
23 0.09182499999999999 0.3761580630424851 0.0836875 0.011470991320237552
23 0.14355 0.40589310187300137 0.179 0.01996345363179534
23 0.16185625 0.4634536317953403 0.22026875 0.06371859296482411
23 0.15924375 0.5203791685701233 0.2162 0.02293741434444952
23 0.09124375000000001 0.5490497944266788 0.0802 0.011470991320237552
23 0.08717499999999999 0.5739013248058474 0.07206875 0.00934673366834171
23 0.14994375 0.5976930105070808 0.2010875 0.00934673366834171
23 0.1316375 0.6282777523983554 0.159825 0.02633622658748287
23 0.13018125 0.6637460027409776 0.15691875 0.020813156692553677
23 0.1235 0.7045271813613523 0.14936249999999998 0.03100959342165372
23 0.11449375 0.7448835084513477 0.12785625 0.022512562814070353
23 0.13018125 0.7748332571950662 0.16389375 0.015294655093650068