17 0.7508090614886731 0.057692307692307696 0.1553398058252427 0.038461538461538464
21 0.8033980582524272 0.25815850815850816 0.26375404530744334 0.3344988344988345
20 0.7702265372168284 0.44696969696969696 0.1941747572815534 0.038461538461538464
17 0.6674757281553398 0.5017482517482518 0.5453074433656958 0.04312354312354312
21 0.5655339805825242 0.5547785547785548 0.2540453074433657 0.04195804195804196
21 0.5655339805825242 0.5961538461538461 0.2540453074433657 0.026806526806526808
21 0.5606796116504854 0.8648018648018648 0.24110032362459546 0.037296037296037296
19 0.5160679611650486 0.621462703962704 0.15834142394822007 0.014155011655011655
19 0.4802346278317153 0.6347843822843823 0.0889967637540453 0.010821678321678322
19 0.5137540453074434 0.6464393939393939 0.16065533980582525 0.010821678321678322
19 0.5102831715210356 0.6576748251748251 0.14678802588996764 0.009988344988344989
19 0.5021925566343043 0.6693298368298368 0.13060679611650486 0.009988344988344989
19 0.49468446601941746 0.6805710955710955 0.11788834951456312 0.012488344988344988
19 0.5004611650485438 0.6922261072261071 0.13176375404530746 0.010821678321678322
19 0.5212702265372168 0.7030477855477856 0.1710598705501618 0.012488344988344988
19 0.49295307443365693 0.7159498834498834 0.11904530744336568 0.011655011655011656
19 0.4969983818770226 0.7271911421911421 0.12713592233009707 0.010821678321678322
19 0.518373786407767 0.7375932400932401 0.16990291262135923 0.011655011655011656
19 0.4917961165048544 0.7492482517482517 0.11673948220064724 0.011655011655011656
19 0.5056634304207119 0.7609032634032634 0.14216019417475728 0.011655011655011656
19 0.4912135922330097 0.7725582750582751 0.11326860841423948 0.013321678321678321
19 0.4912135922330097 0.7850466200466201 0.11326860841423948 0.011655011655011656
19 0.483705501618123 0.7954545454545454 0.09824433656957929 0.010821678321678322
19 0.5097087378640777 0.8066958041958042 0.1502508090614887 0.013321678321678321
19 0.5189563106796116 0.8187645687645687 0.1710598705501618 0.012488344988344988
19 0.4917961165048544 0.832086247086247 0.11211165048543689 0.014155011655011655
19 0.7703398058252428 0.541544289044289 0.13754045307443366 0.012488344988344988
19 0.7599433656957929 0.5531993006993007 0.11904530744336568 0.014155011655011655
19 0.7587864077669904 0.5652680652680653 0.11211165048543689 0.013321678321678321
19 0.7697653721682848 0.576509324009324 0.1340695792880259 0.012488344988344988
19 0.762831715210356 0.5885780885780886 0.12020226537216828 0.01664918414918415
19 0.7726537216828478 0.6006468531468532 0.14216019417475728 0.010821678321678322
19 0.7547411003236246 0.6098076923076924 0.11095469255663429 0.014155011655011655
19 0.7645631067961165 0.6222960372960372 0.13060679611650486 0.014155011655011655
19 0.7483818770226537 0.6343648018648018 0.09824433656957929 0.011655011655011656
19 0.7691828478964402 0.6464393939393939 0.13985436893203884 0.012488344988344988
19 0.7743851132686084 0.6585081585081585 0.15256472491909384 0.011655011655011656
19 0.7512702265372169 0.6701631701631702 0.10170711974110032 0.009988344988344989
19 0.7668770226537217 0.6801515151515152 0.13754045307443366 0.013321678321678321
19 0.7651375404530745 0.6922261072261071 0.1340695792880259 0.012488344988344988
19 0.7934546925566344 0.7042948717948717 0.1883980582524272 0.011655011655011656
19 0.7524271844660194 0.7155361305361305 0.10864886731391585 0.014155011655011655
19 0.7732281553398058 0.7271911421911421 0.1502508090614887 0.009155011655011655
19 0.7587864077669904 0.7371794871794872 0.11904530744336568 0.014155011655011655
19 0.7651375404530745 0.7492482517482517 0.13638349514563106 0.013321678321678321
19 0.7558980582524272 0.7617365967365968 0.12020226537216828 0.011655011655011656
19 0.7639886731391585 0.7729778554778555 0.13176375404530746 0.010821678321678322
19 0.7795873786407768 0.7837995337995338 0.16758899676375402 0.014155011655011655
19 0.7512702265372169 0.7962878787878789 0.11326860841423948 0.010821678321678322
19 0.7530016181229774 0.80752331002331 0.11673948220064724 0.011655011655011656
19 0.7512702265372169 0.8187645687645687 0.11558252427184468 0.012488344988344988
19 0.7686084142394822 0.8312529137529138 0.14794498381877025 0.012488344988344988
19 0.7431796116504855 0.8433216783216784 0.0970873786407767 0.013321678321678321
19 0.7582038834951457 0.8549766899766901 0.13176375404530746 0.009988344988344989
19 0.7622491909385113 0.8641375291375291 0.13522653721682848 0.009988344988344989
29 0.21844660194174756 0.29234848484848486 0.32093042071197414 0.5322435897435898
17 0.21642394822006472 0.6181993006993006 0.30879449838187706 0.10004079254079254
21 0.22182038834951456 0.7211538461538461 0.3222734627831715 0.0844988344988345
21 0.2177750809061489 0.8027389277389277 0.30339805825242716 0.06312937062937063
20 0.21911812297734626 0.8605303030303031 0.17125404530744334 0.046620046620046623
21 0.5090372168284789 0.9367074592074592 0.8940129449838188 0.08437645687645687
6 0.5258899676375405 0.23455710955710957 0.2696844660194175 0.43997668997669