20 0.25278644672313866 0.2498378728923476 0.4502897904592064 0.16309987029831388
16 0.24743646901471245 0.09987029831387809 0.4467231386535889 0.11997405966277562
20 0.7282657155595185 0.7521076523994812 0.44716897012929113 0.10992217898832685
20 0.25278644672313866 0.4366083009079118 0.4485064645563977 0.08463035019455253
20 0.7300490414623272 0.5303177691309987 0.4480606330806955 0.08398184176394292
16 0.1558181007579135 0.37094682230869 0.25813642443156487 0.03955901426718547
20 0.7300490414623272 0.42266536964980544 0.4480606330806955 0.1222438391699092
16 0.08225590726705305 0.4961089494163424 0.10477039679001338 0.017509727626459144
20 0.7304948729380294 0.6044098573281452 0.4480606330806955 0.05317769130998703
20 0.2514489522960321 0.8988391699092089 0.44939812750780206 0.06938067444876783
20 0.2521176995095854 0.6141374837872893 0.44716897012929113 0.03955901426718547
16 0.18033883192153366 0.5852788586251622 0.2982612572447615 0.019455252918287938
20 0.7298261257244761 0.2730285343709468 0.4485064645563977 0.1705479896238651
20 0.7313865358894338 0.1264591439688716 0.4507356219349086 0.05642023346303502
13 0.7291573785109229 0.07068741893644617 0.451627284886313 0.05771725032425422
28 0.9447168970129292 0.9586575875486382 0.025858225590726706 0.01913099870298314
16 0.5463664734730272 0.6890402075226978 0.08158716005349978 0.01880674448767834
20 0.7298261257244761 0.6467250324254216 0.44761480160499334 0.030804150453955903
20 0.7292331698617923 0.8250940337224384 0.44939812750780206 0.027833981841763944
18 0.14545251894783773 0.5115337224383917 0.2284886312973696 0.0173378728923476
18 0.10458314757021846 0.5281549935149157 0.15121266161390995 0.01329118028534371
18 0.16960320998662506 0.5397762645914397 0.2812438698172091 0.01059662775616083
18 0.14600980829246546 0.5519390402075227 0.231832367365136 0.015466926070038911
18 0.25059295586268393 0.6455966277561608 0.44769059295586267 0.026060311284046695
18 0.24966562639322337 0.6800486381322958 0.4480606330806955 0.039601167315175094
18 0.25096745430227374 0.7119422827496757 0.44769059295586267 0.027691309987029834
18 0.25245207311636203 0.7403242542153048 0.4536335265269728 0.026053826199740594
18 0.2502229157378511 0.7654604409857327 0.4447168970129291 0.02117380025940337
18 0.250410164957646 0.8032976653696497 0.4465760142666072 0.052506485084306095
16 0.1939366919304503 0.8551523994811933 0.33660276415514934 0.022020103761348896
20 0.7257779759251003 0.8600453955901427 0.4484306732055283 0.0415337224383917
20 0.7229915292019616 0.9058463035019456 0.4465760142666072 0.053310635538262
16 0.6771065537226928 0.18015239948119327 0.35109228711547036 0.01443579766536965