20 0.3701171875 0.906277423920736 0.6640625 0.06571832979476291
20 0.25830078125 0.3700283085633404 0.4384765625 0.17288747346072186
20 0.37060546875 0.7610757254069357 0.6630859375 0.07727530077848549
20 0.30517578125 0.5876716206652512 0.5341796875 0.11694267515923568
30 0.7353515625 0.038924274593064405 0.333984375 0.04670912951167728
20 0.28857421875 0.19603680113234254 0.5029296875 0.1075725406935598
28 0.884375 0.9700707714083511 0.06158203125 0.027176220806794053
16 0.36818359375 0.8419532908704883 0.656328125 0.06745930644019815
16 0.36580078125 0.6914295824486907 0.661083984375 0.07443029016277423
16 0.264326171875 0.49782731776362343 0.44861328125 0.06418966737438075
16 0.250849609375 0.2719815994338287 0.40580078125 0.035442321302193915