13 0.532901975978303 0.11275716145833332 0.28141418055017436 0.15996419270833334
21 0.5381983727237505 0.38314127604166665 0.2948740798140256 0.3712076822916666
8 0.23660596667958153 0.2651236979166667 0.2712204571871368 0.032213541666666665
6 0.19148779542812863 0.16690755208333333 0.3776481983727238 0.2574641927083333
6 0.8429445951181712 0.112568359375 0.2953777605579233 0.20403971354166664
6 0.42166989538938393 0.8251953125 0.5075552111584657 0.24847981770833336
21 0.5346764819837272 0.638564453125 0.2867105772956218 0.098740234375
13 0.8368849283223557 0.263671875 0.2867105772956218 0.07378580729166666
21 0.8336574970941496 0.40147460937499996 0.2828361100348702 0.20182291666666666
25 0.8814413018209997 0.6228287760416666 0.19243316543975203 0.184462890625
17 0.7413134444013948 0.5571842447916667 0.07748934521503294 0.053167317708333335
17 0.4617086400619915 0.60546875 0.138190623789229 0.034723307291666665
17 0.13108485083301044 0.3645833333333333 0.07619914761720263 0.045572916666666664
17 0.4636458736923673 0.223525390625 0.13689655172413792 0.0390625
25 0.2679852770244091 0.4150390625 0.19759783029833397 0.14431315104166667
17 0.17628826036419992 0.546875 0.16918636187524216 0.013020833333333334
21 0.22794653235180165 0.6184895833333334 0.26992251065478495 0.12152669270833333
21 0.8069817900038745 0.7827018229166667 0.20763657497094148 0.07454427083333333
17 0.7629910887253003 0.7358430989583334 0.11743897714064316 0.011136067708333334
19 0.7944672607516466 0.8312630208333333 0.17671057729562184 0.01330078125
19 0.7804765594730725 0.8515234375 0.15020534676481984 0.0266015625
19 0.7968578070515304 0.8778157552083333 0.18444401394808213 0.0266015625
19 0.7721929484695854 0.898076171875 0.13511042231693143 0.015774739583333332
19 0.7872878729174738 0.91787109375 0.17045331266950794 0.025055338541666666
19 0.7653816350251841 0.9382845052083333 0.12222394420767144 0.01763020833333333
6 0.9500077489345214 0.87796875 0.05632700503680744 0.14135416666666667
9 0.21145292522278186 0.8020279947916666 0.08580782642386672 0.03861979166666667
9 0.8498953893839597 0.023173828125 0.2819372336303758 0.024029947916666666
31 0.5102440914374273 0.9805403645833333 0.045966679581557535 0.012874348958333332
27 0.5766447113521891 0.9818294270833333 0.027582332429290972 0.012014973958333333
27 0.5459976753196436 0.9813997395833334 0.019407206509105 0.012874348958333332