20 0.7789915966386555 0.49693627450980393 0.24033613445378152 0.3075980392156863
20 0.5302521008403361 0.8253676470588235 0.24033613445378152 0.21691176470588236
20 0.21008403361344538 0.3167892156862745 0.20504201680672268 0.18995098039215685
20 0.5302521008403361 0.5373774509803921 0.24033613445378152 0.2806372549019608
16 0.6521008403361345 0.1954656862745098 0.49411764705882355 0.13848039215686275
16 0.5058823529411764 0.7003676470588235 0.1915966386554622 0.028186274509803922
16 0.7436974789915967 0.33455882352941174 0.16974789915966387 0.0196078431372549
33 0.5285714285714286 0.33394607843137253 0.24033613445378152 0.11151960784313726
20 0.7789915966386555 0.6917892156862745 0.24369747899159663 0.08455882352941177
20 0.21260504201680672 0.6151960784313726 0.20672268907563024 0.14950980392156862
13 0.7781512605042017 0.2965686274509804 0.24201680672268908 0.04411764705882353
7 0.21260504201680672 0.1642156862745098 0.20672268907563024 0.1053921568627451
30 0.04873949579831933 0.8694852941176471 0.023529411764705882 0.20710784313725492
30 0.34789915966386553 0.16482843137254902 0.03361344537815126 0.16544117647058823
7 0.21260504201680672 0.47732843137254904 0.20336134453781513 0.11887254901960784
20 0.2134453781512605 0.7806372549019608 0.20504201680672268 0.16666666666666666
30 0.22016806722689075 0.05514705882352941 0.1915966386554622 0.031862745098039214
20 0.21008403361344538 0.8964460784313726 0.20504201680672268 0.06985294117647059
16 0.4831932773109244 0.10556372549019608 0.14705882352941177 0.032414215686274506
19 0.7867731092436975 0.1045343137254902 0.28781512605042014 0.024240196078431375
15 0.7738151260504202 0.8348039215686275 0.24089075630252102 0.17962009803921566