20 0.18674698795180722 0.40404699738903394 0.2874354561101549 0.10835509138381201
20 0.5008777969018933 0.2164490861618799 0.2857659208261618 0.10236292428198433
20 0.8132702237521514 0.1357832898172324 0.29092943201376936 0.14364229765013056
7 0.49311531841652323 0.35117493472584854 0.2633390705679862 0.10966057441253264
20 0.19323580034423407 0.13439947780678851 0.2883993115318417 0.0729242819843342
20 0.806368330464716 0.389686684073107 0.2908777969018933 0.15013054830287206
20 0.18502581755593803 0.48759791122715407 0.2874354561101549 0.0587467362924282
20 0.1884681583476764 0.2160574412532637 0.2908777969018933 0.06135770234986945
7 0.7176764199655766 0.7283550913838119 0.43709122203098105 0.40187989556135767
10 0.49569707401032703 0.3968668407310705 0.055077452667814115 0.015665796344647518
7 0.26506024096385544 0.7299869451697127 0.43029259896729777 0.39642297650130554
23 0.18760757314974183 0.3322454308093995 0.11703958691910499 0.037859007832898174
13 0.8132530120481928 0.04699738903394256 0.2908777969018933 0.03655352480417755
20 0.4991394148020654 0.28067885117493474 0.2822719449225473 0.02349869451697128
16 0.5017211703958692 0.15600522193211488 0.28399311531841653 0.016971279373368148
20 0.18932874354561102 0.3034334203655353 0.29259896729776247 0.019778067885117493
13 0.49483648881239245 0.46344647519582244 0.28399311531841653 0.10966057441253264
13 0.5017211703958692 0.08550913838120104 0.2874354561101549 0.11879895561357702
13 0.1927710843373494 0.05939947780678851 0.2891566265060241 0.07702349869451697
2 0.6764199655765921 0.3302872062663185 0.027538726333907058 0.031331592689295036
13 0.1884681583476764 0.28263707571801566 0.2908777969018933 0.022193211488250653
30 0.7673321858864027 0.9427284595300262 0.18862306368330464 0.018942558746736293
28 0.9116351118760757 0.9450652741514359 0.06943201376936317 0.019621409921671017
16 0.8055249569707401 0.2743864229765013 0.2976592082616179 0.08215404699738903
21 0.8620137693631669 0.2144386422976501 0.1476247848537005 0.018485639686684072
33 0.8053012048192771 0.49656657963446477 0.2963511187607573 0.06254569190600522
34 0.8183304647160069 0.47864229765013055 0.18206540447504302 0.024699738903394258
23 0.19070567986230635 0.17677545691906005 0.11113597246127366 0.012193211488250652
23 0.17746987951807228 0.2590078328981723 0.27017211703958693 0.025796344647519585
12 0.2587091222030981 0.8880678851174935 0.40776247848537006 0.06112271540469974
12 0.44037865748709126 0.5418015665796344 0.07500860585197934 0.01842036553524804