6 0.3478882352941176 0.8196107784431138 0.6852529411764706 0.3228913601368691
6 0.5891352941176471 0.5278913601368691 0.22938235294117645 0.21030367835757058
13 0.12044117647058823 0.5299957228400343 0.22070588235294117 0.22468349016253206
9 0.1929764705882353 0.96562874251497 0.3315823529411765 0.016231822070145424
21 0.35010588235294116 0.5244781864841745 0.22359411764705883 0.2075235243798118
28 0.9397058823529412 0.9869546621043627 0.03235294117647059 0.01710863986313088
32 0.9705882352941176 0.8848374679213002 0.05 0.12082976903336184
32 0.8889705882352941 0.040098374679213004 0.15735294117647058 0.031009409751924722
9 0.3558823529411765 0.08875106928999145 0.6470588235294118 0.03635585970915312
9 0.5875 0.6057527801539777 0.22205882352941175 0.04597946963216424
21 0.3514705882352941 0.3646278870829769 0.6647058823529411 0.059880239520958084
22 0.4375 0.6335543199315654 0.04852941176470588 0.013900769888793841
6 0.9046235294117646 0.0962360992301112 0.06470588235294118 0.04460650128314799
21 0.8008411764705883 0.12801112061591105 0.1563 0.04582549187339607
17 0.7995823529411764 0.17658682634730538 0.14705882352941177 0.03788280581693755
17 0.7924352941176471 0.2890119760479042 0.13613529411764708 0.05010265183917879
17 0.8037823529411765 0.4121343028229256 0.16386470588235294 0.049491017964071855
17 0.7953764705882354 0.5300641573994868 0.1369764705882353 0.04827202737382378
17 0.7663882352941176 0.6553207869974338 0.0806705882352941 0.04582549187339607
7 0.7495823529411765 0.7805816937553465 0.0437 0.04827202737382378
7 0.7550411764705882 0.8334345594525235 0.044535294117647055 0.03788280581693755
6 0.8226882352941176 0.9177544910179641 0.21512352941176469 0.11242942686056459
2 0.7558823529411764 0.17627887082976904 0.04958235294117647 0.037271171941830626
2 0.7525235294117647 0.2890119760479042 0.044535294117647055 0.045213857998289135
2 0.7575647058823529 0.4112189905902481 0.06638823529411765 0.0427715996578272
2 0.7521 0.5288408896492729 0.045376470588235296 0.04460650128314799
2 0.7504176470588235 0.6531822070145424 0.0437 0.04032934131736527
21 0.8193294117647059 0.825491873396065 0.07731176470588236 0.01710863986313088
21 0.8537823529411765 0.7808853721129171 0.15462352941176472 0.04399486740804106
21 0.8306705882352942 0.6993156544054747 0.18571176470588235 0.03360564585115483
21 0.8310941176470588 0.588109495295124 0.1865529411764706 0.04215996578272027
21 0.834035294117647 0.34553464499572284 0.1890764705882353 0.034828913601368694
20 0.9 0.37272455089820355 0.030252941176470587 0.013443113772455089
20 0.9016823529411764 0.4903464499572284 0.03529411764705882 0.014054747647562019
20 0.9134470588235294 0.25082549187339603 0.026888235294117647 0.01772027373823781
20 0.9029411764705882 0.6134687767322498 0.029411764705882353 0.010996578272027374
20 0.9008411764705883 0.7283404619332763 0.03697647058823529 0.015885372112917025
6 0.35705882352941176 0.22369546621043626 0.6835294117647058 0.23011120615911035
21 0.831764705882353 0.2322497861420017 0.19294117647058823 0.06244653550042772