20 0.37737041719342607 0.279050736497545 0.23135271807838179 0.1407528641571195
7 0.4968394437420986 0.4083469721767594 0.4450063211125158 0.10638297872340426
20 0.8565107458912768 0.2246317512274959 0.23135271807838179 0.05155482815057283
20 0.13780025284450062 0.1448445171849427 0.22756005056890014 0.057283142389525366
16 0.37610619469026546 0.18780687397708673 0.2111251580278129 0.031914893617021274
20 0.14032869785082175 0.3993453355155483 0.22756005056890014 0.06546644844517185
7 0.37357774968394436 0.6178396072013094 0.21871049304677623 0.11292962356792144
13 0.37673830594184576 0.7099018003273322 0.23261694058154236 0.06137479541734861
20 0.14032869785082175 0.8596563011456628 0.225031605562579 0.05973813420621931
16 0.6131479140328698 0.11292962356792144 0.6852085967130215 0.054009819967266774
18 0.13969658659924147 0.22340425531914893 0.22882427307206069 0.04746317512274959
7 0.7389380530973452 0.7831423895253683 0.44627054361567636 0.2176759410801964
18 0.13780025284450062 0.18780687397708673 0.22756005056890014 0.028641571194762683
16 0.13780025284450062 0.35801963993453356 0.22756005056890014 0.01718494271685761
20 0.14032869785082175 0.3301963993453355 0.22756005056890014 0.038461538461538464
20 0.14032869785082175 0.7757774140752864 0.22756005056890014 0.03600654664484452
7 0.6219974715549936 0.24263502454991817 0.1592920353982301 0.12356792144026187
20 0.14032869785082175 0.47217675941080195 0.22756005056890014 0.08183306055646482
20 0.14032869785082175 0.7250409165302782 0.22756005056890014 0.06546644844517185
20 0.8558786346396966 0.2990998363338789 0.23261694058154236 0.09574468085106383
20 0.14032869785082175 0.279050736497545 0.22756005056890014 0.06546644844517185
20 0.37673830594184576 0.8543371522094927 0.23261694058154236 0.07037643207855974
10 0.37673830594184576 0.6640752864157119 0.04804045512010114 0.013911620294599018
16 0.14032869785082175 0.09001636661211129 0.22756005056890014 0.029459901800327332
16 0.14032869785082175 0.6865793780687398 0.12895069532237674 0.014729950900163666
20 0.14032869785082175 0.8023731587561375 0.225031605562579 0.018821603927986905
20 0.13969658659924147 0.5360065466448445 0.22882427307206069 0.04582651391162029
20 0.8558786346396966 0.4676759410801964 0.23008849557522124 0.13338788870703763
20 0.14032869785082175 0.8203764320785597 0.225031605562579 0.018821603927986905
20 0.8558786346396966 0.37438625204582654 0.23008849557522124 0.04991816693944354
20 0.13780025284450062 0.5769230769230769 0.22756005056890014 0.03600654664484452
20 0.14032869785082175 0.6640752864157119 0.22756005056890014 0.028641571194762683
20 0.8558786346396966 0.5830605564648118 0.23008849557522124 0.09574468085106383
20 0.14032869785082175 0.6223404255319149 0.22756005056890014 0.05646481178396072
21 0.9039190897597977 0.6644844517184942 0.11378002528445007 0.01800327332242226
20 0.37673830594184576 0.7786415711947627 0.23261694058154236 0.07610474631751228
13 0.8558786346396966 0.18739770867430441 0.23261694058154236 0.022913256955810146
19 0.6205183312262958 0.14253682487725042 0.14959544879898862 0.01588379705400982
2 0.27917825537294566 0.22166121112929624 0.0316055625790139 0.02130114566284779
10 0.6163084702907712 0.2967021276595745 0.05268015170670038 0.014214402618657938
10 0.49761061946902657 0.454050736497545 0.06812895069532238 0.01793780687397709
11 0.36135271807838176 0.3999427168576105 0.1243109987357775 0.08976268412438625
11 0.5046396965865992 0.4024468085106383 0.1243109987357775 0.08657937806873976
11 0.6423008849557522 0.4026759410801964 0.12150442477876106 0.09522094926350246
28 0.36275600505689 0.4379050736497545 0.03441213653603034 0.015654664484451717
28 0.5221997471554993 0.4408592471358429 0.04144121365360304 0.018837970540098198
28 0.6352718078381795 0.4413175122749591 0.023173198482932995 0.014296235679214401
28 0.5724146649810367 0.847823240589198 0.044955752212389385 0.030801963993453356
28 0.5678508217446271 0.7468657937806874 0.0316055625790139 0.008919803600654665
28 0.8923261694058154 0.787569558101473 0.0316055625790139 0.016669394435351884
11 0.6394816687737042 0.8260065466448445 0.23388116308470291 0.09627659574468085
11 0.6349178255372946 0.7175450081833061 0.20367888748419724 0.08939443535188216
11 0.8449178255372947 0.7507446808510638 0.18542351453855876 0.12306055646481177
10 0.7385208596713021 0.8787479541734861 0.05268015170670038 0.016268412438625205
30 0.801378002528445 0.902847790507365 0.3511757269279393 0.015368248772504093
1 0.5060429835651075 0.9905400981996727 0.10184576485461441 0.018911620294599016
13 0.6156005056890013 0.33226677577741404 0.24512010113780022 0.041685761047463174
20 0.3768141592920354 0.5141325695581015 0.23107458912768647 0.08354337152209493
13 0.614197218710493 0.5157201309328969 0.23388116308470291 0.08945171849427169
20 0.6194690265486725 0.6207692307692309 0.24863463969658658 0.09770049099836334
16 0.6163084702907712 0.5673240589198035 0.22967130214917825 0.009901800327332242
20 0.8600252844500632 0.6422749590834698 0.22826801517067005 0.023412438625204583