7 0.2699394379844961 0.4450086132644272 0.06523982558139535 0.07407838070628768
7 0.2717441860465116 0.5401808785529716 0.04777616279069767 0.08570628768303186
30 0.8464631782945736 0.9250861326442723 0.10433139534883722 0.021098191214470284
7 0.6576356589147286 0.5477045650301464 0.04510416666666667 0.07054694229112835
7 0.2620324612403101 0.6373815676141258 0.046027131782945735 0.08326012058570198
7 0.4509859496124031 0.4421490094745909 0.04279796511627907 0.08039190353143841
7 0.4481589147286822 0.532588285960379 0.04683381782945737 0.07751937984496124
7 0.44694767441860467 0.632355727820844 0.04279796511627907 0.08469853574504736
7 0.25274467054263566 0.7378682170542635 0.04198885658914729 0.07751937984496124
7 0.43523982558139535 0.740021533161068 0.06621366279069767 0.08469853574504736
7 0.4425072674418605 0.8519939707149009 0.04198885658914729 0.09331180017226529
7 0.24547722868217056 0.8491257536606374 0.045220445736434106 0.08756675279931095
7 0.6532630813953488 0.46009043927648574 0.03714389534883721 0.06747200689061153
7 0.655281007751938 0.6449181739879414 0.06298449612403101 0.07967269595176572
7 0.6661821705426356 0.7515073212747632 0.050872093023255814 0.09043927648578812
7 0.6758720930232558 0.8634797588285961 0.04844961240310078 0.09043927648578812
7 0.8194040697674418 0.458656330749354 0.05935077519379845 0.06459948320413436
7 0.8272771317829457 0.5512489233419466 0.05571705426356589 0.07321274763135228
7 0.8369670542635659 0.6492248062015504 0.05571705426356589 0.08397932816537468
7 0.8369670542635659 0.7536606373815676 0.07751937984496124 0.0818260120585702
7 0.3185562015503876 0.17872523686477176 0.3391472868217055 0.27993109388458226
10 0.2634447674418605 0.10874246339362618 0.16109496124031011 0.10551248923341947
16 0.2404312015503876 0.2131782945736434 0.11506782945736434 0.04306632213608958
16 0.5777616279069767 0.1173557278208441 0.0750968992248062 0.04521963824289406
16 0.733406007751938 0.12596899224806202 0.06419573643410853 0.0409130060292851
16 0.2180232558139535 0.37790697674418605 0.16351744186046513 0.027993109388458226
16 0.15261627906976744 0.40159345391903534 0.03391472868217054 0.017226528854435832
16 0.1459544573643411 0.49310938845822566 0.0436046511627907 0.01937984496124031
16 0.1308139534883721 0.5910852713178295 0.0375484496124031 0.02153316106804479
16 0.18592538759689922 0.6901378122308355 0.17078488372093023 0.02153316106804479
16 0.12839147286821706 0.7972652885443583 0.07388565891472869 0.02260981912144703
16 0.3140140503875969 0.8026485788113695 0.05753391472868217 0.02260981912144703
16 0.357921511627907 0.6912144702842378 0.1380813953488372 0.025839793281653745
16 0.3418725775193798 0.5900086132644272 0.09023740310077519 0.01937984496124031
16 0.34974563953488375 0.4914944013781223 0.0962936046511628 0.013996554694229113
16 0.3809350775193798 0.3994401378122308 0.14777131782945738 0.012919896640826873
16 0.7773134689922481 0.8085701981050818 0.14353197674418605 0.017226528854435832
16 0.7479408914728682 0.7041343669250646 0.09811046511627906 0.03229974160206718
16 0.7594476744186046 0.606696813092162 0.13687015503875968 0.02045650301464255
16 0.7137233527131783 0.5108742463393626 0.056322674418604654 0.024763135228251507
16 0.750968992248062 0.41935831180017225 0.1501937984496124 0.02045650301464255
16 0.531734496124031 0.4209732988802756 0.04481589147286822 0.02153316106804479
16 0.5420300387596899 0.5097975882859603 0.06419573643410853 0.029069767441860465
16 0.5411216085271318 0.5986218776916451 0.06359011627906977 0.02153316106804479
16 0.5653464147286822 0.6982127476313523 0.10477228682170543 0.02260981912144703
16 0.5571705426356589 0.8069552110249785 0.08357558139534883 0.024763135228251507
7 0.8578609496124031 0.8591731266149871 0.06237887596899225 0.0818260120585702
30 0.13263081395348839 0.9178509905254091 0.09084302325581395 0.03337639965546942
30 0.7209907945736435 0.08236434108527131 0.18350290697674418 0.03337639965546942
7 0.7500605620155039 0.20402670111972437 0.16170058139534885 0.11520241171403962
7 0.5868459302325582 0.3106158484065461 0.16715116279069767 0.12166236003445306
11 0.5438468992248062 0.3127691645133506 0.0811531007751938 0.11950904392764858
11 0.6283309108527132 0.30738587424633934 0.08054748062015504 0.12166236003445306
11 0.3936531007751938 0.22986649440137813 0.16351744186046513 0.179801894918174
11 0.4312015503875969 0.10551248923341947 0.07630813953488372 0.11843238587424634
20 0.3482315891472868 0.8591731266149871 0.14050387596899225 0.08828596037898363
20 0.3424781976744186 0.7482773471145564 0.11446220930232558 0.07536606373815675
20 0.35731589147286824 0.6422265288544359 0.13202519379844962 0.07428940568475452
20 0.36094961240310075 0.5415590008613265 0.12233527131782945 0.06675279931093885
20 0.15079941860465115 0.8559431524547804 0.13687015503875968 0.08613264427217916
20 0.16139777131782945 0.7428940568475452 0.13384205426356588 0.07751937984496124
20 0.17108769379844962 0.6389965546942291 0.13141957364341086 0.07428940568475452
20 0.18108042635658914 0.5404823428079242 0.12960271317829458 0.07536606373815675
20 0.18108042635658914 0.44896640826873385 0.10901162790697674 0.0710594315245478
20 0.36428052325581395 0.4435831180017227 0.12415213178294573 0.0710594315245478
20 0.21893168604651161 0.29554263565891475 0.16775678294573643 0.12381567614125753
13 0.3927446705426357 0.3407622739018088 0.17623546511627908 0.046296296296296294
7 0.16472868217054262 0.2104866494401378 0.03512596899224806 0.04844961240310078
7 0.5211361434108527 0.10820413436692507 0.032097868217054265 0.06136950904392765
7 0.6810198643410853 0.12058570198105081 0.032097868217054265 0.047372954349698536
20 0.5847262596899225 0.19433677863910423 0.16048934108527133 0.11304909560723514
20 0.7546027131782945 0.31330749354005166 0.16715116279069767 0.09905254091300603
20 0.5698885658914729 0.4640396210163652 0.12718023255813954 0.06890611541774333
20 0.5735222868217055 0.5555555555555556 0.1247577519379845 0.06459948320413436
20 0.5659520348837209 0.6459948320413437 0.1096172480620155 0.07536606373815675
20 0.5768531976744186 0.7531223083548665 0.13141957364341086 0.08290267011197244
20 0.7352228682170543 0.46457795004306635 0.11264534883720931 0.06998277347114557
20 0.7427931201550387 0.5582472006890612 0.1096172480620155 0.07859603789836347
20 0.7491521317829457 0.6535314384151594 0.11991279069767442 0.07536606373815675
20 0.7506661821705426 0.7563522825150732 0.09871608527131782 0.076442721791559
20 0.7679263565891473 0.8629414298018949 0.12596899224806202 0.0872093023255814
20 0.5832122093023255 0.8640180878552972 0.13565891472868216 0.08074935400516796