21 0.7355372945638432 0.42870703764320783 0.4381542351453856 0.21097381342062194
21 0.7353097345132743 0.6022176759410802 0.4379393173198483 0.12976268412438624
21 0.7325790139064475 0.2244926350245499 0.4381795195954488 0.10995908346972177
21 0.2687357774968394 0.21180851063829786 0.4357774968394437 0.08818330605564649
21 0.7321365360303413 0.717152209492635 0.4367888748419722 0.09680032733224223
21 0.2715802781289507 0.7652700490998363 0.4347155499367889 0.08414075286415712
21 0.27168141592920353 0.42620294599018005 0.43487989886219974 0.0967757774140753
21 0.27829329962073324 0.6832733224222586 0.4344627054361568 0.07180032733224222
17 0.5093046776232617 0.13486906710310967 0.7576485461441214 0.05190671031096563
21 0.2720606826801517 0.856456628477905 0.4350695322376738 0.044206219312602296
21 0.2718078381795196 0.6131751227495909 0.4350948166877371 0.0588216039279869
21 0.2706953223767383 0.3120949263502455 0.43549936788874843 0.05840425531914894
21 0.7348798988621997 0.8334206219312603 0.4376991150442478 0.04765957446808511
21 0.27394437420986095 0.5311211129296235 0.43356510745891275 0.059042553191489364
21 0.26986093552465235 0.3559328968903437 0.4349810366624526 0.03810965630114566
21 0.732629582806574 0.3026432078559738 0.43695322376738305 0.03923076923076923
21 0.7372313527180784 0.789746317512275 0.43371681415929203 0.037430441898527005
21 0.270417193426043 0.2661620294599018 0.4345638432364096 0.029271685761047467
17 0.2726548672566372 0.4863747954173486 0.17893805309734512 0.021080196399345337
17 0.2735145385587863 0.8207283142389525 0.15219974715549936 0.021865793780687398
21 0.27346396965865993 0.573240589198036 0.4346902654867256 0.026775777414075285
22 0.8273324905183311 0.86879705400982 0.1784702907711757 0.02037643207855974
2 0.07743362831858407 0.18617021276595744 0.05056890012642225 0.036824877250409165
32 0.7656510745891277 0.9032324058919804 0.2607458912768647 0.014320785597381341
28 0.9497471554993678 0.9037479541734862 0.05056890012642225 0.015343698854337152
1 0.49858407079646017 0.9896726677577742 0.0679519595448799 0.01738952536824877