20 0.13879598662207357 0.39413875598086123 0.23076923076923078 0.0729665071770335
20 0.13879598662207357 0.31220095693779903 0.23076923076923078 0.09330143540669857
20 0.13795986622073578 0.24043062200956938 0.22909698996655517 0.05263157894736842
20 0.13879598662207357 0.4527511961722488 0.23076923076923078 0.041866028708133975
15 0.13795986622073578 0.06937799043062201 0.22909698996655517 0.03110047846889952
7 0.6178929765886287 0.2507416267942584 0.7073578595317725 0.44589712918660285
15 0.13795986622073578 0.04126794258373206 0.22909698996655517 0.022727272727272728
15 0.13879598662207357 0.19497607655502391 0.23076923076923078 0.04066985645933014
15 0.13879598662207357 0.09330143540669857 0.23076923076923078 0.019138755980861243
15 0.13879598662207357 0.11961722488038277 0.23076923076923078 0.03110047846889952
15 0.13795986622073578 0.1638755980861244 0.22909698996655517 0.0215311004784689
7 0.5978260869565217 0.9043062200956937 0.19230769230769232 0.0861244019138756
15 0.13879598662207357 0.14354066985645933 0.23076923076923078 0.019138755980861243
10 0.7783779264214047 0.448122009569378 0.3517391304347826 0.024844497607655502
28 0.05471571906354515 0.9726913875598086 0.0680267558528428 0.017260765550239233
30 0.24160535117056856 0.9721172248803829 0.2578428093645485 0.019533492822966503
8 0.4952842809364549 0.48406698564593303 0.9489966555183946 0.017344497607655503
16 0.14372909698996655 0.5192822966507177 0.21913043478260869 0.044712918660287086
20 0.14085284280936455 0.5476435406698564 0.21339464882943143 0.005753588516746411
18 0.1561371237458194 0.5570574162679426 0.21720735785953174 0.015633971291866028
18 0.1488294314381271 0.5724880382775119 0.232123745819398 0.016435406698564595
18 0.14919732441471573 0.5877153110047847 0.2306521739130435 0.01665071770334928
18 0.14719063545150501 0.6205382775119617 0.23173913043478264 0.04577751196172249
18 0.14704013377926423 0.6567105263157894 0.22809364548494984 0.024066985645933014
18 0.1274247491638796 0.6731459330143541 0.19103678929765885 0.007380382775119617
18 0.0991304347826087 0.6804306220095694 0.1311371237458194 0.004772727272727273
18 0.14794314381270904 0.6914593301435406 0.22984949832775917 0.015562200956937798
18 0.13737458193979935 0.7031578947368421 0.20933110367892976 0.007811004784688996
18 0.14785953177257524 0.7145334928229665 0.22941471571906355 0.01380382775119617
18 0.14829431438127091 0.7334808612440192 0.2285451505016722 0.024366028708133973
18 0.14687290969899666 0.753755980861244 0.2283277591973244 0.01644736842105263
18 0.14687290969899666 0.7694377990430622 0.2283277591973244 0.015514354066985647
18 0.14687290969899666 0.7849760765550239 0.2283277591973244 0.014904306220095694
18 0.14709030100334447 0.8003708133971292 0.22789297658862875 0.014557416267942583
18 0.14677257525083612 0.8237081339712918 0.23158862876254183 0.032045454545454544
18 0.14677257525083612 0.8593899521531101 0.23158862876254183 0.04004784688995215
18 0.1468227424749164 0.8835526315789474 0.2299665551839465 0.006973684210526316
18 0.145685618729097 0.8954665071770335 0.22767558528428095 0.014665071770334928
18 0.14677257525083612 0.9094856459330144 0.23158862876254183 0.015980861244019137
18 0.14677257525083612 0.9219497607655502 0.23158862876254183 0.007368421052631579
18 0.1474247491638796 0.9292942583732057 0.23028428093645487 0.007129186602870813
18 0.146438127090301 0.9365909090909091 0.22919732441471571 0.0074401913875598085
18 0.14737458193979933 0.944665071770335 0.23190635451505018 0.008684210526315789
18 0.3805518394648829 0.5466148325358852 0.22837792642140467 0.01838516746411483
18 0.380752508361204 0.5654066985645934 0.2288294314381271 0.01796650717703349
18 0.38015050167224085 0.5819138755980862 0.22849498327759196 0.014318181818181818
18 0.3811872909698997 0.6107296650717703 0.22795986622073577 0.04041866028708134
18 0.37933110367892975 0.638767942583732 0.22861204013377928 0.016973684210526314
18 0.38015050167224085 0.6565191387559809 0.22849498327759196 0.015179425837320574
18 0.37993311036789296 0.6728588516746411 0.22892976588628763 0.016196172248803826
18 0.3795484949832776 0.694066985645933 0.22817725752508358 0.02381578947368421
18 0.3576755852842809 0.7270095693779904 0.18528428093645485 0.04056220095693779
18 0.38812709030100334 0.7780382775119618 0.21058528428093648 0.060610047846889954
18 0.3868227424749164 0.8188516746411483 0.21058528428093648 0.021088516746411483
18 0.3868729096989966 0.8353229665071771 0.20896321070234114 0.009904306220095693
20 0.37994983277591976 0.852799043062201 0.22871237458193983 0.019605263157894737
20 0.3796321070234114 0.868755980861244 0.23108695652173913 0.011291866028708134
20 0.38050167224080267 0.8977272727272727 0.23891304347826087 0.03660287081339713
20 0.38033444816053513 0.9336004784688995 0.22794314381270903 0.034425837320574165
16 0.7384113712374581 0.5489114832535885 0.22200668896321069 0.014282296650717704
16 0.614113712374582 0.5678588516746411 0.07372909698996656 0.013026315789473684
16 0.8488461538461539 0.5678588516746411 0.087123745819398 0.013026315789473684
16 0.41612040133779266 0.5170693779904306 0.2873411371237458 0.03322966507177034
19 0.7533946488294314 0.516255980861244 0.373561872909699 0.034868421052631576
33 0.6101337792642141 0.6778708133971293 0.229314381270903 0.20802631578947367
33 0.8452508361204013 0.6405502392344498 0.22892976588628763 0.13230861244019138
16 0.839933110367893 0.7243181818181817 0.16051839464882942 0.013851674641148325
33 0.846505016722408 0.756854066985646 0.22989966555183944 0.046315789473684206
19 0.7267892976588629 0.8052153110047846 0.44501672240802675 0.02994019138755981
16 0.6056354515050167 0.8423803827751196 0.19055183946488294 0.018361244019138755
33 0.8424247491638795 0.8906818181818182 0.23543478260869563 0.11930622009569378
8 0.6706521739130435 0.9724401913875599 0.5911705685618729 0.013145933014354067