20 0.37137989778534924 0.648859543817527 0.23509369676320271 0.09963985594237695
20 0.8611584327086882 0.45138055222088835 0.23339011925042588 0.12484993997599039
20 0.12691652470187392 0.49459783913565425 0.23339011925042588 0.11524609843937575
13 0.3739352640545145 0.5684273709483794 0.23339011925042588 0.061224489795918366
20 0.12776831345826234 0.8625450180072028 0.23509369676320271 0.10444177671068428
20 0.8611584327086882 0.6332533013205283 0.23339011925042588 0.12605042016806722
13 0.37052810902896083 0.2689075630252101 0.23339011925042588 0.12725090036014405
7 0.4940374787052811 0.4495798319327731 0.4497444633730835 0.16686674669867949
20 0.6175468483816013 0.22929171668667467 0.23679727427597955 0.055222088835534214
20 0.8611584327086882 0.5432172869147659 0.23339011925042588 0.05402160864345738
7 0.1524701873935264 0.1212484993997599 0.24701873935264054 0.15606242496998798
20 0.6175468483816013 0.28391356542617047 0.23679727427597955 0.05402160864345738
20 0.6175468483816013 0.595438175270108 0.23339011925042588 0.03361344537815126
20 0.12691652470187392 0.40816326530612246 0.23339011925042588 0.05282112845138055
20 0.12691652470187392 0.27130852340936373 0.23339011925042588 0.04321728691476591
20 0.12776831345826234 0.9333733493397359 0.23509369676320271 0.03721488595438175
20 0.12776831345826234 0.7527010804321729 0.23509369676320271 0.11524609843937575
20 0.12691652470187392 0.6392557022809123 0.23339011925042588 0.11644657863145258
20 0.6175468483816013 0.33433373349339734 0.23339011925042588 0.04441776710684274
10 0.4940374787052811 0.5270108043217286 0.04770017035775128 0.01680672268907563
18 0.8611584327086882 0.24069627851140457 0.23339011925042588 0.07563025210084033
16 0.6320272572402045 0.11764705882352941 0.7052810902896082 0.15606242496998798
20 0.37137989778534924 0.34633853541416565 0.23168654173764908 0.025210084033613446
18 0.6175468483816013 0.6842737094837935 0.23339011925042588 0.024009603841536616
18 0.6175468483816013 0.6554621848739496 0.23339011925042588 0.03361344537815126
18 0.6175468483816013 0.6248499399759904 0.23339011925042588 0.025210084033613446
20 0.12691652470187392 0.226890756302521 0.23339011925042588 0.04561824729891957
16 0.12776831345826234 0.5690276110444178 0.14310051107325383 0.01920768307322929
18 0.8611584327086882 0.3043217286914766 0.23339011925042588 0.05402160864345738
18 0.12776831345826234 0.36614645858343337 0.23850085178875638 0.03361344537815126
18 0.12691652470187392 0.33133253301320525 0.23339011925042588 0.03361344537815126
18 0.12776831345826234 0.3037214885954382 0.23509369676320271 0.024009603841536616
18 0.8611584327086882 0.3595438175270108 0.23339011925042588 0.05402160864345738
16 0.6183986371379898 0.5528211284513805 0.21465076660988075 0.03481392557022809
2 0.02584327086882453 0.22250900360144057 0.03691652470187394 0.02637454981992797
33 0.6152810902896082 0.8242737094837935 0.7262862010221465 0.23839135654261706
34 0.616695059625213 0.7111644657863145 0.10562180579216354 0.00943577430972389
30 0.8003918228279386 0.9651380552220888 0.3605962521294719 0.0207202881152461