20 0.1900763358778626 0.5644768856447688 0.20610687022900764 0.18491484184914841
20 0.1900763358778626 0.33880778588807786 0.20610687022900764 0.21289537712895376
20 0.40381679389312974 0.5328467153284672 0.20305343511450383 0.145985401459854
20 0.6175572519083969 0.402676399026764 0.20610687022900764 0.1873479318734793
20 0.40381679389312974 0.25851581508515814 0.20610687022900764 0.09610705596107055
20 0.833587786259542 0.5121654501216545 0.20763358778625954 0.0851581508515815
20 0.40381679389312974 0.3819951338199513 0.20610687022900764 0.07542579075425791
20 0.40610687022900765 0.7135036496350365 0.20458015267175572 0.13990267639902676
20 0.6175572519083969 0.2159367396593674 0.20610687022900764 0.12773722627737227
20 0.18778625954198475 0.11009732360097324 0.20763358778625954 0.09610705596107055
20 0.833587786259542 0.19160583941605838 0.20763358778625954 0.08637469586374696
20 0.6175572519083969 0.5614355231143552 0.20610687022900764 0.052311435523114354
20 0.833587786259542 0.4343065693430657 0.20763358778625954 0.072992700729927
20 0.8358778625954199 0.7548661800486618 0.20610687022900764 0.11557177615571776
20 0.4015267175572519 0.09210462287104622 0.20458015267175572 0.06395377128953772
20 0.19236641221374046 0.8491484184914841 0.20763358778625954 0.043795620437956206
20 0.833587786259542 0.36739659367396593 0.20763358778625954 0.0535279805352798
20 0.833587786259542 0.28771289537712896 0.20763358778625954 0.10340632603406326
20 0.833587786259542 0.13138686131386862 0.20763358778625954 0.0340632603406326
13 0.6175572519083969 0.08576642335766424 0.20610687022900764 0.07907542579075426
20 0.6198473282442748 0.7493917274939172 0.20458015267175572 0.06569343065693431
20 0.40381679389312974 0.16605839416058393 0.20610687022900764 0.03527980535279805
20 0.6198473282442748 0.614963503649635 0.20763358778625954 0.049878345498783457
20 0.833587786259542 0.6277372262773723 0.20763358778625954 0.1411192214111922
20 0.18778625954198475 0.20012165450121655 0.20763358778625954 0.045012165450121655
20 0.6198473282442748 0.656934306569343 0.20763358778625954 0.031630170316301706
16 0.6175572519083969 0.5158150851581509 0.20610687022900764 0.031630170316301706
16 0.40610687022900765 0.4416058394160584 0.18625954198473282 0.029197080291970802
20 0.8312977099236641 0.07907542579075426 0.20610687022900764 0.06569343065693431
20 0.1908854961832061 0.7690997566909976 0.20770992366412216 0.08223844282238442
16 0.40381679389312974 0.3278588807785888 0.17862595419847327 0.027980535279805353
16 0.6175572519083969 0.29501216545012166 0.16946564885496182 0.01824817518248175
18 0.1900763358778626 0.6666666666666666 0.20610687022900764 0.021897810218978103
16 0.6175572519083969 0.13929440389294404 0.1450381679389313 0.02068126520681265
18 0.17887022900763358 0.703941605839416 0.18256488549618322 0.009914841849148419
18 0.1900763358778626 0.6879562043795621 0.20610687022900764 0.02068126520681265
16 0.19236641221374046 0.818734793187348 0.1648854961832061 0.0170316301703163
20 0.6198473282442748 0.6952554744525548 0.20458015267175572 0.04257907542579075
20 0.8381679389312977 0.8534063260340633 0.20763358778625954 0.037712895377128956
16 0.40381679389312974 0.1380778588807786 0.17557251908396945 0.01824817518248175
18 0.1900763358778626 0.718978102189781 0.20916030534351146 0.021897810218978103
16 0.1900763358778626 0.45985401459854014 0.16946564885496182 0.024330900243309004
16 0.40381679389312974 0.20012165450121655 0.20916030534351146 0.015815085158150853
21 0.9083969465648855 0.8181265206812652 0.03969465648854962 0.015815085158150853
16 0.40381679389312974 0.6253041362530414 0.1450381679389313 0.031630170316301706
16 0.1900763358778626 0.170316301703163 0.19389312977099238 0.014598540145985401
16 0.29543511450381676 0.05333333333333334 0.4156793893129771 0.015717761557177617
30 0.7470534351145038 0.9751216545012165 0.2239847328244275 0.01614355231143552
28 0.9121679389312978 0.9745863746958637 0.06083969465648855 0.016362530413625304
8 0.36251908396946564 0.9740145985401459 0.5369770992366413 0.01661800486618005
0 0.5129770992366413 0.8838199513381995 0.8580152671755725 0.15936739659367397