11 0.6107625786163522 0.7833247716894977 0.2117806603773585 0.11928938356164384
11 0.6154009433962264 0.6547117579908677 0.21261006289308176 0.1197288812785388
17 0.2158687106918239 0.4251598173515982 0.3720833333333334 0.034195205479452054
11 0.14836084905660377 0.5191952054794521 0.21508647798742137 0.12196347031963471
11 0.14993317610062892 0.6508476027397261 0.21822327044025155 0.12082191780821919
11 0.14757861635220126 0.7830679223744292 0.21665487421383647 0.12082191780821919
11 0.1460062893081761 0.9112956621004565 0.2135141509433962 0.11967465753424657
11 0.8469968553459121 0.9130022831050227 0.20566430817610065 0.11170376712328768
11 0.611501572327044 0.9135702054794521 0.21822327044025155 0.1196832191780822
11 0.8415015723270441 0.7836301369863015 0.2135141509433962 0.11740296803652968
11 0.6138561320754717 0.5220462328767124 0.21665487421383647 0.12082191780821919
11 0.8430699685534591 0.5203367579908675 0.2135141509433962 0.12196347031963471
11 0.8415015723270441 0.6514183789954339 0.2135141509433962 0.11740296803652968
11 0.1471737421383648 0.2114783105022831 0.20849842767295595 0.10017408675799086
11 0.1510062893081761 0.33001712328767124 0.21309748427672956 0.10573915525114155
11 0.37943396226415094 0.2114783105022831 0.2161635220125786 0.1068521689497717
11 0.38096698113207544 0.3272345890410959 0.21309748427672956 0.1068521689497717
11 0.6132272012578616 0.20869577625570776 0.21156446540880505 0.10128710045662101
11 0.6109276729559748 0.32779109589041094 0.21309748427672956 0.11019121004566211
11 0.8408844339622642 0.21092180365296806 0.21309748427672956 0.10351312785388127
11 0.8431839622641509 0.3272345890410959 0.2146305031446541 0.1068521689497717
21 0.4974803459119497 0.10852168949771689 0.9121737421383649 0.09238299086757991
31 0.9085613207547171 0.03951198630136986 0.18287735849056605 0.04340753424657534
6 0.49528301886792453 0.2725456621004566 0.9178459119496856 0.23116438356164384
8 0.05847091194968553 0.17194634703196346 0.028498427672955975 0.021404109589041095
8 0.2928459119496855 0.169449200913242 0.031446540880503145 0.020690639269406393
8 0.5193592767295597 0.1687357305936073 0.028498427672955975 0.0221175799086758
8 0.7542256289308176 0.16980593607305935 0.03242924528301887 0.018550228310502282
8 0.06092767295597484 0.2900256849315068 0.025550314465408806 0.020690639269406393
8 0.2879323899371069 0.2853881278538813 0.027515723270440252 0.01997716894977169
8 0.5227987421383647 0.287171803652968 0.0294811320754717 0.01783675799086758
8 0.745872641509434 0.2846746575342466 0.0294811320754717 0.01569634703196347
8 0.06387578616352202 0.4730308219178082 0.031446540880503145 0.025684931506849314
8 0.05847091194968553 0.6082334474885844 0.024567610062893083 0.01783675799086758
8 0.06092767295597484 0.735587899543379 0.025550314465408806 0.017123287671232876
8 0.5213246855345912 0.4741010273972603 0.016705974842767295 0.016409817351598174
8 0.7537342767295597 0.474814497716895 0.015723270440251572 0.016409817351598174
8 0.5237814465408805 0.6060930365296804 0.015723270440251572 0.014982876712328766
8 0.7581564465408805 0.606806506849315 0.022602201257861634 0.020690639269406393
8 0.5218160377358491 0.7352311643835616 0.019654088050314465 0.019263698630136987
8 0.7591391509433962 0.7348744292237442 0.01867138364779874 0.01569634703196347
8 0.5198506289308176 0.867579908675799 0.02161949685534591 0.014269406392694063
8 0.7576650943396226 0.866509703196347 0.027515723270440252 0.016409817351598174
21 0.38620283018867924 0.717394406392694 0.22012578616352202 0.5087043378995434
6 0.45155267295597484 0.8204908675799086 0.13856132075471697 0.3424657534246575
6 0.1449488993710692 0.7177511415525114 0.23093553459119498 0.5222602739726028
6 0.7291666666666666 0.7195348173515982 0.4658018867924528 0.5272545662100456