20 0.2265625 0.47443890274314215 0.2621527777777778 0.243142144638404
20 0.8454861111111112 0.6913965087281796 0.2604166666666667 0.07855361596009976
20 0.2265625 0.6876558603491272 0.2621527777777778 0.09351620947630923
7 0.2734375 0.8472568578553616 0.3940972222222222 0.21820448877805487
20 0.2265625 0.3054862842892768 0.2621527777777778 0.0798004987531172
7 0.7057291666666666 0.4089775561097257 0.5364583333333334 0.2967581047381546
7 0.7335069444444444 0.8491271820448878 0.4913194444444444 0.22194513715710723
13 0.8454861111111112 0.6047381546134664 0.2604166666666667 0.0798004987531172
13 0.5677083333333334 0.6496259351620948 0.2604166666666667 0.16708229426433915
2 0.11805555555555555 0.2855361596009975 0.034722222222222224 0.0399002493765586
16 0.22743055555555555 0.6172069825436409 0.1284722222222222 0.029925187032418952
16 0.4427083333333333 0.13341645885286782 0.6909722222222222 0.06733167082294264
32 0.25 0.05922693266832918 0.2986111111111111 0.03117206982543641
32 0.028645833333333332 0.16957605985037408 0.05381944444444445 0.32418952618453867
25 0.4369270833333333 0.18306733167082292 0.6915451388888889 0.01908977556109726
25 0.18807291666666667 0.2061845386533666 0.18807291666666667 0.018840399002493766
25 0.2137673611111111 0.22463840399002494 0.2365451388888889 0.022468827930174563
28 0.02423611111111111 0.9776683291770574 0.03545138888888889 0.02786783042394015
30 0.9082118055555556 0.9828678304239401 0.1193576388888889 0.013316708229426433