21 0.3559516129032258 0.8836737022247575 0.5906048387096774 0.0913063320022818
21 0.35425 0.7820365088419852 0.5912822580645162 0.10544209925841415
6 0.2087258064516129 0.43551055333713634 0.37945161290322577 0.33407872219053053
21 0.6735564516129032 0.5539874500855676 0.5202661290322581 0.09233884768967485
21 0.49759677419354836 0.6947347404449514 0.8753225806451613 0.05401597261836851
6 0.8225564516129032 0.8210154021677125 0.32 0.19869937250427838
17 0.5014274193548387 0.6522247575584711 0.3878790322580645 0.025932686822589847
11 0.6915564516129032 0.2571591557330291 0.5385161290322581 0.28466058185966914
13 0.6741935483870968 0.4643468339988591 0.5193548387096775 0.07529948659440959
21 0.23790322580645162 0.18881916714204222 0.3435483870967742 0.11523103251568739
17 0.5129032258064516 0.09355390758699372 0.32903225806451614 0.034227039361095266
17 0.5338709677419354 0.02966343411294923 0.6967741935483871 0.05932686822589846
31 0.1346774193548387 0.959498003422704 0.11451612903225807 0.01825442099258414
27 0.20483870967741935 0.9577866514546491 0.016129032258064516 0.01939532230462065