20 0.19798657718120805 0.5908551068883611 0.2751677852348993 0.167458432304038
20 0.19714765100671142 0.9061757719714965 0.27684563758389263 0.09501187648456057
16 0.1493288590604027 0.8194774346793349 0.18120805369127516 0.057007125890736345
7 0.6443120805369127 0.5429572446555819 0.5840436241610738 0.28068883610451306
7 0.6457718120805369 0.818729216152019 0.5888758389261746 0.2720308788598575
10 0.3766778523489933 0.6716152019002375 0.03859060402684564 0.017814726840855107
3 0.19493288590604027 0.7297624703087886 0.26906040268456377 0.08204275534441804
28 0.0863758389261745 0.968978622327791 0.061912751677852346 0.017553444180522564
30 0.24293624161073823 0.9695130641330166 0.22859060402684564 0.01648456057007126
20 0.19463087248322147 0.6811757719714964 0.2540268456375839 0.016353919239904986
16 0.19768456375838925 0.4510332541567696 0.2784228187919463 0.08942992874109264
7 0.48890939597315436 0.22236342042755344 0.8791946308724832 0.3641092636579572
10 0.08256711409395974 0.3947387173396675 0.048187919463087245 0.015700712589073636
10 0.5659731543624161 0.9448337292161519 0.4292785234899329 0.021116389548693586