20 0.8096425531914894 0.3367980151780502 0.31035319148936175 0.13477232924693522
20 0.1741148936170213 0.33576765907764156 0.31077872340425533 0.1350496205487449
13 0.49137021276595744 0.2951780502043199 0.3068085106382979 0.08085230589608873
7 0.8080851063829787 0.7657734967892585 0.30808085106382976 0.16610624635143026
16 0.056595744680851066 0.4160828955049621 0.07574468085106383 0.016053706946876824
16 0.6909234042553192 0.2629889083479276 0.07148936170212766 0.012060712200817279
20 0.8036170212765957 0.5039959136018681 0.29914893617021276 0.15685347343841213
16 0.38063829787234044 0.35157618213660247 0.0875191489361702 0.013327495621716286
16 0.6928382978723404 0.4184676007005254 0.07673617021276596 0.01264448336252189
16 0.4347106382978724 0.0937594862813777 0.8430382978723404 0.11156158785755983
16 0.38978723404255317 0.5173671920607122 0.1072340425531915 0.016053706946876824
20 0.8036170212765957 0.6399591360186807 0.3008510638297872 0.07267950963222417
20 0.4874468085106383 0.5972533566841798 0.3059574468085106 0.1454699357851722
20 0.48680425531914895 0.20381786339754815 0.9317106382978724 0.08234384121424403
16 0.08978723404255319 0.2616754232340922 0.14212765957446807 0.014302393461762989
16 0.7059574468085107 0.5963222416812609 0.10212765957446808 0.014594279042615295
20 0.17184255319148936 0.5018038528896672 0.3113446808510638 0.1559748978400467
20 0.488936170212766 0.43029188558085235 0.30638297872340425 0.14488032691185057
30 0.10591063829787234 0.015081727962638646 0.21182127659574468 0.03016053706946877
28 0.9593744680851065 0.01983654407472271 0.03127659574468085 0.01826911850554583
21 0.007059574468085106 0.32150904845300643 0.014119148936170212 0.17600408639813195
20 0.1701489361702128 0.6371511967308815 0.30739148936170213 0.06900467016929364
16 0.15454468085106382 0.5956625802685347 0.27788085106382976 0.013277875072971396
7 0.17042553191489362 0.7640280210157618 0.30283404255319146 0.16319614711033276
7 0.49122127659574466 0.7645125510799766 0.30442553191489363 0.1653385872737887
16 0.49058297872340423 0.9246935201401051 0.9802212765957447 0.15061295971978983
10 0.8006042553191489 0.8408990075890251 0.27808510638297873 0.01455049620548745
10 0.3960085106382979 0.8407063631056626 0.11059574468085105 0.014159369527145358
10 0.06502978723404255 0.838744892002335 0.0903404255319149 0.012574430823117337