20 0.18493150684931506 0.585995085995086 0.2842465753424658 0.18673218673218672
20 0.18835616438356165 0.777027027027027 0.2842465753424658 0.1855036855036855
20 0.18493150684931506 0.43734643734643736 0.2842465753424658 0.10810810810810811
20 0.18493150684931506 0.3476658476658477 0.2842465753424658 0.0687960687960688
20 0.1857876712328767 0.1375921375921376 0.285958904109589 0.056511056511056514
13 0.18493150684931506 0.0644963144963145 0.2842465753424658 0.042997542997543
20 0.18835616438356165 0.9563882063882064 0.2842465753424658 0.042997542997543
18 0.11815068493150685 0.8808353808353808 0.14726027397260275 0.0171990171990172
20 0.18493150684931506 0.28992628992628994 0.2842465753424658 0.04176904176904177
7 0.6310787671232877 0.3489189189189189 0.585513698630137 0.2682309582309582
10 0.3655821917808219 0.4735872235872236 0.04280821917808219 0.01597051597051597
18 0.1861815068493151 0.25175675675675674 0.29037671232876716 0.02923832923832924
18 0.1840753424657534 0.21744471744471744 0.285958904109589 0.03194103194103194
7 0.6309931506849316 0.6028869778869779 0.5736301369863014 0.2278746928746929
18 0.14897260273972604 0.9097051597051597 0.2089041095890411 0.013513513513513514
20 0.14897260273972604 0.09766584766584767 0.21232876712328766 0.020884520884520884
7 0.6302910958904109 0.12404176904176904 0.5859246575342466 0.16947174447174446
18 0.1523972602739726 0.9226044226044227 0.21232876712328766 0.014742014742014743
18 0.18493150684931506 0.18611793611793612 0.2876712328767123 0.030712530712530713
10 0.3655821917808219 0.19901719901719903 0.04280821917808219 0.0171990171990172
18 0.10445205479452055 0.8968058968058968 0.11643835616438356 0.012285012285012284
7 0.6417123287671233 0.849115479115479 0.6098972602739726 0.2567936117936118
10 0.36654109589041095 0.7077518427518428 0.037756849315068494 0.0164987714987715
10 0.36082191780821915 0.9678746928746929 0.04501712328767123 0.0163022113022113
30 0.7386986301369862 0.9927027027027027 0.23726027397260274 0.014594594594594595
28 0.8940924657534246 0.9938206388206389 0.05304794520547945 0.01235872235872236