20 0.16535433070866143 0.30951675066706197 0.2146705346042271 0.23895641861844055
20 0.3852051388313303 0.23317521494218796 0.17281392457521758 0.12244292914319597
7 0.8723580605055947 0.7683071449747999 0.20638209697472026 0.2843166320782686
13 0.8178615830915872 0.2545211977468129 0.2125984251968504 0.1307441446783279
20 0.6000828843762951 0.3673287874295879 0.21301284707832574 0.23006225911651348
7 0.6174886033982594 0.5813815594426327 0.08122668876916701 0.1096946338571005
7 0.7766266058847907 0.41446783278980137 0.43265644426025696 0.18084790987251706
20 0.7590136759220887 0.6645419507856507 0.36179030252797345 0.2683071449747999
7 0.28470783257355986 0.7490364660539579 0.566100290095317 0.4989623480581085
16 0.5851636966431828 0.2339163949006819 0.16493990882718607 0.023124814705010377
7 0.6324077911313717 0.9635339460420991 0.09863240779113137 0.06403794841387489
13 0.38188976377952755 0.3725170471390454 0.21011189390799834 0.11592054550844945
16 0.1504351429755491 0.17343611028757783 0.1682552838789888 0.026682478505781204
16 0.23787815996684625 0.11517936554995553 0.35640281806879404 0.05306848502816484
16 0.8779527559055118 0.9414467832789801 0.13717364276833816 0.026386006522383636
13 0.6027766266058848 0.19137266528313074 0.20430998756734356 0.05306848502816484
20 0.6141276419394944 0.8109457456270383 0.06953170327393286 0.01145271271864809
7 0.7917778698715292 0.11282537800177883 0.40843762950683793 0.2256477912837237
10 0.6773476999585578 0.13662318410910168 0.10590965602983837 0.03936258523569523
20 0.2240198922503108 0.4640883486510524 0.29055532532117695 0.04996145864215832
19 0.8212474098632409 0.9804506374147642 0.26937422295897223 0.03910168989030536
18 0.6384417737256527 0.8226563889712423 0.10820969747202652 0.01405870145271272
18 0.6414338997099047 0.8356685443225615 0.12064235391628679 0.009329973317521494
18 0.6391297140489018 0.8475303883782982 0.11972233733941151 0.017230951675066705
18 0.6342975549108992 0.8597242810554402 0.11097389142146705 0.011111769937740882
18 0.6444260256941566 0.8701037651941892 0.13123497720679653 0.018037355469908093
18 0.6329133858267717 0.8850963533946041 0.10820969747202652 0.018375333530981322