6 0.6140604026845637 0.17019002375296913 0.1833221476510067 0.11033254156769597
6 0.7452348993288591 0.7743230403800475 0.4018791946308725 0.3345130641330167
6 0.8756879194630872 0.36425178147268406 0.20822147651006712 0.17148456057007125
21 0.379244966442953 0.714061757719715 0.23441275167785236 0.3172921615201901
21 0.381996644295302 0.2473040380047506 0.2334060402684564 0.08245843230403802
21 0.6270469798657718 0.3480522565320665 0.23298657718120808 0.09125890736342043
21 0.8689597315436242 0.4842042755344418 0.23156040268456374 0.06045130641330166
21 0.62751677852349 0.5457244655581948 0.23354026845637582 0.08013064133016627
21 0.1400503355704698 0.2629216152019002 0.23355704697986576 0.18045130641330165
21 0.3793456375838926 0.3226128266033254 0.2329194630872483 0.06336104513064134
21 0.6268120805369127 0.42273159144893113 0.2326510067114094 0.06001187648456057
21 0.8651845637583893 0.21679334916864607 0.23365771812080535 0.05165083135391924
21 0.3783053691275168 0.9048218527315914 0.23206375838926174 0.06478622327790974
6 0.2639429530201342 0.48100950118764846 0.4728523489932886 0.1461520190023753
21 0.6269295302013422 0.47785035629453687 0.233003355704698 0.051591448931116383
21 0.140755033557047 0.13966745843230402 0.23451342281879195 0.0635748218527316
13 0.6246979865771812 0.2648812351543943 0.23404362416107385 0.07299287410926365
21 0.38177852348993285 0.3810095011876485 0.2327684563758389 0.05371733966745843
21 0.8669798657718121 0.25978622327790973 0.23533557046979864 0.03275534441805225
17 0.49788590604026844 0.06501187648456057 0.9541946308724834 0.07998812351543942
21 0.14313758389261746 0.37975059382422804 0.23461409395973157 0.05342042755344418
13 0.38177852348993285 0.15719714964370549 0.2312751677852349 0.09206650831353919
21 0.8633724832214766 0.13195961995249406 0.231006711409396 0.018456057007125888
21 0.8658221476510066 0.5714726840855107 0.23379194630872485 0.02846793349168646
21 0.8643959731543623 0.535083135391924 0.23213087248322148 0.018859857482185275
21 0.6278355704697987 0.5953681710213777 0.23395973154362415 0.024049881235154395
21 0.8663926174496644 0.5984441805225653 0.2349161073825503 0.02040380047505938
0 0.1403523489932886 0.7741211401425178 0.23318791946308723 0.32175771971496436
9 0.8648993288590604 0.44466745843230404 0.04899328859060403 0.014976247030878858
2 0.044043624161073824 0.12767220902612827 0.037751677852348994 0.03364608076009501
13 0.14261744966442952 0.572541567695962 0.2348993288590604 0.0346437054631829
21 0.1433221476510067 0.6012470308788599 0.23909395973154363 0.024738717339667458
31 0.23109060402684561 0.9509263657957244 0.27760067114093956 0.018895486935866984
27 0.0537751677852349 0.9501187648456056 0.07092281879194631 0.02051068883610451
9 0.25662751677852347 0.5444299287410926 0.0587248322147651 0.01673396674584323
9 0.624244966442953 0.21621140142517817 0.04652684563758389 0.011342042755344419
9 0.744731543624161 0.9296080760095012 0.04805369127516779 0.014038004750593825
17 0.8171979865771812 0.11579572446555819 0.1456711409395973 0.0134916864608076
21 0.8621812080536913 0.14684085510688835 0.23565436241610738 0.010795724465558194
21 0.8656208053691274 0.17193586698337293 0.23184563758389262 0.03724465558194774
17 0.8198657718120805 0.5198693586698337 0.13880872483221476 0.010795724465558194
21 0.866006711409396 0.5500950118764846 0.22956375838926174 0.011876484560570071