10 0.5634765625 0.6785980611483967 0.0986328125 0.049217002237136466
7 0.153564453125 0.6588366890380313 0.18603515625 0.18120805369127516
7 0.841064453125 0.5324384787472036 0.21630859375 0.2878448918717375
7 0.62353515625 0.2621178225205071 0.203125 0.2184936614466816
7 0.8388671875 0.8284862043251305 0.2119140625 0.29828486204325133
20 0.1494140625 0.506338553318419 0.1865234375 0.116331096196868
20 0.735595703125 0.1133482475764355 0.43017578125 0.06413124533929904
10 0.134765625 0.302386278896346 0.1630859375 0.041014168530947054
7 0.15478515625 0.854586129753915 0.185546875 0.18642803877703207
10 0.672607421875 0.6759880686055183 0.09228515625 0.03803131991051454
7 0.675048828125 0.6234153616703952 0.10498046875 0.14317673378076062
7 0.840087890625 0.2609992542878449 0.20947265625 0.2222222222222222
7 0.565185546875 0.6260253542132737 0.10107421875 0.1558538404175988
10 0.837158203125 0.9552572706935123 0.19970703125 0.041759880686055184
7 0.62060546875 0.831096196868009 0.208984375 0.2587621178225205
10 0.834716796875 0.6573452647278151 0.19189453125 0.035048471290082026
20 0.416015625 0.8467561521252797 0.1064453125 0.25428784489187173
16 0.73193359375 0.05331841909023117 0.2275390625 0.041014168530947054
10 0.607666015625 0.9448173005219985 0.15478515625 0.026845637583892617
20 0.30810546875 0.7997762863534675 0.103515625 0.2870991797166294
18 0.30859375 0.9656972408650261 0.1015625 0.03281133482475764
16 0.15185546875 0.3859060402684564 0.1884765625 0.10663683818046234
10 0.44775390625 0.715137956748695 0.03515625 0.013422818791946308
10 0.6748046875 0.4526472781506339 0.10546875 0.1297539149888143
7 0.35546875 0.46830723340790453 0.2705078125 0.9366144668158091
13 0.56591796875 0.4614839671886652 0.1025390625 0.15835943325876212