20 0.8008403361344538 0.2318668252080856 0.2739495798319328 0.13317479191438764
20 0.8008403361344538 0.1159334126040428 0.2739495798319328 0.09155766944114149
20 0.5126050420168067 0.23543400713436385 0.27563025210084036 0.13079667063020214
18 0.8027058823529412 0.4635196195005945 0.2722689075630252 0.12841854934601665
18 0.2184873949579832 0.3525564803804994 0.27563025210084036 0.12960760998810938
18 0.8025210084033614 0.5862068965517241 0.2739495798319328 0.11890606420927467
20 0.21764705882352942 0.10047562425683709 0.2739495798319328 0.0535077288941736
20 0.515126050420168 0.7045184304399524 0.2739495798319328 0.07728894173602854
20 0.22100840336134453 0.9024970273483948 0.2739495798319328 0.09512485136741974
20 0.5092436974789916 0.09512485136741974 0.2689075630252101 0.028537455410225922
20 0.8050420168067227 0.8341260404280618 0.2722689075630252 0.04399524375743163
18 0.5126050420168067 0.5243757431629013 0.27563025210084036 0.04280618311533888
20 0.2184873949579832 0.1516052318668252 0.2722689075630252 0.041617122473246136
20 0.5126050420168067 0.4262782401902497 0.2722689075630252 0.06777645659928656
20 0.22100840336134453 0.6414982164090368 0.2739495798319328 0.041617122473246136
16 0.7252100840336134 0.6777645659928656 0.11596638655462185 0.023781212841854936
18 0.21932773109243697 0.46551724137931033 0.2739495798319328 0.09155766944114149
18 0.5100840336134453 0.14803804994054698 0.2739495798319328 0.039239001189060645
18 0.5126050420168067 0.48097502972651607 0.2722689075630252 0.041617122473246136
16 0.7630252100840336 0.7907253269916765 0.18823529411764706 0.02140309155766944
18 0.515126050420168 0.8376932223543401 0.2739495798319328 0.07728894173602854
18 0.7991596638655463 0.3806302021403092 0.2739495798319328 0.027348394768133173
13 0.5092436974789916 0.058858501783590964 0.2689075630252101 0.039239001189060645
16 0.16050420168067228 0.04934601664684899 0.15966386554621848 0.02497027348394768
16 0.1689075630252101 0.5951248513674198 0.173109243697479 0.034482758620689655
16 0.17142857142857143 0.2211652794292509 0.1781512605042017 0.054696789536266346
16 0.4714285714285714 0.6420927467300832 0.1899159663865546 0.026159334126040427
18 0.21932773109243697 0.539833531510107 0.27058823529411763 0.057074910820451845
16 0.46974789915966386 0.33828775267538647 0.1899159663865546 0.041617122473246136
18 0.47394957983193275 0.11712247324613555 0.20504201680672268 0.015457788347205707
18 0.5168067226890757 0.9126040428061831 0.2739495798319328 0.06777645659928656
16 0.15966386554621848 0.2681331747919144 0.15798319327731092 0.020214030915576695
18 0.515126050420168 0.7711058263971462 0.2739495798319328 0.0535077288941736
20 0.5134453781512605 0.6016646848989299 0.2739495798319328 0.03329369797859691
16 0.43109243697478994 0.3745541022592152 0.11596638655462185 0.02140309155766944
16 0.7226890756302521 0.050535077288941736 0.11764705882352941 0.022592152199762187
20 0.8042016806722689 0.7294887039239001 0.2739495798319328 0.06302021403091558
25 0.8058823529411765 0.8941736028537456 0.2739495798319328 0.04518430439952437
16 0.7571428571428571 0.33828775267538647 0.1865546218487395 0.041617122473246136
16 0.46302521008403363 0.5677764565992865 0.17647058823529413 0.022592152199762187
18 0.22100840336134453 0.6902021403091558 0.2773109243697479 0.012984542211652794
18 0.14873949579831933 0.6700356718192628 0.12605042016806722 0.015457788347205707
21 0.14369747899159663 0.8353151010701546 0.11932773109243698 0.022592152199762187
25 0.22191596638655461 0.7137574316290131 0.2726890756302521 0.03450653983353151
25 0.15312605042016805 0.7409512485136742 0.1154453781512605 0.012699167657550534
25 0.18243697478991597 0.7595243757431629 0.2029075630252101 0.013614744351961949
25 0.2177983193277311 0.7858263971462545 0.2794453781512605 0.03755053507728894
25 0.730218487394958 0.9297502972651605 0.1163361344537815 0.015600475624256836
30 0.8193781512605042 0.9630915576694412 0.29423529411764704 0.018644470868014268