21 0.5316442953020134 0.7031828978622329 0.6611409395973155 0.09922802850356294
21 0.5343456375838926 0.41951306413301664 0.662231543624161 0.11084323040380047
21 0.5313590604026845 0.8587173396674583 0.6654362416107383 0.03891923990498813
21 0.5356208053691276 0.581520190023753 0.6644630872483221 0.14495249406175773
21 0.5311744966442953 0.3331710213776722 0.6619463087248322 0.032957244655581946
31 0.8079194630872483 0.8999999999999999 0.11154362416107383 0.026900237529691208
27 0.22359060402684564 0.8995724465558196 0.03946308724832215 0.02327790973871734
21 0.5326174496644295 0.4933610451306414 0.6571979865771812 0.03448931116389549
13 0.5327852348993289 0.24410926365795724 0.6624161073825503 0.14470308788598576
22 0.2978187919463087 0.7945368171021377 0.09563758389261745 0.023752969121140142
31 0.6333892617449665 0.1347980997624703 0.46140939597315433 0.020190023752969122