16 0.495738255033557 0.14907363420427552 0.3846644295302013 0.032458432304038005
15 0.4985906040268457 0.6040736342042755 0.7756879194630872 0.05827790973871734
15 0.49765100671140944 0.5121971496437054 0.7804362416107382 0.03622327790973872
15 0.4970973154362416 0.4541567695961995 0.7781375838926174 0.05271971496437055
15 0.4853020134228188 0.5540736342042755 0.7467449664429531 0.03200712589073634
15 0.5004194630872483 0.6597268408551069 0.7754697986577181 0.04
15 0.4993791946308725 0.7607125890736341 0.7717114093959732 0.03755344418052257
15 0.49968120805369126 0.7068646080760095 0.7741610738255034 0.04124703087885986
15 0.45432885906040266 0.8037173396674585 0.6874161073825503 0.02467933491686461
15 0.4998993288590604 0.2642042755344418 0.7798993288590604 0.03948931116389549
15 0.26793624161073826 0.30720902612826606 0.31144295302013425 0.019750593824228026
15 0.5003187919463087 0.21566508313539193 0.7813422818791946 0.03925178147268408
15 0.4987751677852349 0.845522565320665 0.7767617449664429 0.03338479809976247
15 0.49931208053691273 0.8953206650831355 0.7748993288590603 0.039358669833729217
28 0.5005536912751678 0.39719714964370545 0.7773993288590604 0.03694774346793349
15 0.5001342281879194 0.3480403800475059 0.7738087248322147 0.04112826603325416
28 0.8645302013422819 0.9498218527315915 0.040587248322147655 0.026021377672209026