23 0.500672268907563 0.3570546318289786 0.7724873949579831 0.404228028503563
23 0.5008571428571429 0.6586104513064133 0.7717310924369748 0.1386817102137767
31 0.4995798319327731 0.9337885985748219 0.03431932773109244 0.017505938242280285
24 0.5029579831932773 0.10502375296912114 0.7805210084033614 0.04245843230403801
29 0.49880672268907567 0.8402612826603325 0.767109243697479 0.02629453681710214
29 0.49820168067226894 0.8131116389548694 0.7658991596638655 0.027992874109263658
29 0.5032268907563026 0.7872327790973872 0.7707394957983192 0.02657957244655582
29 0.35594957983193276 0.7634916864608077 0.4789915966386555 0.018657957244655583
29 0.49880672268907567 0.9009144893111639 0.7695126050420168 0.030534441805225652
29 0.33673949579831935 0.8631710213776722 0.44537815126050423 0.014418052256532067
29 0.17047058823529412 0.8784323040380048 0.11284033613445378 0.014418052256532067