14 0.2952852348993289 0.7326128266033254 0.3620805369127517 0.08934679334916865
14 0.7038255033557047 0.24646080760095013 0.3643120805369127 0.10080760095011876
14 0.7033221476510068 0.5902850356294537 0.3618288590604027 0.10235154394299288
14 0.2936577181208054 0.3323396674584323 0.3621476510067114 0.07300475059382423
14 0.29431208053691277 0.6349881235154394 0.3636744966442953 0.08859857482185272
14 0.2924328859060403 0.23351543942992875 0.3615771812080537 0.1033372921615202
14 0.2951174496644295 0.12461995249406177 0.36013422818791946 0.09022565320665082
14 0.29649328859060403 0.8425296912114014 0.36276845637583893 0.10517814726840856
14 0.7062248322147652 0.4844893111638955 0.3621308724832215 0.08969121140142518
14 0.7037919463087248 0.7070427553444181 0.36134228187919465 0.1072209026128266
14 0.7070637583892618 0.8151187648456057 0.3614429530201342 0.08977434679334917
14 0.29385906040268456 0.41444180522565316 0.36446308724832216 0.07089073634204275
14 0.702986577181208 0.370166270783848 0.36209731543624163 0.12104513064133017
14 0.2936577181208054 0.5181472684085511 0.3615939597315436 0.11894299287410927
14 0.7023825503355705 0.13402612826603325 0.3632718120805369 0.10423990498812351
14 0.7053691275167785 0.8895011876484561 0.36204697986577183 0.03969121140142518
31 0.5003859060402684 0.966104513064133 0.041140939597315435 0.029536817102137767
35 0.7012248322147651 0.035451306413301666 0.36897651006711407 0.030653206650831353