20 0.4688091353996737 0.2948928121059268 0.7166721044045676 0.2954476670870113
20 0.4672267536704731 0.5046027742749054 0.7135236541598695 0.11064312736443883
13 0.46719412724306686 0.11350567465321565 0.7166884176182707 0.05491803278688524
28 0.13123980424143555 0.05350567465321564 0.040146818923327894 0.025939470365699876
25 0.46729200652528546 0.5958890290037832 0.7149918433931485 0.04345523329129886
25 0.4698205546492659 0.8978562421185372 0.7275693311582382 0.017654476670870115
25 0.46900489396411094 0.8827238335435057 0.7226753670473083 0.0201765447667087
25 0.46900489396411094 0.8650693568726355 0.7194127243066885 0.017654476670870115
25 0.4698205546492659 0.849936948297604 0.7210440456769984 0.017654476670870115
25 0.4698205546492659 0.832282471626734 0.7210440456769984 0.017654476670870115
25 0.4698205546492659 0.8165195460277428 0.7210440456769984 0.01639344262295082
25 0.4698205546492659 0.8007566204287516 0.7177814029363785 0.017654476670870115
25 0.46818923327895595 0.7837326607818411 0.7145187601957586 0.021437578814627996
25 0.46818923327895595 0.7604035308953342 0.7145187601957586 0.03026481715006305
25 0.46818923327895595 0.7307692307692307 0.7145187601957586 0.031525851197982346
25 0.46818923327895595 0.7023959646910467 0.7145187601957586 0.03026481715006305
25 0.46900489396411094 0.6796973518284993 0.7161500815660685 0.017654476670870115
25 0.46769983686786293 0.6439092055485498 0.7146166394779772 0.053959646910466584