20 0.49439597315436246 0.5231828978622327 0.7660402684563759 0.2447980997624703
20 0.49290268456375835 0.7072802850356295 0.7600671140939598 0.11992874109263658
28 0.8638255033557047 0.9501187648456056 0.03860738255033557 0.024144893111638952
25 0.14885906040268457 0.9264964370546318 0.06815436241610738 0.015391923990498813
20 0.49137583892617454 0.7938479809976247 0.7543791946308726 0.04866983372921615
25 0.43588926174496645 0.9104275534441806 0.6408892617449665 0.015629453681710214
25 0.49238255033557043 0.8904869358669834 0.7550335570469798 0.027102137767220903
25 0.14971476510067114 0.8703087885985747 0.06969798657718121 0.014465558194774346
25 0.15036912751677853 0.8548218527315914 0.06981543624161074 0.01654394299287411
13 0.4874161073825503 0.1543942992874109 0.7533557046979866 0.14251781472684086
20 0.4949664429530201 0.31353919239904987 0.7684563758389261 0.166270783847981