6 0.505327731092437 0.4519239904988123 0.7390756302521009 0.2556057007125891
6 0.6925882352941176 0.7097743467933492 0.35878991596638654 0.24726840855106888
9 0.6943865546218487 0.8003800475059382 0.34163025210084036 0.05230403800475059
9 0.4979663865546219 0.5539073634204276 0.5930924369747899 0.041163895486935866
13 0.5031260504201681 0.1869833729216152 0.7791764705882354 0.2445605700712589
25 0.5041344537815126 0.8827434679334917 0.7729915966386555 0.07022565320665083
6 0.30680672268907566 0.708895486935867 0.3414117647058823 0.25236342042755344
9 0.3 0.8042517814726841 0.29759663865546215 0.05453681710213777
27 0.8671764705882353 0.9573159144893111 0.035798319327731094 0.019251781472684085
12 0.38499159663865545 0.33387173396674585 0.06714285714285714 0.014251781472684086
12 0.77490756302521 0.33332541567695967 0.10458823529411765 0.013978622327790973