23 0.5033892617449665 0.6408551068883611 0.7765604026845637 0.09326603325415678
23 0.5038926174496644 0.7749643705463183 0.7758557046979866 0.16756532066508315
23 0.49976510067114094 0.47407363420427556 0.7739429530201342 0.09629453681710214
23 0.49706375838926176 0.3620665083135392 0.7713926174496645 0.12169833729216152
29 0.1798993288590604 0.9079572446555819 0.12919463087248323 0.019536817102137765
17 0.4171308724832215 0.5577672209026128 0.5391946308724832 0.022102137767220902
24 0.5025503355704698 0.17439429928741093 0.7806543624161073 0.18922802850356296
29 0.17439597315436242 0.8912945368171021 0.11652684563758389 0.018729216152019
31 0.13553691275167784 0.3113657957244656 0.03958053691275168 0.020522565320665084
31 0.5008053691275168 0.9343467933491687 0.04407718120805369 0.016223277909738716
24 0.5014261744966443 0.2850356294536817 0.7834228187919463 0.025581947743467934