21 0.49973154362416106 0.7344009489916964 0.7763087248322148 0.12465005931198102
21 0.5001342281879194 0.6077224199288256 0.7783053691275168 0.10033214709371292
21 0.4987919463087248 0.3950296559905101 0.7816107382550335 0.09610913404507711
25 0.5049161073825503 0.9025266903914592 0.786996644295302 0.02994068801897983
25 0.5037751677852349 0.8730723606168446 0.7857382550335571 0.02973902728351127
21 0.4979865771812081 0.2936773428232503 0.783003355704698 0.072502965599051
1 0.4992114093959731 0.9889561091340452 0.43605704697986575 0.019655990510083036
21 0.4998825503355705 0.19373665480427046 0.782231543624161 0.09546856465005932
13 0.49755033557046985 0.10377224199288257 0.7776006711409396 0.04587188612099644
27 0.8685402684563758 0.047959667852906285 0.031241610738255036 0.020403321470937128
21 0.5040939597315436 0.5202609727164887 0.7869630872483221 0.050225385527876636
21 0.48186241610738256 0.468552787663108 0.7420973154362417 0.024377224199288255