21 0.5240604026845637 0.3127315914489311 0.6798993288590605 0.14574821852731593
21 0.5236241610738255 0.48641330166270785 0.68001677852349 0.19323040380047504
21 0.5220134228187919 0.6335154394299287 0.6748489932885906 0.09381235154394299
21 0.524748322147651 0.7568052256532066 0.67746644295302 0.09558194774346794
13 0.5208389261744967 0.1343230403800475 0.6804697986577182 0.06723277909738717
28 0.5133053691275168 0.9422446555819477 0.05236577181208054 0.016009501187648458
25 0.5265268456375839 0.8572684085510689 0.6747986577181209 0.02807600950118765
21 0.5231543624161074 0.6919714964370546 0.6754026845637584 0.022850356294536814
25 0.5260402684563759 0.8852850356294536 0.6741610738255034 0.02996437054631829
25 0.5266610738255033 0.8363657957244656 0.6738087248322148 0.017565320665083133
21 0.5188422818791947 0.2046437054631829 0.5730536912751678 0.06395486935866984