20 0.5243697478991597 0.39073634204275537 0.7764705882352941 0.19239904988123516
20 0.5218487394957984 0.21852731591448932 0.7781512605042017 0.14726840855106887
20 0.5243697478991597 0.5522565320665083 0.7764705882352941 0.12826603325415678
25 0.5235294117647059 0.684085510688836 0.7747899159663866 0.0997624703087886
28 0.5235294117647059 0.934085510688836 0.025210084033613446 0.017814726840855107
13 0.5218487394957984 0.12431116389548694 0.7815126050420168 0.052256532066508314
25 0.520890756302521 0.748396674584323 0.7812605042016807 0.032019002375296916
25 0.1850252100840336 0.7659619952494062 0.10532773109243698 0.01668646080760095
25 0.4693949579831933 0.7818052256532066 0.6825042016806723 0.018669833729216153
25 0.5212268907563025 0.8355106888361045 0.7861680672268907 0.09343230403800475
25 0.5229915966386555 0.9025771971496437 0.7938655462184875 0.04643705463182898