20 0.5176174496644296 0.6437054631828979 0.6828859060402684 0.07363420427553444
20 0.5176174496644296 0.7618764845605701 0.6862416107382551 0.11045130641330166
20 0.5192953020134228 0.8770783847980997 0.6795302013422819 0.09144893111638955
23 0.6124161073825504 0.45902612826603323 0.4966442953020134 0.0510688836104513
23 0.6350671140939598 0.1377672209026128 0.4546979865771812 0.03800475059382423
13 0.5184563758389261 0.34085510688836107 0.6812080536912751 0.0688836104513064
23 0.6325503355704698 0.2850356294536817 0.44966442953020136 0.03800475059382423
23 0.6013926174496644 0.6932897862232779 0.5215771812080537 0.029097387173396674
20 0.5184563758389261 0.40320665083135393 0.6812080536912751 0.05344418052256532
30 0.6837248322147651 0.06294536817102138 0.3540268456375839 0.026128266033254157
13 0.5184563758389261 0.5397862232779097 0.6845637583892618 0.11045130641330166
28 0.19043624161073824 0.06294536817102138 0.025167785234899327 0.023752969121140142
13 0.44043624161073824 0.10332541567695962 0.5285234899328859 0.028503562945368172
20 0.5176174496644296 0.21199524940617578 0.6862416107382551 0.10807600950118765
28 0.8355704697986577 0.13598574821852732 0.050335570469798654 0.027315914489311165
28 0.8313758389261745 0.2820665083135392 0.05536912751677853 0.022565320665083134
28 0.8313758389261745 0.45902612826603323 0.05536912751677853 0.02494061757719715
28 0.8290100671140939 0.6961757719714964 0.05986577181208054 0.01963182897862233