27 0.15719467956469166 0.057488597491448114 0.032245062474808545 0.016154503990877995
31 0.5817533252720677 0.05463797035347776 0.5535388956066102 0.016154503990877995
2 0.5011406690850463 0.26890820980615737 0.714764207980653 0.3686801596351197
5 0.4971100362756953 0.42949543899657927 0.7013301088270859 0.053212656784492586
20 0.5004715840386941 0.4950598631698974 0.7161104393389762 0.03420752565564424
19 0.5004715840386941 0.5610974914481186 0.7080491737202741 0.0959720638540479
19 0.5004715840386941 0.6466163055872292 0.713422007255139 0.07696693272519954
6 0.5938452237001209 0.7003050171037628 0.5239822652156388 0.039908779931584946
27 0.8242644095122934 0.6988797035347777 0.060459492140266025 0.016154503990877995
27 0.826279725916969 0.7725199543899658 0.05642885933091495 0.024706385404789054
20 0.41582829504232166 0.7364110604332953 0.5495082627972592 0.015202394526795894
20 0.4991253526803708 0.8494868871151653 0.7107335751713019 0.10452394526795895
6 0.5985489721886336 0.773945267958951 0.5253244659411528 0.044660775370581524