21 0.4979834254143647 0.78775390625 0.6852900552486187 0.12642578125
21 0.49823204419889505 0.255380859375 0.6844475138121547 0.122646484375
19 0.5026933701657459 0.485078125 0.6718370165745857 0.05068359375
25 0.4956353591160221 0.90265625 0.678853591160221 0.034599609375
27 0.5061187845303867 0.9626171875 0.04223756906077348 0.023251953125
15 0.508756906077348 0.16271484375 0.661146408839779 0.048642578125
31 0.6659668508287293 0.05203125 0.3522237569060773 0.03501953125
13 0.5084668508287292 0.10986328125 0.6647099447513812 0.0537109375
17 0.5291850828729282 0.350341796875 0.612914364640884 0.0537109375
21 0.49810773480662984 0.421142578125 0.6854281767955801 0.07080078125
19 0.5058701657458563 0.604248046875 0.6837016574585635 0.17822265625
17 0.29265193370165743 0.708623046875 0.2779696132596685 0.020751953125
25 0.49205801104972374 0.877080078125 0.6767955801104972 0.018310546875