6 0.5024818694601129 0.5118837275577087 0.7708501208702659 0.35343117697349674
21 0.49438356164383557 0.2938928469649473 0.7747622884770347 0.06581362211456256
21 0.49878726833199033 0.7540951838130521 0.7713698630136986 0.08045027073240239
25 0.506027397260274 0.8818153320034198 0.7711442385173247 0.017819891707039043
21 0.5025785656728445 0.8406611570247934 0.7711039484286866 0.046352237104588204
21 0.49834810636583404 0.22376175548589342 0.7762248186946011 0.06632943858649187
9 0.5028041901692184 0.6187688800227986 0.768795326349718 0.039757765745226555
21 0.5005882352941177 0.1584781989170704 0.7755479452054795 0.04461669991450556
8 0.5012771958098308 0.6668167569108009 0.7676067687348912 0.039943003704759186
21 0.49889605157131345 0.10190367626104303 0.7738275584206286 0.04717013394129382
28 0.8914746172441579 0.9331575947563407 0.03900483481063659 0.015129666571672843
25 0.4976390008058018 0.9122428042177259 0.7612449637389203 0.040940438871473354