11 0.49556809024979853 0.23280216647662486 0.7493956486704271 0.2413540478905359
11 0.33440773569701854 0.5972063854047891 0.410958904109589 0.3544270239452679
9 0.19339242546333602 0.9663625997719498 0.37872683319903305 0.047511402508551875
6 0.4969097502014504 0.5404361459521094 0.9938235294117648 0.9126653363740023
28 0.1584730056406124 0.12876567844925882 0.048348106365834004 0.03040763968072976
28 0.1625020145044319 0.4390079817559863 0.040290088638195005 0.03135689851767389
12 0.16116035455278002 0.2508551881413911 0.03491941982272361 0.11212371721778791
12 0.16116035455278002 0.6086088939566705 0.03491941982272361 0.15108323831242873
12 0.2202538275584206 0.6893757126567844 0.03491941982272361 0.07886830102622577
12 0.22159548751007252 0.5439937286202965 0.04297743755036261 0.06176453819840365
12 0.3229935535858179 0.44564709236031924 0.1222119258662369 0.02280501710376283
12 0.4606486704270749 0.4484977194982896 0.064464141821112 0.020903648802736603
12 0.3612691377921031 0.13825541619156215 0.1342989524576954 0.02565564424173318
12 0.6923166800966962 0.13825541619156215 0.0658058017727639 0.021855758266818702