31 0.2231962918178154 0.06554573952693075 0.17634018540910923 0.017098888572242805
27 0.8091495364772269 0.06412083214591052 0.036275695284159616 0.009974351667141636
6 0.4811567916162838 0.30813622114562556 0.6902458686013704 0.4324593901396409
9 0.4836759371221282 0.47128811627244227 0.532043530834341 0.10330578512396695
8 0.2619911326078194 0.4014676546024508 0.08061265618702136 0.019236249643773153
8 0.4846835953244659 0.3993302935309205 0.17331721080209592 0.01781134226275292
8 0.7033454252317614 0.40396124251923626 0.16122531237404272 0.02707324023938444
13 0.47964530431277713 0.5767312624679396 0.6831922611850061 0.06625819321744086
21 0.4771261588069327 0.7327586206896551 0.6781539701733172 0.0847819891707039
21 0.4826682789197904 0.8513821601595897 0.675130995566304 0.06697064690795099
17 0.25141072148327287 0.6444143630664007 0.23478436114469972 0.01781134226275292
17 0.19397420395002016 0.6761185522941009 0.12998790810157196 0.021373610715303505
17 0.2786174929463926 0.8007979481333714 0.2730753728335349 0.014249073810202337
10 0.6212212817412334 0.9108720433171844 0.4040709391374446 0.04060986035907666
27 0.7990729544538493 0.9090909090909091 0.046352277307537285 0.019948703334283273