10 0.6132596685082873 0.125166015625 0.528646408839779 0.0314453125
10 0.48382596685082874 0.255400390625 0.7908839779005525 0.141865234375
24 0.48838397790055244 0.1585546875 0.8049171270718232 0.035185546875
10 0.5232044198895027 0.44408203125 0.7156906077348066 0.10384765625
24 0.4871270718232044 0.344580078125 0.7981353591160222 0.025263671875
10 0.493439226519337 0.776875 0.7728591160220993 0.145869140625
24 0.4811187845303867 0.096845703125 0.8011049723756906 0.027666015625
20 0.4500414364640884 0.371904296875 0.5824171270718232 0.027666015625
20 0.4822790055248619 0.528974609375 0.8034116022099447 0.068359375
10 0.6123342541436464 0.613603515625 0.5432734806629834 0.110673828125
24 0.4822790055248619 0.687666015625 0.7941988950276243 0.037431640625
24 0.4811187845303867 0.87890625 0.8057044198895028 0.05859375
24 0.10704419889502763 0.464677734375 0.07136740331491713 0.030927734375
31 0.5064502762430939 0.9521484375 0.05064917127071823 0.035810546875
31 0.8466850828729282 0.125 0.049723756906077346 0.015625
31 0.8487569060773481 0.25244140625 0.04281767955801105 0.0205078125
31 0.8473756906077348 0.40625 0.04558011049723757 0.021484375
31 0.8480662983425414 0.61083984375 0.03591160220994475 0.0205078125
31 0.8535911602209945 0.7734375 0.04419889502762431 0.021484375