23 0.5026519337016575 0.602919921875 0.7733149171270718 0.185654296875
23 0.5023618784530386 0.414658203125 0.7715331491712708 0.10177734375
23 0.5043508287292817 0.77859375 0.7746132596685084 0.102216796875
23 0.5094475138121547 0.89111328125 0.776988950276243 0.073916015625
17 0.40107734806629836 0.70873046875 0.5748342541436464 0.0246484375
17 0.4937845303867403 0.479736328125 0.7700276243093923 0.0244140625
17 0.35911602209944754 0.286865234375 0.5214088397790055 0.0439453125
17 0.17783149171270718 0.247802734375 0.1484806629834254 0.029296875
25 0.2848756906077348 0.33935546875 0.3453038674033149 0.0439453125
6 0.30214088397790057 0.123291015625 0.4074585635359116 0.10498046875
12 0.39279005524861876 0.10986328125 0.20200276243093923 0.06591796875
17 0.8123342541436464 0.176396484375 0.16056629834254144 0.025634765625
28 0.8658563535911602 0.211181640625 0.053522099447513814 0.0244140625