19 0.4991253526803708 0.10594925883694413 0.7644780330511891 0.046559293044469784
19 0.4950947198710197 0.15393386545039908 0.7698508665860541 0.04940992018244014
19 0.4930794034663442 0.20714652223489166 0.7685086658605401 0.04561003420752566
19 0.5038291011688835 0.257981755986317 0.77925433293027 0.044660775370581524
19 0.5045022168480452 0.34635119726339797 0.7832849657396211 0.11877708095781073
19 0.5065175332527208 0.4318700114025085 0.7926924627166465 0.04846066134549601
19 0.38492543329302703 0.4694042189281642 0.5683192261185006 0.02280501710376283
19 0.38156791616283753 0.4945838084378563 0.5481660620717452 0.021855758266818702
19 0.24116485288190248 0.5164395667046751 0.27005239822652155 0.019954389965792473
19 0.23377670294236194 0.5444697833523375 0.2606489318823055 0.028506271379703536
2 0.5233091495364772 0.7435376282782212 0.7671624345022168 0.3240222348916762
27 0.5125634824667473 0.9331043329532497 0.05239822652156389 0.015202394526795894