31 0.8158531665994353 0.03562268452550584 0.12303348124243646 0.03134796238244514
17 0.5223880597014925 0.09618124821886577 0.31867688584106496 0.029923055001424906
17 0.33884630899556273 0.2757195782274152 0.3509479628882614 0.024223425477343973
17 0.20471964501815249 0.7238529495582787 0.18757563533682936 0.028498147620404674
21 0.49415086728519564 0.19734967227130237 0.7785397337636144 0.08121972071815332
21 0.49314239612747074 0.3255913365631234 0.7845905607099637 0.047021943573667714
21 0.5012101653892699 0.8114847534910231 0.7845905607099637 0.1268167569108008
6 0.4870915691811214 0.5371900826446281 0.7966922146026624 0.3305785123966942
9 0.25211778943122226 0.6511826731262468 0.2944735780556676 0.022798518096323737
8 0.49314239612747074 0.6796808207466515 0.772488906817265 0.03134796238244514
12 0.17194433239209359 0.41251068680535763 0.06756756756756757 0.018523795953263037
12 0.17597821702299316 0.469506982046167 0.045381202097620005 0.018523795953263037
12 0.16387656313029447 0.5478768880022798 0.06756756756756757 0.014249073810202337
27 0.4891085114965712 0.963237389569678 0.06252521177894312 0.017098888572242805