23 0.5035359116022099 0.73640625 0.783024861878453 0.2617578125
6 0.49969613259668505 0.403798828125 0.7814226519337016 0.3566015625
24 0.49738950276243094 0.083125 0.7794475138121547 0.104853515625
9 0.4976519337016575 0.536953125 0.7717127071823204 0.07361328125
23 0.508135359116022 0.1816796875 0.7832734806629835 0.082978515625
31 0.5044060773480663 0.943408203125 0.041740331491712704 0.028671875
12 0.5511049723756906 0.294921875 0.13812154696132597 0.044921875
12 0.18024861878453038 0.3125 0.12016574585635359 0.025390625
12 0.35428176795580113 0.236328125 0.034530386740331494 0.015625
12 0.5283149171270718 0.39404296875 0.026243093922651933 0.0224609375
12 0.3680939226519337 0.39453125 0.023480662983425413 0.021484375