31 0.6470588235294118 0.1007270524083611 0.49411764705882355 0.03180854286579824
5 0.4764705882352941 0.8531505604362315 0.7450980392156863 0.040139351711602544
2 0.4946078431372549 0.5082641623750379 0.7813725490196078 0.7559981823689792
4 0.49901960784313726 0.15184792487125115 0.3627450980392157 0.028021811572250834
4 0.4985294117647059 0.5797485610421085 0.3637254901960784 0.024992426537412904
7 0.5024509803921569 0.3487579521357165 0.7480392156862745 0.4354740987579521
7 0.5009803921568627 0.6956225386246592 0.7470588235294118 0.2567403817025144
8 0.34901960784313724 0.22152378067252348 0.08627450980392157 0.02347773401999394
8 0.22303921568627452 0.251438957891548 0.10882352941176471 0.024235080278703424
8 0.38382352941176473 0.2624204786428355 0.07941176470588235 0.02650711905483187
8 0.38480392156862747 0.29990911844895485 0.07745098039215687 0.02272038776128446
8 0.35049019607843135 0.3457285671008785 0.03627450980392157 0.01136019388064223
8 0.28137254901960784 0.35330202968797336 0.10588235294117647 0.021963041502574977
8 0.2068627450980392 0.326037564374432 0.043137254901960784 0.012874886398061194
8 0.4852941176470588 0.28211148136928205 0.11764705882352941 0.029536504089669798
8 0.586764705882353 0.2605271129960618 0.08529411764705883 0.02726446531354135
8 0.582843137254902 0.3029385034837928 0.07352941176470588 0.024235080278703424
8 0.6397058823529411 0.3317176613147531 0.03627450980392157 0.012117540139351712
8 0.717156862745098 0.34118448954862163 0.11470588235294117 0.020448348985156014
8 0.8107843137254902 0.32111481369282036 0.043137254901960784 0.009088155104513784
8 0.788235294117647 0.25068161163283853 0.11176470588235295 0.030293850348379277
4 0.4985294117647059 0.37337170554377463 0.4950980392156863 0.015146925174189639
8 0.30392156862745096 0.39684943956376856 0.18627450980392157 0.018176310209027567
8 0.4019607843137255 0.4244925780066646 0.049019607843137254 0.024992426537412904
8 0.6215686274509804 0.39306270827022116 0.16666666666666666 0.015146925174189639
8 0.492156862745098 0.5422599212359891 0.13333333333333333 0.030293850348379277
8 0.6142156862745098 0.5327930930021205 0.09313725490196079 0.017418963950318084
8 0.7392156862745098 0.5324144198727658 0.13333333333333333 0.018176310209027567
8 0.2235294117647059 0.6634353226295062 0.07450980392156863 0.021205695243865494
8 0.3911764705882353 0.6933504998485307 0.11176470588235295 0.02347773401999394
8 0.25098039215686274 0.798242956679794 0.06666666666666667 0.010602847621932747
8 0.3906862745098039 0.7944562253862466 0.10490196078431373 0.009088155104513784
8 0.6259803921568627 0.7687064525901242 0.14411764705882352 0.01969100272644653
8 0.6666666666666666 0.6297334141169343 0.1 0.01893365646773705
27 0.8735294117647059 0.9307785519539533 0.025490196078431372 0.018176310209027567