7 0.4999585635359116 0.729404296875 0.6211049723756906 0.197490234375
20 0.5088259668508287 0.571357421875 0.7854972375690609 0.10375
33 0.49948895027624307 0.42673828125 0.7774585635359116 0.164091796875
20 0.5032458563535912 0.305478515625 0.774903314917127 0.069521484375
20 0.5011049723756906 0.126796875 0.7633563535911602 0.09298828125
16 0.3761049723756906 0.23099609375 0.4201657458563536 0.026904296875
10 0.5007872928176795 0.816962890625 0.6049723756906077 0.020849609375
28 0.8686740331491712 0.05146484375 0.04243093922651934 0.0241796875
30 0.3055939226519337 0.05126953125 0.39709944751381215 0.0341796875
20 0.5041436464088398 0.8837890625 0.787292817679558 0.05615234375
11 0.4185082872928177 0.67333984375 0.1408839779005525 0.0712890625
11 0.5725138121546961 0.673828125 0.14502762430939226 0.06640625
11 0.4164364640883978 0.76123046875 0.14502762430939226 0.0712890625
11 0.5890883977900553 0.76123046875 0.1505524861878453 0.0771484375
9 0.4164364640883978 0.7021484375 0.13121546961325967 0.015625
9 0.5773480662983426 0.69970703125 0.1298342541436464 0.0146484375
9 0.4164364640883978 0.7890625 0.13950276243093923 0.01171875
9 0.5932320441988951 0.7880859375 0.13121546961325967 0.017578125