6 0.3002095929060863 0.238592191507552 0.38849657396211207 0.3093074950128241
21 0.4960056428859331 0.6196694214876033 0.7762998790810157 0.12418067825591336
21 0.4986013704151552 0.734585351952123 0.7811930673115679 0.10194927329723569
21 0.4964893188230552 0.8586862353946993 0.7808182184602983 0.10226845255058421
17 0.3886618299072954 0.5208606440581363 0.5184562676340185 0.028552294100883443
17 0.5007013301088271 0.46689370190937585 0.7587908101571946 0.03935594186377885
32 0.7821080209592907 0.05441151325163864 0.2086981056025796 0.026816756910800797
9 0.6946473196291818 0.3479253348532345 0.3611043933897622 0.09535480193787405
6 0.6922611850060459 0.24152180108292962 0.3889560661023781 0.3120547164434312
9 0.3063280935106812 0.3448275862068966 0.36275695284159615 0.09119407238529495
28 0.8696090286174929 0.9283271587346823 0.04232164449818621 0.02707324023938444