6 0.5011406690850463 0.12780216647662485 0.5051713018943974 0.12447833523375143
9 0.5045022168480452 0.18338939566704676 0.3372309552599758 0.019005131128848347
21 0.5132325675130995 0.25133124287343217 0.7711930673115679 0.09407069555302167
21 0.5078597339782346 0.3838854047890536 0.7631318016928658 0.04370866590649943
17 0.4971100362756953 0.4323460661345496 0.7389480048367594 0.019005131128848347
21 0.5065175332527208 0.4903078677309008 0.7711930673115679 0.07791619156214366
21 0.5038291011688835 0.7321351197263398 0.7550705360741636 0.037058152793614595
17 0.37014510278113666 0.33827537058152796 0.4930794034663442 0.019005131128848347
17 0.37686416767432485 0.6960290763968073 0.5118903667875857 0.021855758266818702
6 0.5078597339782346 0.6038568985176739 0.4111245465538089 0.13397947548460662
9 0.5085328496573962 0.6575456100342075 0.3587263200322451 0.015202394526795894
9 0.5085328496573962 0.8979475484606614 0.3372309552599758 0.020903648802736603
6 0.5145787988714229 0.8395096921322691 0.3735066505441354 0.1491818700114025
28 0.505844417573559 0.92787913340935 0.065832325675131 0.016154503990877995