23 0.4972039942938659 0.417265625 0.8317403708987161 0.16427734375
23 0.49798858773181165 0.6492578125 0.8300000000000001 0.09958984375
23 0.5017403708987161 0.870185546875 0.8285592011412269 0.114736328125
24 0.5073894436519258 0.117080078125 0.8255634807417974 0.1127734375
17 0.20788873038516403 0.318154296875 0.24932952924393723 0.032666015625
17 0.26295292439372325 0.25689453125 0.35370898716119825 0.03326171875
20 0.25223965763195433 0.52734375 0.2269472182596291 0.031962890625
20 0.27557774607703284 0.734638671875 0.2710413694721826 0.03107421875
31 0.5012268188302426 0.956142578125 0.05057061340941513 0.031962890625
10 0.5271754636233952 0.777255859375 0.3332952924393723 0.0328515625
10 0.5297574893009986 0.566845703125 0.24770328102710412 0.023974609375
10 0.29315263908701855 0.21484375 0.21540656205420827 0.03515625
10 0.6626248216833096 0.2138671875 0.16405135520684735 0.033203125
24 0.5057061340941512 0.21142578125 0.03851640513552068 0.0166015625