6 0.4719250906161901 0.5097323462414579 0.7362867498993154 0.7406577448747153
9 0.4730769230769231 0.16141230068337128 0.7251751913008457 0.043599088838268796
8 0.2011921063229964 0.8338667425968109 0.12329440193314538 0.04054384965831435
8 0.1988038662907773 0.7595358769931663 0.10896093435360452 0.05541002277904328
8 0.19737011679420055 0.7004071753986333 0.09271043093032622 0.034461845102505696
8 0.19737011679420055 0.6558086560364464 0.11756343133306485 0.04122152619589978
8 0.19593636729762384 0.5970187927107061 0.05734595247684252 0.019595671981776763
8 0.1988038662907773 0.5267425968109339 0.0592589609343536 0.020948177676537585
8 0.1988038662907773 0.4524117312072893 0.0554369714055578 0.023650341685649202
8 0.19641562625855818 0.3841600227790433 0.043008457511075314 0.020948177676537585
8 0.19211437776882803 0.30949031890660594 0.05734595247684252 0.021623006833712984
8 0.20167136528393073 0.24157744874715262 0.07072895690696739 0.03851651480637813
31 0.4931856625050342 0.0780495444191344 0.7015465163109142 0.023650341685649202
27 0.12807490938380992 0.07737186788154898 0.024848973016512284 0.01689350797266515
11 0.4750261780104712 0.24212129840546698 0.6570157068062826 0.07317198177676539
11 0.4721184051550544 0.31447038724373577 0.6535239629480467 0.06988325740318907
11 0.4831655255739026 0.38599658314350793 0.6500362464760371 0.06330580865603645
11 0.4837494965767217 0.455879840546697 0.6418968989126057 0.0682374715261959
11 0.47444623439387834 0.5237072892938497 0.6465485300040275 0.06741457858769931
11 0.4756101490132904 0.5944105922551254 0.6512001610954491 0.06577164009111618
11 0.4680507450664519 0.6589493166287016 0.6616673378977044 0.04357346241457859
11 0.46921465968586384 0.702112756264237 0.6686427708417237 0.04603929384965831
11 0.4715384615384615 0.7600740318906606 0.6546878775674587 0.06988325740318907
11 0.4727023761578735 0.8316002277904327 0.6639911397503021 0.07317198177676539