13 0.6141999193873438 0.7976453819840365 0.6800362756952842 0.16560148232611174
9 0.49181781539701735 0.5911402508551881 0.8763401854091092 0.19193557582668186
32 0.2985006045949214 0.910199543899658 0.4900604594921402 0.024224629418472064
28 0.917875856509472 0.9101596351197264 0.06142281338170092 0.020282212086659066
6 0.49177347843611446 0.4042217787913341 0.8757758968158001 0.5752337514253136
6 0.15010076582023377 0.08675313568985177 0.18614671503426036 0.031961231470923605
32 0.8968399838774688 0.09017673888255416 0.09145908907698508 0.011413911060433294
28 0.09673518742442563 0.12827822120866592 0.012091898428053204 0.01710376282782212
28 0.51440951229343 0.12827822120866592 0.01713018943974204 0.01710376282782212
28 0.09522370012091898 0.2633266818700114 0.01713018943974204 0.016391106043329533
28 0.22168480451430875 0.26225769669327254 0.018137847642079808 0.015678449258836945
28 0.3577186618299073 0.2636830102622577 0.02015316404675534 0.019954389965792473
28 0.5038291011688835 0.2633266818700114 0.018137847642079808 0.01781641961231471
28 0.6408706166868199 0.26225769669327254 0.02418379685610641 0.01710376282782212
28 0.7713623538895606 0.2629703534777651 0.02720677146311971 0.019954389965792473
28 0.09673518742442563 0.3502708095781072 0.02015316404675534 0.02636830102622577
28 0.30128980249899234 0.3506271379703535 0.02015316404675534 0.019954389965792473
11 0.28137041515517935 0.18339794754846067 0.40134623135832326 0.13241163055872293
11 0.713385731559855 0.18606043329532498 0.4239419588875453 0.13469498289623716
11 0.8312051592099959 0.29868586088939564 0.14741233373639662 0.08599201824401369
11 0.692938331318017 0.29602337514253135 0.13342200725513906 0.08370866590649942
11 0.5632809351068118 0.2952622576966933 0.1409552599758162 0.0806641961231471
11 0.42017734784361144 0.2948831242873432 0.14741233373639662 0.07990307867730902
11 0.27975816203143894 0.2952622576966933 0.137726723095526 0.07914196123147092
11 0.14579604997984685 0.29412200684150513 0.12804514308746473 0.08446978335233751
11 0.18453446191051995 0.4029418472063854 0.2033615477629988 0.13621721778791335
11 0.39542926239419585 0.4078876852907639 0.21627569528415963 0.1491533637400228