19 0.5013623538895607 0.3241448118586089 0.7744941555824264 0.22374572405929305
5 0.7788190245868601 0.569800456100342 0.21312777106005643 0.24040763968072976
20 0.5018782748891576 0.849230330672748 0.7731156791616284 0.11736887115165337
20 0.5018218460298267 0.10845781071835804 0.7733252720677146 0.06130843785632839
31 0.16043933897621926 0.051325541619156215 0.10158806932688431 0.017100912200684153
13 0.42652156388553003 0.16364880273660207 0.6065296251511487 0.025088369441277084
27 0.830447400241838 0.9362001140250855 0.09716243450221684 0.021029076396807296
2 0.5062273276904474 0.605572976054732 0.7752519145505845 0.32460946408209806
8 0.18706166868198307 0.4749800456100342 0.10606610237807335 0.026596351197263397
8 0.4638008867392181 0.4760034207525655 0.262273276904474 0.01909350057012543
8 0.459943571140669 0.5384007981755986 0.38376864167674324 0.04159920182440137
8 0.4758524788391777 0.608643101482326 0.3558041112454655 0.026596351197263397
8 0.4811567916162838 0.6764965792474344 0.33941555824264413 0.027277651083238312
8 0.4961023780733575 0.7399173318129989 0.31916565900846433 0.028643101482326114
8 0.19043933897621929 0.5384007981755986 0.12245868601370415 0.026596351197263397