2 0.4987988714228134 0.43584378563283926 0.7845667069729948 0.7268015963511972
27 0.4993268843208383 0.9371465222348917 0.03650544135429262 0.020698403648802738
20 0.4957678355501814 0.858751425313569 0.7738814993954051 0.1040478905359179
31 0.2266868198307134 0.04718072976054732 0.11300282144296656 0.019258836944127708
31 0.7624264409512294 0.05199543899657925 0.13887142281338172 0.021183010262257697
27 0.16201531640467554 0.0943643101482326 0.04629181781539701 0.01540763968072976
27 0.5262112051592099 0.0943643101482326 0.05037484885126965 0.023110034207525654
27 0.522124143490528 0.26527651083238313 0.031313986295848445 0.01829532497149373
27 0.15793228536880288 0.2681641961231471 0.03539701733172108 0.022146522234891674
27 0.13887142281338172 0.42800456100342077 0.040842402257154374 0.01636830102622577
27 0.13819024586860137 0.5671436716077537 0.02586860137041516 0.019258836944127708
5 0.5030632809351068 0.7626083238312429 0.7801249496170899 0.07895667046750286
7 0.47515517936316 0.4896294184720638 0.7297501007658203 0.1434720638540479
7 0.4778798871422813 0.6302109464082098 0.7379201934703749 0.1453962371721779
7 0.6575937122128174 0.3317160775370582 0.3267553405884724 0.16080387685290765
7 0.29135429262394197 0.3307525655644242 0.31313986295848445 0.16657924743443558
7 0.3036074163643692 0.1564709236031927 0.3567069729947602 0.15694982896237172
7 0.6575937122128174 0.1641733181299886 0.3349214026602177 0.16850627137970353