21 0.5066850828729281 0.255556640625 0.767914364640884 0.0938671875
25 0.2154558011049724 0.919443359375 0.17189226519337017 0.022529296875
19 0.5134806629834254 0.378095703125 0.750096685082873 0.05638671875
21 0.5073480662983425 0.17802734375 0.7741160220994475 0.07279296875
32 0.6844060773480662 0.065341796875 0.40331491712707185 0.02083984375
21 0.5020303867403315 0.609208984375 0.7766160220994475 0.05783203125
17 0.22132596685082875 0.11498046875 0.20948895027624306 0.029482421875
19 0.5191022099447513 0.47515625 0.7480939226519338 0.0519921875
19 0.523646408839779 0.788359375 0.7444475138121547 0.071162109375
19 0.5203729281767956 0.674345703125 0.7443508287292817 0.058662109375
19 0.5209806629834254 0.535556640625 0.7483563535911602 0.072373046875
19 0.5196823204419889 0.72736328125 0.7452624309392266 0.051806640625
21 0.5024171270718232 0.322880859375 0.7665745856353591 0.040283203125
19 0.513646408839779 0.426640625 0.75103591160221 0.052490234375
28 0.13294198895027623 0.068359375 0.034530386740331494 0.01953125