6 0.510149133413946 0.20899657924743442 0.7534623135832326 0.27509977194982893
23 0.4982627972591697 0.842497149372862 0.7733655783958081 0.07490877993158494
23 0.509161628375655 0.5733295324971494 0.7782023377670294 0.41696978335233753
29 0.3764167674324869 0.9076596351197264 0.5183675937122127 0.02751425313568985
35 0.541894397420395 0.04857468643101483 0.6351309955663039 0.026180159635119726
31 0.12998790810157196 0.05131128848346636 0.03829101168883515 0.01710376282782212
31 0.3184199919387344 0.2864880273660205 0.04030632809351068 0.02280501710376283
31 0.6942765014107215 0.2857753705815279 0.03829101168883515 0.024230330672748004
11 0.32522773075372835 0.1873945267958951 0.3883595324465941 0.2246037628278221
11 0.7040225715437324 0.1877337514253136 0.3692301491334139 0.2225741163055872
9 0.5069729947601773 0.3267559863169897 0.7001975010076582 0.041944127708095774