7 0.5155110497237569 0.30173828125 0.8083149171270718 0.247001953125
20 0.5022790055248618 0.562578125 0.8174723756906077 0.1188671875
20 0.49946132596685083 0.74392578125 0.8244475138121546 0.2259375
20 0.5020027624309392 0.114326171875 0.8187292817679558 0.088935546875
16 0.3885497237569061 0.45560546875 0.5481353591160222 0.03337890625
10 0.4979972375690608 0.405068359375 0.6176657458563536 0.03091796875
28 0.5009806629834254 0.952685546875 0.046767955801104974 0.02107421875
30 0.3146685082872928 0.047939453125 0.44337016574585636 0.026240234375
21 0.8401381215469613 0.052275390625 0.13270718232044199 0.02275390625
11 0.3078176795580111 0.284599609375 0.3749033149171271 0.19810546875
11 0.7300690607734808 0.283896484375 0.3749033149171271 0.20228515625
1 0.47059392265193367 0.927041015625 0.787292817679558 0.020927734375