23 0.270149133413946 0.7257155074116305 0.41854091092301493 0.20789623717217787
23 0.7195122934300685 0.7525798175598633 0.4182627972591697 0.2601539338654504
23 0.6430592503022975 0.488266818700114 0.5739701733172108 0.11061858608893957
23 0.6422531237404273 0.4086259977194983 0.5749455864570738 0.05091220068415051
17 0.12590890769850865 0.603745724059293 0.12272470777912133 0.020835233751425316
35 0.48992744860943166 0.06473204104903078 0.19261588069326885 0.020718358038768533
22 0.13553405884723901 0.5086944127708096 0.1379645304312777 0.08255416191562144
29 0.26776299879081017 0.87846921322691 0.4106328093510681 0.07944982896237171
24 0.7201047964530431 0.6073888255416191 0.4159048770656993 0.02805017103762828
17 0.15919790407093914 0.3665193842645382 0.1845707376058041 0.014218928164196124
6 0.871975010076582 0.13804161915621438 0.11330511890366789 0.11192417331812998
22 0.1843329302700524 0.4131613454960091 0.2428980249899234 0.06541049030786773
23 0.3717412333736396 0.30876567844925884 0.6198831116485288 0.05889110604332953
17 0.4976783555018138 0.10117160775370582 0.2862273276904474 0.01934720638540479
6 0.12264812575574366 0.1385005701254276 0.12592099959693673 0.09773090079817559
17 0.5045022168480452 0.13792189281641962 0.23712212817412331 0.021396807297605475
17 0.49673115679161634 0.17204104903078676 0.4521684804514308 0.02023945267958951
17 0.45094316807738816 0.24692987457240592 0.7694236195082628 0.046262827822120864
17 0.42068923821039905 0.365478905359179 0.13328093510681177 0.01734891676168757
22 0.8017210802095929 0.5531328392246294 0.25266021765417174 0.019082098061573547