6 0.5110358726320032 0.33866590649942985 0.7426158806932689 0.4769897377423033
23 0.5171906489318824 0.789141961231471 0.7448045143087464 0.12308722919042189
24 0.5187343812978638 0.6352508551881414 0.7419145505844418 0.07762542759407069
9 0.5107335751713019 0.5244840364880274 0.7384764207980653 0.0935290763968073
17 0.3801813784764208 0.7046066134549601 0.4636316001612253 0.027021094640820982
31 0.16122531237404272 0.9328677309007982 0.028214429665457477 0.021379703534777653
31 0.17769850866586054 0.12016818700114025 0.058053204353083435 0.020028506271379705
31 0.5522128174123337 0.11966932725199544 0.04247883917775091 0.01902793614595211
31 0.5500886739218057 0.299421322690992 0.04106408706166868 0.02202964652223489
31 0.17840790004030632 0.3014224629418472 0.04530834340991535 0.024033637400228052
11 0.3228335348649738 0.37052166476624854 0.3483192261185006 0.17224059293044472
11 0.6916848045143087 0.3690193842645382 0.3554010479645304 0.1712400228050171
11 0.6952237001209189 0.18776510832383123 0.35964933494558643 0.16723489167616876
11 0.32070939137444576 0.18776510832383123 0.35256751309955664 0.16923888255416192