6 0.4803921568627451 0.24007876401090578 0.7470588235294118 0.293850348379279
9 0.48284313725490197 0.3207361405634656 0.7441176470588236 0.10830051499545593
27 0.153921568627451 0.11019388064222962 0.029411764705882353 0.021963041502574977
27 0.36911764705882355 0.1071644956073917 0.04019607843137255 0.021963041502574977
27 0.5926470588235294 0.11132990003029385 0.03431372549019608 0.01969100272644653
11 0.22647058823529412 0.18138442896092094 0.19019607843137254 0.16585883065737655
11 0.44950980392156864 0.1791123901847925 0.22254901960784312 0.17040290820963344
11 0.7024509803921568 0.17986973644350196 0.2656862745098039 0.1688882156922145
6 0.4857843137254902 0.6604059375946683 0.7754901960784314 0.504392608300515
9 0.48676470588235293 0.8573159648591336 0.746078431372549 0.10754316873674644
27 0.1642156862745098 0.41919115419569825 0.024509803921568627 0.01893365646773705
27 0.16323529411764706 0.6388215692214481 0.022549019607843137 0.01893365646773705
11 0.4852941176470588 0.5206755528627689 0.6705882352941176 0.22341714631929718
11 0.4872549019607843 0.7175855801272342 0.6803921568627451 0.17494698576189033
27 0.5004901960784314 0.9330505907300818 0.05392156862745098 0.012117540139351712