13 0.49979846835953246 0.24472784269022513 0.7779121322047562 0.3213166144200627
6 0.5038291011688835 0.6262467939583927 0.8041112454655381 0.4060986035907666
9 0.5023176138653769 0.7580507267027643 0.786981056025796 0.1353662011969222
8 0.19145505844417574 0.44314619549729267 0.060459492140266025 0.028498147620404674
8 0.3531841999193873 0.4470646907950983 0.06348246674727932 0.02636078654887432
8 0.5073559048770657 0.4470646907950983 0.05743651753325272 0.023510971786833857
8 0.657496977025393 0.44670846394984326 0.05945183393792825 0.025648332858364205
8 0.8182184602982668 0.44563978341407806 0.09875050382910117 0.027785693929894557
8 0.20959290608625555 0.5745939013964092 0.09068923821039904 0.02493587916785409
8 0.3667875856509472 0.5738814477058991 0.09270455461507457 0.02493587916785409
8 0.5199516324062878 0.573168994015389 0.09875050382910117 0.02493587916785409
8 0.6680773881499396 0.5745939013964092 0.09068923821039904 0.02493587916785409
8 0.8237605804111245 0.573168994015389 0.08968158000806127 0.02636078654887432
11 0.19246271664651352 0.493730407523511 0.15719467956469166 0.1310914790538615
11 0.3511688835147118 0.49230550014249075 0.15417170495767835 0.12824166429182104
11 0.5048367593712213 0.49408663436876604 0.14913341394598953 0.12895411798233114
11 0.657496977025393 0.49408663436876604 0.15417170495767835 0.12752921060131092
11 0.8116686819830713 0.4933741806782559 0.15618702136235388 0.1303790253633514
11 0.19246271664651352 0.6216158449700769 0.1592099959693672 0.12895411798233114
11 0.3496573962112052 0.6233969791963523 0.15114873035066506 0.12824166429182104
11 0.5038291011688835 0.622328298660587 0.15517936316001613 0.1318039327443716
11 0.6600161225312374 0.621972071815332 0.14913341394598953 0.1268167569108008
11 0.813180169286578 0.621972071815332 0.1531640467553406 0.12539184952978055
28 0.8675937122128174 0.9514819036762611 0.03829101168883515 0.01353662011969222