9 0.77548 0.15176666666666666 0.4013022222222222 0.13644666666666666
6 0.5 0.5 1 1
8 0.14074222222222224 0.315 0.24592444444444447 0.03666666666666667
8 0.43703555555555557 0.31889 0.18666666666666668 0.03333333333333333
8 0.4281466666666667 0.3894433333333333 0.21925777777777777 0.056666666666666664
8 0.4792577777777777 0.5794433333333333 0.27111111111111114 0.05889
8 0.9177777777777778 0.9194433333333333 0.16147999999999998 0.09666666666666666
8 0.07555555555555556 0.935 0.14222222222222222 0.11444333333333333
11 0.4166666666666667 0.17166666666666666 0.2822222222222222 0.3433333333333333
11 0.13666666666666666 0.16833333333333333 0.2688888888888889 0.33666666666666667
11 0.6711111111111111 0.4875 0.6577777777777778 0.3416666666666667
11 0.27 0.49916666666666665 0.5355555555555556 0.32166666666666666
11 0.7322222222222222 0.83 0.5266666666666666 0.34
11 0.23555555555555555 0.83 0.4533333333333333 0.34