13 0.5010399032648125 0.7559378563283923 0.7269931479242241 0.3132582668187001
10 0.508347440548166 0.5259692132269099 0.720987505038291 0.11659920182440137
7 0.5192019347037485 0.3948346636259977 0.4874607013301089 0.13882554161915622
28 0.5004635227730754 0.9361003420752566 0.030197501007658202 0.020946408209806158
7 0.506739218057235 0.31960091220068415 0.7476058041112454 0.5394697833523375
9 0.37161225312374047 0.10344355758266818 0.1768762595727529 0.025259407069555304
9 0.6356549778315195 0.1022405929304447 0.18623135832325677 0.022853477765108324
9 0.6360781942765014 0.3103306727480046 0.19558645707376057 0.02646237172177879
9 0.37161225312374047 0.31123432155074116 0.17857718661829908 0.02225199543899658
28 0.2568117694478033 0.2943956670467503 0.027210802095929063 0.02225199543899658
28 0.25893994357114064 0.08810718358038767 0.03486497380088674 0.02225199543899658
11 0.4987908101571947 0.1717502850627138 0.5783958081418783 0.21807297605473205
11 0.5038291011688835 0.3727194982896237 0.6005642885933091 0.19241733181299886