15 0.5043922651933702 0.115361328125 0.779889502762431 0.064697265625
15 0.5102348066298343 0.186162109375 0.7887292817679558 0.072021484375
15 0.5104419889502763 0.259404296875 0.7850690607734806 0.067138671875
15 0.5025276243093922 0.3271484375 0.7767403314917127 0.0732421875
15 0.5040469613259668 0.388798828125 0.7874861878453039 0.047607421875
15 0.5004972375690608 0.450439453125 0.7911464088397789 0.07080078125
15 0.503950276243094 0.521240234375 0.7911464088397789 0.068359375
15 0.5014088397790055 0.606083984375 0.7858563535911602 0.098876953125
15 0.4996823204419889 0.67810546875 0.7858563535911602 0.045166015625
15 0.4979972375690608 0.725712890625 0.7857596685082873 0.047607421875
15 0.4943508287292818 0.786748046875 0.7827071823204419 0.072021484375
15 0.4997790055248618 0.845341796875 0.7891160220994475 0.045166015625
15 0.5039917127071823 0.894169921875 0.7944889502762431 0.047607421875
28 0.4998342541436464 0.934453125 0.03970994475138122 0.015869140625
30 0.7044198895027625 0.054326171875 0.3763812154696133 0.030517578125
28 0.07026243093922652 0.497470703125 0.04197513812154696 0.84265625