15 0.4869152970922882 0.43384765625 0.7581415929203541 0.0919921875
15 0.48646017699115046 0.254482421875 0.7592541087231354 0.05595703125
15 0.4911757269279393 0.31697265625 0.7664854614412137 0.056240234375
15 0.4905562579013906 0.546513671875 0.7626422250316056 0.055048828125
15 0.48494310998735773 0.156220703125 0.7492161820480404 0.05529296875
15 0.48658659924146647 0.20876953125 0.7547155499367889 0.038955078125
15 0.4923893805309735 0.601005859375 0.7677496839443742 0.05921875
15 0.49039190897597973 0.36 0.7665107458912768 0.03892578125
15 0.49448798988621995 0.771181640625 0.7725158027812894 0.07220703125
15 0.49278128950695327 0.842021484375 0.7756510745891276 0.05880859375
31 0.20759797724399495 0.038369140625 0.18934260429835653 0.026201171875
15 0.48828065739570164 0.0990625 0.7640960809102402 0.057890625
15 0.48817951959544875 0.496298828125 0.7593931731984829 0.043046875
15 0.4955499367888749 0.653681640625 0.7742477876106194 0.036484375
15 0.49352718078381796 0.700966796875 0.7734766118836915 0.056357421875
27 0.8425284450063212 0.03955078125 0.03962073324905183 0.023642578125
1 0.8617825537294563 0.016279296875 0.26548672566371684 0.026044921875
1 0.8354361567635904 0.987138671875 0.2886599241466498 0.017900390625
1 0.09692793931731986 0.98828125 0.1938432364096081 0.0234375