6 0.49532043530834347 0.48683670561413506 0.7084199919387344 0.49557423767455117
31 0.8085449415558242 0.06071530350527216 0.03491334139459895 0.03549444286121402
35 0.32292623941958887 0.06132231404958678 0.3669044740024184 0.02840410373325734
9 0.4797541313986296 0.7066799658022228 0.5204635227730754 0.04933884297520661
8 0.2275211608222491 0.6632516386434881 0.06106005642885933 0.022100313479623823
8 0.4081580008061266 0.6653063550869194 0.064695687222894 0.023129096608720433
8 0.5829746070133011 0.6637646053006555 0.08141475211608223 0.023129096608720433
8 0.7530713422007255 0.6642775719578227 0.06978234582829504 0.02621259618124822
11 0.2317533252720677 0.4802365346252494 0.16760580411124545 0.39135651182673126
11 0.40970576380491736 0.4802365346252494 0.17588472390165255 0.39721003134796234
11 0.5866223297057639 0.4780421772584782 0.1738129786376461 0.3957452265602736
11 0.7573357517130189 0.47913935594186374 0.16760580411124545 0.3979424337418068