19 0.5048367593712213 0.8145153933865451 0.8335268037081822 0.17157924743443556
19 0.4984361144699717 0.23367160775370582 0.8311850060459492 0.16902508551881415
13 0.1975292220878678 0.7018671607753706 0.22395405078597339 0.02725484606613455
31 0.18966948810963322 0.10954960091220069 0.20692865779927447 0.030692702394526795
27 0.448782748891576 0.9235205245153933 0.038436114469971784 0.02169612314709236
2 0.5054292623941959 0.49092075256556444 0.8151511487303507 0.30501425313568986
5 0.49989117291414753 0.6186202964652223 0.48287787182587666 0.023417901938426456
8 0.1719951632406288 0.4989281641961231 0.12141072148327288 0.023417901938426456
8 0.38170092704554615 0.4130644241733181 0.1287666263603386 0.02081527936145952
8 0.502192664248287 0.35256841505131126 0.03679161628375655 0.00910775370581528
8 0.6571704957678356 0.3974515393386545 0.157279322853688 0.014310148232611175
8 0.5730149133413946 0.4306271379703535 0.14164449818621525 0.03252565564424173
8 0.7905360741636437 0.46738027366020524 0.07082224909310762 0.013660205245153934
8 0.5711729141475211 0.46542759407069556 0.06070536074163644 0.014960091220068415
8 0.3476702942361951 0.46542759407069556 0.04966545747682386 0.014960091220068415
8 0.16141878274889157 0.5656043329532497 0.12600967351874245 0.017562713797035348
8 0.5688754534461911 0.5233238312428734 0.06162434502216847 0.011057582668187
8 0.7863966142684401 0.5249486887115166 0.06070536074163644 0.02081527936145952
8 0.6958000806126562 0.55096921322691 0.03771060056428859 0.016912770809578107
8 0.2699516324062878 0.5431641961231471 0.035872632003224506 0.007805017103762827
8 0.42033051189036674 0.544139110604333 0.020233776702942362 0.013660205245153934
8 0.32237807335751717 0.5438141391106044 0.039548569125352685 0.013010262257696694
8 0.280528012898025 0.49470068415051316 0.06806126561870214 0.03187286202964652
8 0.4033172108020959 0.49372576966932724 0.06530431277710601 0.024717787913340932
8 0.34812978637646114 0.5226710376282783 0.08002015316404676 0.012360319270239452
8 0.5261064087061669 0.49372576966932724 0.06806126561870214 0.02081527936145952
8 0.6084240225715437 0.4940507411630559 0.05794437726723095 0.02146522234891676
8 0.7054574768238614 0.49177309007981757 0.05334542523176138 0.013010262257696694
8 0.7863966142684401 0.4920980615735462 0.06070536074163644 0.013660205245153934
8 0.8677992744860944 0.49307582668187 0.048746473196291815 0.014310148232611175