17 0.5028214429665457 0.06520809578107184 0.7577589681580008 0.03634549600912201
38 0.49929463925836354 0.18635974914481185 0.782950423216445 0.13326681870011403
38 0.29020556227327693 0.6085262257696693 0.354695687222894 0.6312514253135689
38 0.6741233373639661 0.6076140250855189 0.36275695284159615 0.6311773090079817
23 0.3320233776702942 0.09870296465222349 0.38593309149536476 0.02066704675028506
23 0.21866182990729544 0.27757981755986316 0.16122531237404272 0.02066704675028506
11 0.17690044336960903 0.2021237172177879 0.10220878677952439 0.0839623717217788
11 0.29640467553405886 0.2021237172177879 0.12422410318419992 0.08507411630558723
11 0.4214147521160822 0.2004532497149373 0.11321644498186215 0.07951539338654504
11 0.5460298266827892 0.2021237172177879 0.12029020556227328 0.08173888255416192
11 0.6572793228536881 0.20240022805017102 0.09120112857718662 0.08562998859749145
11 0.7410116888351471 0.20323546180159635 0.06368399838774688 0.08507411630558723
11 0.8263160016122532 0.20240022805017102 0.09906489318823056 0.08451824401368302
11 0.3485731559854897 0.3340421892816419 0.1475614671503426 0.07313568985176738
11 0.32824264409512294 0.40902793614595206 0.11386940749697702 0.05464652223489167
11 0.348863361547763 0.4725085518814139 0.14698105602579606 0.05423603192702394
11 0.33666666666666667 0.531057582668187 0.11909713825070536 0.06039908779931585
11 0.33695687222893994 0.5844726339794755 0.12781136638452237 0.04478620296465223
11 0.3389883111648529 0.6341875712656785 0.12723095525997583 0.0488939566704675
11 0.3625191455058444 0.706912770809578 0.18009673518742442 0.08094355758266818
11 0.34567110036275694 0.7862115165336374 0.14291414752116083 0.06204104903078677
11 0.3625191455058444 0.8942730900798176 0.17544941555824264 0.048072976054732035
11 0.7486698911729142 0.33253135689851765 0.15527609834744055 0.07159350057012542
11 0.7450060459492139 0.41076396807297605 0.1516122531237404 0.05571835803876853
11 0.7388230552196695 0.4716647662485747 0.13191455058444174 0.0511830102622577
11 0.7388230552196695 0.5285176738882554 0.14382507053607416 0.056043329532497146
11 0.7269125352680371 0.5855330672748005 0.11908907698508665 0.04891676168757127
11 0.7353889560661023 0.6344498289623718 0.13054413542926238 0.051507981755986317
11 0.7527932285368804 0.7109007981755987 0.1653526803708182 0.08973204104903078
11 0.7422571543732366 0.7938312428734322 0.1360378879484079 0.06770524515393386
11 0.740882708585248 0.8927964652223489 0.1351229343006852 0.04470353477765108
31 0.4999516324062878 0.9355558722919042 0.05175735590487707 0.0187884834663626
31 0.6806529625151149 0.9073745724059293 0.014655380894800483 0.014253135689851768
31 0.6808786779524385 0.7659720638540479 0.01694881096332124 0.011986887115165335
31 0.2842160419185812 0.9138511972633979 0.017863764611043935 0.015550171037628277
31 0.2883393792825474 0.8087314709236032 0.017863764611043935 0.01846636259977195
31 0.6822531237404272 0.6772263397947549 0.022442563482466746 0.013246864310148232
31 0.28787988714228135 0.7352309007981757 0.025191455058444175 0.011336944127708097
31 0.6817976622329706 0.6506784492588369 0.017863764611043935 0.013931014823261118
31 0.6840870616686819 0.6049686431014824 0.024276501410721484 0.009395667046750286
31 0.6879806529625152 0.5398574686431015 0.03206368399838774 0.014578107183580389
31 0.28696493349455865 0.6464338654503992 0.01969770253929867 0.01652223489167617
31 0.28627569528415964 0.6031870011402508 0.01740427247077791 0.012309007981755986
31 0.288565094719871 0.553948118586089 0.021068117694478035 0.011661915621436715
31 0.28719467956469164 0.49466647662485747 0.019238210399032646 0.011661915621436715
31 0.6795042321644498 0.48688996579247434 0.01694881096332124 0.017494298745724057
31 0.6817976622329706 0.3910034207525656 0.020612656187021364 0.014900228050171039
31 0.28627569528415964 0.42874287343215506 0.019238210399032646 0.011986887115165335
31 0.6804232164449819 0.3558551881413911 0.01694881096332124 0.01846636259977195
31 0.28787988714228135 0.34403078677309007 0.017863764611043935 0.012958950969213227
31 0.7873760580411124 0.16569840364880273 0.018323256751309955 0.007451539338654504
31 0.7200443369609029 0.16488882554161916 0.013740427247077792 0.010364880273660206
31 0.6199596936719064 0.16488882554161916 0.0160298266827892 0.008423603192702394
31 0.4969770253929867 0.16586088939566707 0.021068117694478035 0.011014823261117445
31 0.4200241837968561 0.16602337514253135 0.02290205562273277 0.010042759407069555
31 0.24367996775493755 0.16488882554161916 0.019238210399032646 0.011014823261117445
31 0.13353083434099156 0.16542759407069557 0.016130592503022977 0.01056442417331813