27 0.1820515920999597 0.05606328392246294 0.03358726320032245 0.01710376282782212
31 0.587130189439742 0.055587229190421895 0.6019064893188231 0.018053021664766248
2 0.5307013301088271 0.2917132269099202 0.7362636033857316 0.40669042189281646
5 0.52801289802499 0.4656014823261117 0.7282023377670295 0.039908779931584946
27 0.243180169286578 0.09882269099201825 0.04030632809351068 0.01710376282782212
27 0.4641958887545345 0.0983466362599772 0.04433696090286175 0.021855758266818702
27 0.6919266424828698 0.09977194982896237 0.042994760177347845 0.02280501710376283
27 0.19615880693268845 0.12685290763968074 0.03761789600967352 0.021855758266818702
27 0.19615880693268845 0.30834378563283926 0.02955663039097138 0.021855758266818702
20 0.5273397823458282 0.5283152793614595 0.7349173720274083 0.03800741163055873
20 0.5246553808948005 0.6005330672748005 0.7322329705763805 0.03040763968072976
19 0.5239822652156388 0.645190992018244 0.7282023377670295 0.05131128848346636
19 0.5219669488109633 0.6884264538198404 0.7268561064087061 0.03135689851767389
20 0.5293550987505038 0.765869441277081 0.714764207980653 0.028506271379703536
19 0.526670697299476 0.8775171037628278 0.7228254735993551 0.08836944127708096
6 0.6415437323659815 0.5706014823261117 0.48770656993147926 0.02565564424173318
27 0.8565094719871019 0.5691761687571266 0.05777106005642887 0.02280501710376283
27 0.8585247883917775 0.7345125427594071 0.053740427247077796 0.020903648802736603
6 0.6388553002821443 0.7335604332953249 0.4957678355501814 0.026604903078677307
13 0.2814711809754132 0.8162286202964653 0.237807335751713 0.020903648802736603