21 0.6322853688029021 0.31364206326588767 0.5190165255945184 0.2195240809347392
21 0.6340104796453043 0.733029353092049 0.5449214026602177 0.18918780279281847
21 0.6257194679564692 0.5600199487033343 0.53894397420395 0.16029068110572814
17 0.2620757758968158 0.14112282701624393 0.27418782748891574 0.029886007409518384
17 0.4125997581620314 0.47054716443431177 0.10561064087061668 0.01793958392704474
25 0.3620515920999597 0.8675434596751211 0.4738129786376461 0.021852379595326307
32 0.748851269649335 0.14837845540039896 0.3095969367190649 0.0181761185522941
28 0.8875735590487708 0.8665374750641208 0.033111648528819024 0.01365631233969792
28 0.5449617089883112 0.9039298945568538 0.048746473196291815 0.02341122827016244
20 0.23270052398226523 0.2058221715588487 0.22074163643692057 0.05917925334853234
20 0.2290205562273277 0.25231974921630096 0.20970576380491737 0.022111712738671987
17 0.43933897621926643 0.19378740381875179 0.1370415155179363 0.019948703334283273