6 0.5165941152760983 0.2788854047890536 0.8047843611446998 0.4228420752565564
9 0.5105481660620718 0.4565763968072976 0.7926924627166465 0.05416191562143672
27 0.2142966545747682 0.2323261117445838 0.036275695284159616 0.019954389965792473
27 0.4037363966142684 0.2323261117445838 0.036275695284159616 0.018053021664766248
27 0.5985489721886336 0.23470068415051312 0.036275695284159616 0.02280501710376283
27 0.7893309149536477 0.23470068415051312 0.03358726320032245 0.019005131128848347
27 0.21496573962112053 0.41001425313568984 0.03761789600967352 0.018053021664766248
27 0.40037484885126967 0.41001425313568984 0.032245062474808545 0.019954389965792473
27 0.5958605401047964 0.40858893956670467 0.028214429665457477 0.026604903078677307
27 0.7866465135026199 0.41001425313568984 0.036275695284159616 0.023754275940706955
11 0.2250423216444982 0.15963511972633979 0.18137847642079807 0.1729389965792474
11 0.41448206368399837 0.15915906499429877 0.2001894397420395 0.17578962371721776
11 0.6106408706166868 0.16058437856328395 0.16794437726723097 0.1729389965792474
11 0.8041112454655381 0.15868586088939565 0.19481257557436518 0.169136259977195
11 0.22235792019347037 0.3368500570125428 0.17062877871825877 0.17388825541619157
11 0.4178436114469972 0.3354247434435576 0.2069044740024184 0.1748375142531357
11 0.6139983877468762 0.3373232611174458 0.18003627569528416 0.17673888255416192
11 0.7987384119306732 0.3373232611174458 0.19481257557436518 0.17864025085518814
13 0.5132325675130995 0.5188141391106044 0.8034381297863764 0.039908779931584946
21 0.16122531237404272 0.5454190421892816 0.053740427247077796 0.024706385404789054
13 0.5098750503829101 0.6637200684150513 0.8101571946795647 0.050362029646522234
10 0.5864570737605804 0.5962571265678449 0.654304715840387 0.06936431014823262
10 0.5857839580814187 0.8238312428734321 0.6556509471987102 0.05131128848346636
10 0.5239822652156388 0.7273859749144812 0.7819427650141072 0.06936431014823262
27 0.8719588875453446 0.5915051311288484 0.06717855703345425 0.023754275940706955
27 0.869943571140669 0.7307098061573546 0.06314792422410317 0.024706385404789054
27 0.8746473196291817 0.8247805017103763 0.06717855703345425 0.020903648802736603
13 0.4198589278516727 0.7824971493728621 0.6301209189842805 0.029455530216647662
13 0.511217251108424 0.8746664766248574 0.8047843611446998 0.04085803876852908
21 0.46218057234985893 0.9007981755986317 0.7120798065296252 0.01710376282782212
27 0.5159209995969367 0.9658865450399088 0.04567916162837565 0.021855758266818702