21 0.5003869407496977 0.8107867730900797 0.7259613059250302 0.18436716077537058
9 0.498174123337364 0.5673745724059293 0.7287666263603385 0.12687856328392247
25 0.42056025796049984 0.9709321550741163 0.6017089883111648 0.037058152793614595
13 0.5017412333736396 0.18186431014823262 0.7324264409512293 0.0594327251995439
17 0.33098347440548165 0.69981755986317 0.3884119306731157 0.025185290763968072
6 0.4978677952438533 0.427311858608894 0.7353808948004836 0.41501710376282785
28 0.8446110439338976 0.9354646522234892 0.030209592906086255 0.019774800456100344
28 0.8345062474808544 0.6677023945267959 0.04478436114469972 0.020692702394526797
10 0.6322128174123337 0.6687001140250856 0.4470697299476018 0.02854618015963512
32 0.7267593712212818 0.10563283922462942 0.2821644498186215 0.019387115165336376
11 0.3063280935106812 0.3598916761687571 0.3264812575574365 0.2836374002280502
11 0.662031438935913 0.28506271379703535 0.21160822249093109 0.12827822120866592
11 0.6811769447803305 0.40265108323831245 0.34260378879484077 0.14965792474344355
28 0.2166465135026199 0.3085803876852908 0.026199113260781944 0.018529076396807297
28 0.7507053607416364 0.24729190421892816 0.03829101168883515 0.024230330672748004
28 0.8393792825473599 0.40763968072976053 0.026199113260781944 0.03420752565564424