35 0.21966948810963322 0.0651840490797546 0.27005239822652155 0.018404907975460124
31 0.8922813381700927 0.06671779141104295 0.039298669891172915 0.01687116564417178
6 0.49929463925836354 0.40299079754601225 0.8313180169286578 0.6127300613496932
11 0.4952640064490125 0.28642638036809814 0.7386134623135833 0.37806748466257667
31 0.17533252720677148 0.4662576687116564 0.022168480451430876 0.02147239263803681
8 0.27055622732769047 0.46587423312883436 0.16021765417170497 0.020705521472392636
8 0.1838976219266425 0.6154141104294478 0.12998790810157196 0.014570552147239263
8 0.45747682386134625 0.6142638036809815 0.13905683192261184 0.01687116564417178
8 0.73559048770657 0.6165644171779141 0.16928657799274485 0.01687116564417178
31 0.10479645304312778 0.6142638036809815 0.02015316404675534 0.019938650306748466
31 0.3733373639661427 0.6180981595092024 0.019145505844417574 0.02607361963190184
31 0.639862958484482 0.6146472392638037 0.022168480451430876 0.01763803680981595
11 0.22773075372833534 0.5552147239263804 0.2760983474405482 0.15030674846625766
11 0.4977831519548569 0.5559815950920245 0.2660217654171705 0.1549079754601227
11 0.7673317210802096 0.5529141104294478 0.26904474002418377 0.15030674846625766
9 0.4982869810560258 0.6702453987730062 0.8151954856912536 0.07515337423312883
24 0.28567110036275695 0.75920245398773 0.4040709391374446 0.06441717791411043
23 0.2851672712615881 0.848159509202454 0.4010479645304313 0.11042944785276074
23 0.7088875453446191 0.7450153374233128 0.3939943571140669 0.03144171779141104
23 0.7114066908504635 0.8531441717791411 0.4131398629584845 0.09125766871165644
17 0.5814187827488916 0.7887269938650306 0.14913341394598953 0.02223926380368098
1 0.18490528012898025 0.9359662576687117 0.2045546150745667 0.020705521472392636
1 0.5572349858927852 0.9302147239263804 0.0947198710197501 0.010736196319018405
35 0.826279725916969 0.9302147239263804 0.16122531237404272 0.01687116564417178