6 0.4785590778097983 0.4998828125 0.8655619596541787 0.876533203125
32 0.28695965417867436 0.043369140625 0.4451729106628242 0.023828125
9 0.31440922190201726 0.914248046875 0.5031844380403457 0.027578125
28 0.49952449567723345 0.95947265625 0.04802593659942363 0.027666015625
11 0.2903458213256484 0.2109375 0.4106628242074928 0.25390625
11 0.6952449567723343 0.20703125 0.3962536023054755 0.267578125
11 0.6930835734870316 0.46826171875 0.3919308357348703 0.2470703125
11 0.28674351585014407 0.466796875 0.40634005763688763 0.248046875
11 0.28602305475504325 0.72216796875 0.40778097982708933 0.2568359375
11 0.6938040345821326 0.72216796875 0.39337175792507206 0.2568359375
8 0.3227665706051873 0.09619140625 0.21613832853025935 0.0205078125
8 0.7226224783861671 0.09716796875 0.23487031700288186 0.0166015625
8 0.3285302593659942 0.3515625 0.2334293948126801 0.015625
8 0.7197406340057637 0.3515625 0.2377521613832853 0.015625
8 0.3242074927953891 0.60595703125 0.23919308357348704 0.0205078125
8 0.7197406340057637 0.60498046875 0.24063400576368876 0.0224609375
12 0.10951008645533142 0.21533203125 0.03170028818443804 0.0830078125
12 0.3242074927953891 0.33203125 0.11527377521613832 0.015625
12 0.7211815561959655 0.33154296875 0.1138328530259366 0.0126953125
12 0.510806916426513 0.2177734375 0.01585014409221902 0.083984375
12 0.11455331412103746 0.46533203125 0.018731988472622477 0.1025390625
12 0.3249279538904899 0.583984375 0.10806916426512968 0.015625
12 0.7197406340057637 0.58544921875 0.11959654178674352 0.0166015625
12 0.5151296829971181 0.46875 0.027377521613832854 0.109375
12 0.1138328530259366 0.71923828125 0.025936599423631124 0.1435546875
12 0.3270893371757925 0.84423828125 0.13544668587896252 0.0146484375
12 0.7197406340057637 0.841796875 0.13976945244956773 0.021484375
12 0.5129682997118156 0.7216796875 0.025936599423631124 0.1484375