31 0.12898024989923418 0.06746579247434435 0.04836759371221282 0.015202394526795894
35 0.7013301088270859 0.06698973774230331 0.31707779121322044 0.016154503990877995
6 0.48031841999193875 0.5192901938426454 0.7779121322047562 0.41904218928164194
9 0.4843490528012898 0.7036288483466362 0.40978234582829504 0.02755701254275941
8 0.16727126158806932 0.4751054732041049 0.1276380491737203 0.039908779931584946
8 0.29222087867795243 0.47605473204104903 0.11957678355501815 0.03800741163055873
8 0.41851269649334943 0.4708295324971494 0.11688835147118097 0.02565564424173318
8 0.5481660620717452 0.4789053591790194 0.126291817815397 0.03610889395667047
8 0.67378879484079 0.4774800456100342 0.11688835147118097 0.033258266818700116
8 0.7980652962515115 0.4751054732041049 0.12091898428053205 0.03420752565564424
8 0.16928657799274485 0.6665706955530216 0.126291817815397 0.03895952109464082
8 0.2895324465941153 0.6651453819840365 0.11957678355501815 0.03800741163055873
8 0.4164973800886739 0.6551681870011402 0.126291817815397 0.023754275940706955
8 0.5468238613462314 0.6651453819840365 0.126291817815397 0.03800741163055873
8 0.6711003627569528 0.6627708095781072 0.12494961708988311 0.033258266818700116
8 0.8007537283353486 0.6589709236031928 0.12360741636436921 0.023754275940706955
11 0.16458282950423217 0.40811573546180163 0.1276380491737203 0.17958950969213228
11 0.294236195082628 0.40858893956670467 0.12360741636436921 0.1862400228050171
11 0.41851269649334943 0.4071636259977195 0.12494961708988311 0.18338939566704676
11 0.5468238613462314 0.4090649942987457 0.12360741636436921 0.1814908779931585
11 0.6711003627569528 0.4090649942987457 0.12226118500604594 0.18338939566704676
11 0.7987384119306732 0.4090649942987457 0.1276380491737203 0.17958950969213228
11 0.1639137444578799 0.5967303306727479 0.12898024989923418 0.18434150513112885
11 0.29222087867795243 0.5948318129988598 0.1276380491737203 0.1805387685290764
11 0.4198589278516727 0.5891305587229191 0.12226118500604594 0.1672377423033067
11 0.5474929463925836 0.5981556442417332 0.1276380491737203 0.17958950969213228
11 0.6711003627569528 0.5948318129988598 0.1141999193873438 0.1805387685290764
11 0.7994074969770254 0.5877052451539339 0.13166868198307136 0.16628563283922465