23 0.5055945183393793 0.7949543899657924 0.7757033454252318 0.16028506271379703
23 0.5049576783555018 0.4938255416191562 0.7835509875050383 0.0937599771949829
10 0.6612454655380895 0.5647576966932726 0.4557476823861346 0.032864880273660205
23 0.5060096735187425 0.4074144811858609 0.7773841193067311 0.05727480045610034
25 0.8543571140669084 0.6510347776510832 0.07111648528819024 0.023181299885974914
10 0.6430068520757759 0.35621151653363736 0.49438532849657396 0.022066704675028505
23 0.5158847239016526 0.8859293044469784 0.7495929060862555 0.02160205245153934
35 0.2788915759774284 0.9545267958950969 0.32530431277710603 0.02887400228050171
35 0.4045223700120919 0.05635974914481186 0.5819387343812978 0.024327251995438996
10 0.656614268440145 0.649709236031927 0.48293027005239825 0.05135974914481185
25 0.8569246271664652 0.35566989737742305 0.060515920999596934 0.02139965792474344
25 0.8545062474808546 0.5623973774230331 0.060515920999596934 0.02396807297605473
25 0.8484522370012093 0.9463141391106044 0.07020153164046755 0.01797605473204105
6 0.5016888351471182 0.17590935005701255 0.773409915356711 0.20458665906499432
9 0.5041112454655381 0.2563740022805017 0.7661507456670698 0.03852052451539339
23 0.503502619911326 0.3154389965792474 0.7770415155179363 0.040230900798175595
23 0.49926642482869815 0.6039139110604334 0.773409915356711 0.03338369441277081
13 0.4290689238210399 0.6997862029646522 0.6281700927045546 0.031673318129988595