6 0.4991574585635359 0.478046875 0.7759254143646409 0.42384765625
9 0.49273480662983427 0.66392578125 0.7008839779005525 0.0401171875
32 0.8642955801104972 0.030205078125 0.24087016574585635 0.02591796875
32 0.08303867403314917 0.967890625 0.13993093922651934 0.0169921875
17 0.18901933701657458 0.70541015625 0.15230662983425414 0.023896484375
17 0.3224447513812155 0.0905859375 0.4099585635359116 0.021630859375
32 0.9261878453038673 0.9675 0.11462707182320442 0.022724609375
21 0.4995165745856353 0.198359375 0.7782596685082873 0.133916015625
28 0.5042265193370166 0.93171875 0.0380939226519337 0.022734375
21 0.49784530386740333 0.81658203125 0.7761878453038674 0.191416015625
17 0.2505939226519337 0.110908203125 0.22888121546961326 0.023720703125
11 0.31175414364640885 0.36341796875 0.39857734806629835 0.185546875
11 0.6994889502762431 0.36341796875 0.36504143646408843 0.18833984375
11 0.309792817679558 0.550361328125 0.39857734806629835 0.18833984375
11 0.6984944751381216 0.552451171875 0.3749033149171271 0.19251953125