15 0.500303867403315 0.448662109375 0.7780801104972376 0.0668359375
15 0.5014088397790055 0.63859375 0.7799585635359116 0.05462890625
15 0.5018093922651934 0.235283203125 0.7793370165745857 0.049921875
15 0.5037569060773481 0.8855859375 0.7787983425414365 0.05607421875
15 0.5035359116022099 0.519716796875 0.7762845303867403 0.0537109375
15 0.5019060773480662 0.29720703125 0.7750828729281768 0.052451171875
15 0.4989364640883978 0.734638671875 0.7728729281767955 0.037080078125
15 0.4999033149171271 0.68650390625 0.7746408839779007 0.0410546875
15 0.5006906077348067 0.8271484375 0.7733149171270718 0.05107421875
15 0.5000276243093923 0.773076171875 0.7746132596685084 0.0379296875
15 0.5028591160220994 0.345576171875 0.7771685082872928 0.034921875
1 0.9076933701657458 0.96744140625 0.15388121546961325 0.023857421875
15 0.5011740331491713 0.57294921875 0.7802900552486187 0.052275390625
31 0.08298342541436464 0.966787109375 0.1414088397790055 0.015703125
15 0.5008011049723756 0.386728515625 0.7733011049723757 0.038525390625
15 0.5037983425414365 0.140244140625 0.7712016574585636 0.039638671875
15 0.5055386740331491 0.189541015625 0.7757044198895028 0.041796875
27 0.873853591160221 0.097265625 0.029585635359116024 0.0258203125
31 0.80646408839779 0.031328125 0.3593508287292818 0.026875