10 0.4101243093922652 0.6102734375 0.573121546961326 0.094306640625
21 0.5020580110497238 0.53060546875 0.7453591160220995 0.0696875
31 0.2783425414364641 0.09533203125 0.296671270718232 0.022080078125
21 0.5100414364640884 0.196982421875 0.7531629834254143 0.054365234375
10 0.4946685082872928 0.262666015625 0.7323066298342542 0.01986328125
27 0.8693508287292817 0.095087890625 0.02437845303867403 0.02306640625
21 0.5077900552486188 0.871767578125 0.7453591160220995 0.048134765625
21 0.5051381215469614 0.81396484375 0.7454972375690608 0.053642578125
21 0.5017679558011049 0.731015625 0.7508011049723757 0.098671875
21 0.5027624309392266 0.66943359375 0.7541436464088398 0.0224609375
21 0.5062154696132597 0.138671875 0.7527624309392266 0.0390625
21 0.5069060773480663 0.287109375 0.7486187845303868 0.021484375
21 0.513121546961326 0.39892578125 0.7665745856353591 0.0224609375
21 0.3342541436464088 0.2353515625 0.4143646408839779 0.0234375
10 0.4205801104972376 0.34130859375 0.5759668508287292 0.0869140625
10 0.4233425414364641 0.451171875 0.5787292817679558 0.083984375