35 0.28443415223519936 0.10250569476082004 0.2708417237213049 0.021355353075170842
31 0.8694120016109544 0.10143792710706151 0.03121224325412807 0.022067198177676536
6 0.5144985904148208 0.29933086560364464 0.7007652033830044 0.3395501138952164
9 0.5139951671365284 0.4481064920273349 0.5668546113572291 0.01921981776765376
8 0.33578332662102295 0.4253274487471526 0.2607732581554571 0.022067198177676536
8 0.6987515102698348 0.42248006833712987 0.2597664115988723 0.01921981776765376
11 0.33276278695126865 0.28438211845102507 0.3211840515505437 0.30395785876993164
11 0.7007652033830044 0.2847380410022779 0.2738622633910592 0.303246013667426
23 0.5144985904148208 0.5420700455580866 0.7329842931937173 0.11603075170842825
23 0.5124848973016513 0.6858627562642369 0.739025372533226 0.03630410022779043
23 0.5155054369714056 0.8083001138952164 0.7349979863068868 0.08186218678815489
17 0.35592025775271846 0.6381691343963554 0.41582762786951266 0.026338268792710708
17 0.2532219089810713 0.7406748291571754 0.2305678614579138 0.023490888382687928
29 0.24969794603302456 0.8673832574031891 0.2013693113169553 0.020643507972665148