35 0.3064516129032258 0.11779139355941863 0.3037620967741936 0.017098888572242805
24 0.3276209677419355 0.1619635223710459 0.3272862903225806 0.05034767740096893
23 0.32795564516129033 0.25339697919635223 0.3239233870967742 0.08786833855799372
23 0.32694758064516133 0.36928754630948984 0.3286290322580645 0.09831860929039613
23 0.3276209677419355 0.5053662011969222 0.32593951612903227 0.1244428612140211
23 0.3276209677419355 0.6262467939583927 0.32593951612903227 0.05937019093758906
23 0.3286290322580645 0.7407153035052721 0.3333346774193548 0.11541749786263893
23 0.6663306451612904 0.41749786263892846 0.3245967741935484 0.08074380165289256
24 0.6686814516129032 0.34862638928469647 0.32795564516129033 0.05509546879452836
23 0.6663306451612904 0.5013308634938729 0.33131854838709673 0.03657167284126532
23 0.664649193548387 0.6412083214591051 0.3239233870967742 0.19378740381875179
23 0.6643145161290323 0.7556768310059846 0.3245967741935484 0.03514676546024508
20 0.6696895161290323 0.7848874323168994 0.3138427419354839 0.02517241379310345
17 0.2698266129032258 0.20328583642063267 0.2170685483870968 0.01614990025648333
17 0.22244758064516126 0.31300370475919065 0.1182782258064516 0.013300085494442861
17 0.287633064516129 0.43317184383015106 0.2540322580645161 0.014249073810202337
17 0.2903225806451613 0.5891992020518666 0.255375 0.013773154744941578
17 0.3084677419354839 0.6746936449130807 0.2916653225806452 0.01092333998290111
17 0.648858870967742 0.4742576232544885 0.28964919354838714 0.01567398119122257
17 0.599125 0.5369535480193788 0.19556451612903225 0.01567398119122257
6 0.6629717741935485 0.2210971786833856 0.3326612903225806 0.1619635223710459
9 0.6656572580645161 0.2892561983471074 0.3232540322580645 0.022798518096323737
31 0.8232540322580646 0.11660587061840981 0.020161290322580645 0.013773154744941578
31 0.8679435483870968 0.9532630379025363 0.034274193548387094 0.028498147620404674