21 0.4994637096774194 0.2740581362211456 0.7699274193548388 0.05717868338557993
19 0.3062620967741935 0.23141065830721003 0.2701572580645161 0.021310914790538614
19 0.2764395161290323 0.20473069250498718 0.213883064516129 0.02193787403818752
19 0.3334274193548387 0.17988600740951838 0.32168951612903224 0.022710173838700484
27 0.5011451612903225 0.9346907950983185 0.07512903225806451 0.01983471074380165
21 0.5056774193548387 0.13943288686235394 0.7755725806451613 0.03872328298660587
17 0.5030241935483871 0.10131376460530066 0.7721290322580645 0.0343801652892562
21 0.5025040322580645 0.8814676546024509 0.7814435483870967 0.04827871188372756
6 0.5216532258064517 0.5800854944428612 0.8135322580645161 0.5369278996865203
9 0.5201008064516128 0.3269848959817612 0.6779435483870968 0.01755485893416928
8 0.3130967741935484 0.558874323168994 0.38813306451612906 0.05559418637788544
8 0.7208951612903226 0.5530208036477628 0.40469354838709676 0.06437161584497007
8 0.7219314516129033 0.7914933029353092 0.40676612903225806 0.04827871188372756
8 0.3136129032258064 0.7907609005414649 0.391241935483871 0.05266742661726988
8 0.5216532258064517 0.8328241664291821 0.49267338709677416 0.024140780849244797
11 0.7268145161290323 0.4645198062125962 0.4092741935483871 0.23653462524935878
11 0.7268145161290323 0.6989170703904246 0.4092741935483871 0.22656027358221714
11 0.31149193548387094 0.46736962097463663 0.39314516129032256 0.24793388429752067
11 0.3165322580645161 0.7067540609860359 0.4032258064516129 0.23083499572527785