20 0.7138674033149172 0.772294921875 0.40976519337016576 0.22607421875
20 0.2869475138121547 0.4855078125 0.40825966850828727 0.247724609375
21 0.22013812154696133 0.23353515625 0.2712983425414364 0.03697265625
20 0.7135773480662984 0.45390625 0.40769337016574586 0.179521484375
20 0.7143508287292818 0.577294921875 0.39958563535911606 0.0498046875
20 0.34168508287292815 0.331796875 0.5160635359116023 0.03267578125
16 0.4707458563535912 0.1803515625 0.7627900552486188 0.059599609375
21 0.2552348066298342 0.729677734375 0.3480110497237569 0.06529296875
16 0.5585220994475139 0.64201171875 0.09879834254143646 0.02134765625
30 0.18618784530386742 0.11396484375 0.20171270718232043 0.015771484375
21 0.2355110497237569 0.672763671875 0.31248618784530385 0.0397265625
30 0.18799723756906078 0.089521484375 0.21331491712707182 0.0141015625
30 0.10052486187845304 0.074873046875 0.04143646408839779 0.013017578125
20 0.2823756906077348 0.6391015625 0.408232044198895 0.0238671875
21 0.2654972375690608 0.797529296875 0.37139502762430937 0.049912109375
21 0.27164364640883976 0.85666015625 0.38060773480662985 0.0531640625
7 0.8517541436464088 0.9125390625 0.01841160220994475 0.02169921875
19 0.8916574585635358 0.9125390625 0.055248618784530384 0.01736328125