6 0.5039233870967742 0.4712111712738672 0.856641129032258 0.5461014534055286
9 0.5076209677419355 0.6895240809347393 0.8361895161290323 0.075351952123112
8 0.19613709677419355 0.2168937019093759 0.14386693548387097 0.01828726132801368
8 0.40314112903225807 0.21762325448845823 0.10246774193548387 0.01828726132801368
8 0.6220524193548387 0.21762325448845823 0.19251612903225807 0.02121402108862924
8 0.8290564516129032 0.21725847819891708 0.20700403225806452 0.01901966372185808
8 0.8254354838709678 0.6269022513536621 0.1956209677419355 0.02194642348247364
8 0.6117016129032258 0.6290966087204332 0.19458467741935484 0.02194642348247364
8 0.40314112903225807 0.6272698774579653 0.1914798387096774 0.02121402108862924
8 0.1935483870967742 0.6279994300370476 0.20700403225806452 0.022675976061555997
27 0.10971370967741935 0.2443231689940154 0.031052419354838712 0.01901966372185808
27 0.31878629032258066 0.24249643773154744 0.026911290322580644 0.02121402108862924
27 0.5314879032258064 0.24066685665431747 0.027947580645161292 0.02048161869478484
27 0.7462540322580645 0.24212881162724423 0.028979838709677422 0.01463094898831576
27 0.7467701612903226 0.43634653747506413 0.027947580645161292 0.01828726132801368
27 0.5366612903225807 0.4370760900541465 0.030016129032258063 0.01828726132801368
27 0.31516532258064517 0.43634653747506413 0.021733870967741934 0.01682530635508692
27 0.10660887096774194 0.4367113137646053 0.031052419354838712 0.01755485893416928
11 0.19085887096774193 0.31347962382445144 0.20967741935483872 0.21468509546879455
11 0.40591532258064517 0.31442861214021084 0.21236693548387095 0.21658592191507553
11 0.6216411290322581 0.31395554288971217 0.2110201612903226 0.21373610715303507
11 0.8279556451612903 0.3149045312054716 0.20967741935483872 0.21753491023083502
11 0.8272862903225807 0.5276916500427472 0.20833467741935482 0.21373610715303507
11 0.619625 0.5310145340552864 0.20967741935483872 0.21468509546879455
11 0.40658467741935483 0.5314904531205472 0.2110201612903226 0.21563693359931604
11 0.19018951612903226 0.5319663721858079 0.21639919354838708 0.21468509546879455