31 0.6240749697702539 0.05178734321550741 0.5307013301088271 0.019954389965792473
2 0.49644095122934306 0.22044754846066136 0.7698508665860541 0.2356527936145952
5 0.4957678355501814 0.2765108323831243 0.7577589681580008 0.03610889395667047
4 0.4977831519548569 0.3178449258836944 0.7591011688835146 0.03135689851767389
4 0.5085328496573962 0.7639680729760547 0.7483555018137847 0.055111174458380846
5 0.5004715840386941 0.4375712656784493 0.756416767432487 0.03515678449258837
4 0.24385328496573963 0.5957810718358039 0.22974607013301088 0.026604903078677307
4 0.49241031841999194 0.5962571265678449 0.23511890366787588 0.023754275940706955
4 0.7322329705763805 0.5981556442417332 0.21228133817009268 0.019954389965792473
4 0.2304191858121725 0.7231100342075257 0.2243732365981459 0.01710376282782212
4 0.48031841999193875 0.7250085518814139 0.24586860137041516 0.015202394526795894
4 0.7423095525997582 0.7245353477765109 0.27542523176138656 0.014253135689851768
2 0.5011406690850463 0.6086088939566705 0.7711930673115679 0.386736031927024
7 0.24452640064490122 0.5392445838084379 0.2418379685610641 0.1434806157354618
7 0.49106408706166865 0.5411431014823261 0.2485570334542523 0.1434806157354618
7 0.7322329705763805 0.5397177879133409 0.23377670294236194 0.1387314709236032
7 0.22974607013301088 0.6746493728620296 0.22302700523982266 0.12922748004561002
7 0.47897218863361546 0.6751225769669327 0.2566182990729544 0.12637685290763967
7 0.744993954050786 0.6713226909920182 0.27005239822652155 0.11877708095781073
27 0.501813784764208 0.9385689851767389 0.032245062474808545 0.018529076396807297