16 0.5186094316807739 0.14062998859749146 0.7711930673115679 0.11782497149372861
19 0.507186618299073 0.21522234891676167 0.7510399032648125 0.02565564424173318
2 0.5045022168480452 0.4280701254275941 0.7617896009673518 0.379133409350057
5 0.3043127771060056 0.5026596351197263 0.34529222087867795 0.020903648802736603
4 0.49979846835953246 0.5606242873432156 0.7308867392180572 0.09501995438996579
27 0.13032245062474807 0.2484806157354618 0.008061265618702136 0.00855188141391106
27 0.31882305521966947 0.2482896237172178 0.012091898428053204 0.00855188141391106
27 0.5078597339782346 0.2482896237172178 0.012898024989923419 0.00855188141391106
27 0.6972994760177348 0.24885974914481185 0.012898024989923419 0.010832383124287344
27 0.13180169286577992 0.37115165336374 0.018540910923014912 0.009122006841505131
27 0.3192261185006046 0.37115165336374 0.014510278113663845 0.009122006841505131
27 0.5070536074163644 0.3725769669327252 0.014510278113663845 0.009692132269099202
27 0.6956872228939943 0.37143671607753703 0.019347037484885126 0.013112884834663626
7 0.21523579201934703 0.30387685290763966 0.18863361547763 0.12542759407069556
7 0.40588472390165253 0.3024515393386545 0.18460298266827893 0.12371721778791334
7 0.5937122128174124 0.30273660205245156 0.19105199516324062 0.12428734321550741
7 0.7819427650141072 0.30359179019384264 0.18863361547763 0.12371721778791334
7 0.21563885530028215 0.4278791334093501 0.1894397420395002 0.12029646522234892
7 0.40548166062071744 0.427309007981756 0.18702136235388955 0.12485746864310149
7 0.5941152760983475 0.427594070695553 0.18863361547763 0.12200684150513112
7 0.7831519548569126 0.4278791334093501 0.19105199516324062 0.1225769669327252
20 0.5042321644498187 0.6556442417331813 0.7795243853284965 0.06499429874572406
16 0.5070536074163644 0.7366020524515393 0.7658202337767029 0.08893956670467502
16 0.509471987101975 0.8560433295324972 0.7706569931479242 0.14310148232611175
27 0.5010076582023377 0.9455530216647663 0.028214429665457477 0.01539338654503991