30 0.4470588235294118 0.07219933353529234 0.5254901960784314 0.017167524992426537
28 0.871243137254902 0.07270524083611027 0.03006666666666667 0.02625568009694032
20 0.5372549019607843 0.128242956679794 0.7006549019607844 0.08886095122690094
20 0.5385607843137254 0.2317479551651015 0.7006549019607844 0.10199030596788852
20 0.5352941176470588 0.5195395334747046 0.6993450980392156 0.04544077552256892
20 0.5339882352941177 0.6119357770372614 0.7045764705882354 0.07270524083611027
20 0.2967333333333333 0.6599000302938504 0.2196078431372549 0.019185095425628598
20 0.5385607843137254 0.8729687973341412 0.7084980392156863 0.085831566192063
7 0.5307176470588235 0.3907906694940927 0.6980392156862745 0.19791881248106635
10 0.5418313725490196 0.4811663132384126 0.5241843137254902 0.017167524992426537
16 0.23333333333333334 0.5604362314450166 0.09542352941176471 0.020196910027264467
18 0.5339882352941177 0.6997879430475613 0.7019607843137254 0.046449560739169955
18 0.5339882352941177 0.7517933959406241 0.7045764705882354 0.04544077552256892
18 0.5320274509803922 0.799251741896395 0.7058823529411765 0.04544077552256892
30 0.32745098039215687 0.9290124204786429 0.29150196078431373 0.018176310209027567