15 0.4964226519337017 0.657392578125 0.7708011049723756 0.087451171875
15 0.49711325966850833 0.453232421875 0.7702486187845303 0.0728125
15 0.4971823204419889 0.57939453125 0.7700138121546961 0.062685546875
15 0.503950276243094 0.384267578125 0.7844060773480662 0.0607421875
15 0.499792817679558 0.52173828125 0.7718232044198894 0.05345703125
7 0.17323204419889504 0.953056640625 0.10573204419889502 0.020078125
15 0.5017127071823204 0.266826171875 0.7728729281767955 0.060234375
15 0.5042817679558012 0.324521484375 0.7837154696132597 0.05185546875
28 0.8599447513812155 0.93091796875 0.06892265193370166 0.02537109375
15 0.49998618784530385 0.731767578125 0.7766160220994475 0.063642578125
15 0.49982044198895026 0.170146484375 0.7736049723756907 0.0519140625
15 0.5032872928176796 0.110478515625 0.7786602209944752 0.059814453125
15 0.501560773480663 0.218505859375 0.7786602209944752 0.03662109375
15 0.4972375690607735 0.784306640625 0.7769337016574586 0.040283203125
15 0.5006906077348067 0.817265625 0.7803867403314917 0.020751953125
15 0.5024171270718232 0.849609375 0.7803867403314917 0.0390625
15 0.49896408839779005 0.88134765625 0.7769337016574586 0.0244140625
30 0.3159530386740331 0.934453125 0.4074585635359116 0.020751953125