6 0.4980290205562273 0.5157953249714937 0.7143409915356711 0.35962656784492586
6 0.5042644095122935 0.20464937286202964 0.7169609028617493 0.2604960091220069
9 0.5004554615074567 0.6306499429874572 0.7111809754131398 0.13282212086659065
13 0.5085247883917775 0.8029275940706956 0.7094679564691657 0.1844412770809578
32 0.3135509875050383 0.05531356898517674 0.33189842805320435 0.025527366020524515
9 0.5007496977025393 0.2953107183580388 0.7122450624748086 0.06806442417331814
28 0.833248690044337 0.058329532497149374 0.040584441757355906 0.014814709236031927
28 0.29324062877871826 0.2374828962371722 0.03927448609431681 0.017591220068415053
28 0.5144820636839984 0.23840935005701255 0.04451027811366385 0.023147092360319272
28 0.7154292623941959 0.2342417331812999 0.03272873841193068 0.016664766248574686
28 0.5046634421604191 0.43422748004561 0.04320032245062475 0.020367730900798176
28 0.6741918581217251 0.4356157354618016 0.026182990729544536 0.017591220068415053
28 0.5007335751713019 0.5291277080957811 0.03272873841193068 0.015738312428734323
28 0.3200765820233777 0.436542189281642 0.035344619105199516 0.023147092360319272
11 0.2991334139459895 0.1763768529076397 0.22647722692462716 0.14906214367160775
11 0.5085892785167271 0.16757981755986318 0.20029423619508263 0.17220923603192703
11 0.7121563885530028 0.16526510832383123 0.20160419185812173 0.17128278221208668
11 0.6820475614671504 0.3976567844925884 0.18065699314792422 0.10091790193842645
11 0.5027005239822653 0.39858038768529075 0.172801289802499 0.09165906499429875
11 0.3181136638452237 0.39858038768529075 0.17018540910923016 0.09721493728620295
11 0.49157194679564686 0.49487172177879135 0.18720274083031035 0.09721493728620295