31 0.8677209944751382 0.918330078125 0.03980662983425414 0.027392578125
26 0.5034254143646409 0.10900390625 0.7628314917127071 0.045478515625
26 0.4933425414364641 0.16845703125 0.7426795580110498 0.0244140625
26 0.33328729281767955 0.21728515625 0.4225414364640884 0.027666015625
26 0.35455801104972373 0.266923828125 0.4604834254143646 0.022783203125
26 0.26769337016574585 0.315751953125 0.2959668508287293 0.029296875
26 0.47674033149171274 0.365400390625 0.7094613259668507 0.021162109375
26 0.37751381215469615 0.464677734375 0.5017817679558011 0.0244140625
26 0.3155524861878453 0.5126953125 0.387085635359116 0.016279296875
26 0.24812154696132596 0.560712890625 0.24763812154696133 0.017900390625
26 0.22088397790055248 0.6103515625 0.18854972375690607 0.01953125
26 0.29428176795580113 0.6591796875 0.34454419889502763 0.022783203125
26 0.5027762430939227 0.720478515625 0.7523204419889502 0.0412109375
26 0.5027486187845304 0.792919921875 0.7476519337016574 0.046142578125
17 0.3878867403314917 0.414228515625 0.5225552486187846 0.0244140625
23 0.5029972375690608 0.85693359375 0.7573618784530387 0.017900390625