27 0.8692428513894482 0.07166002277904328 0.049669754329440194 0.021830865603644646
6 0.5309424083769633 0.2837898633257403 0.680628272251309 0.35876993166287013
9 0.5215465163109142 0.4456150341685649 0.6672049939589207 0.03132118451025057
21 0.5269150221506242 0.5808656036446469 0.7262706403544099 0.2031121867881549
17 0.3289045509464357 0.71374430523918 0.3597784937575514 0.026574601366742598
6 0.5168465565847764 0.8328587699316629 0.7007652033830044 0.18887528473804102
9 0.5222190898107129 0.8812642369020501 0.679287152637938 0.07308371298405468
11 0.3521627064035441 0.7911731207289293 0.15785340314136126 0.10186503416856492
11 0.5312565445026177 0.7903616173120729 0.1567055980668546 0.10592255125284739
11 0.6980064438179622 0.7921896355353075 0.1572815142972211 0.10551822323462415
8 0.6512243254128071 0.8396697038724373 0.06601288763592428 0.012986902050113895
8 0.4859081755940395 0.8384538724373577 0.06830849778493758 0.013798405466970387
8 0.3068143374949658 0.8372351936218678 0.06486508256141764 0.012175398633257402