19 0.515602579604998 0.2968072976054732 0.771596130592503 0.1039338654503991
19 0.5206045949214027 0.48093785632839225 0.7632083837162434 0.09117730900798177
19 0.5157275292220879 0.39558437856328393 0.7679322853688029 0.07094640820980616
21 0.5146231358323257 0.20406214367160777 0.7768440145102781 0.07301026225769669
31 0.21559854897218864 0.10067559863169898 0.17957678355501813 0.024555302166476625
17 0.2979725916968964 0.14145667046750285 0.33976622329705763 0.028164196123147092
6 0.5260016122531237 0.7049714937286203 0.7855743651753325 0.33899942987457243
27 0.8890245868601371 0.10293329532497149 0.019141475211608222 0.025188141391106044
9 0.525453446191052 0.8601225769669327 0.7832325675130996 0.026339794754846067
8 0.3392462716646513 0.6753392246294185 0.34564691656590085 0.022223489167616874
8 0.6907134220072552 0.6753392246294185 0.3316807738814994 0.01563854047890536
8 0.6936235388956067 0.8370752565564424 0.32586457073760583 0.02139965792474344
8 0.3345908907698509 0.8358409350057013 0.34564691656590085 0.020575826681870014
11 0.3370939137444579 0.612115165336374 0.35043127771060056 0.14961231470923603
11 0.6912011285771866 0.6098375142531357 0.3430713422007255 0.15026510832383125
11 0.6893631600161225 0.767582668187001 0.339391374445788 0.1548175598631699
11 0.3380128980249899 0.7679076396807298 0.3430713422007255 0.15546750285062713