31 0.1682789197904071 0.10262257696693272 0.05038291011688835 0.02565564424173318
35 0.6643812978637645 0.10072120866590649 0.3211084240225715 0.020903648802736603
6 0.48972188633615477 0.5050370581527936 0.6972994760177348 0.6071835803876853
9 0.48972188633615477 0.758266818700114 0.6865497783151955 0.09882269099201825
12 0.19481257557436518 0.6965022805017104 0.06180169286577993 0.01710376282782212
12 0.2720677146311971 0.6969783352337514 0.05239822652156389 0.01235176738882554
12 0.34529222087867795 0.6969783352337514 0.05642885933091495 0.018053021664766248
12 0.42590487706569935 0.6974543899657925 0.04836759371221282 0.01710376282782212
12 0.545477629987908 0.6969783352337514 0.06180169286577993 0.014253135689851768
12 0.6240749697702539 0.6969783352337514 0.06314792422410317 0.018053021664766248
12 0.7067029423619507 0.6969783352337514 0.05911729141475211 0.018053021664766248
12 0.7866465135026199 0.6979275940706955 0.049709794437726725 0.014253135689851768