6 0.49556630390971385 0.2664652223489168 0.7537686416767432 0.3692816419612315
21 0.498794840790004 0.721641961231471 0.7788673921805723 0.09615450399087799
21 0.5033333333333333 0.8270011402508551 0.7806166868198308 0.09280501710376284
21 0.5020959290608625 0.633266818700114 0.7805320435308344 0.07314424173318129
8 0.4946029826682789 0.41666476624857474 0.7334018540910923 0.05096921322690992
28 0.12816606207174527 0.27678449258836946 0.018786779524385327 0.01958950969213227
28 0.12671906489318824 0.09606328392246294 0.021535671100362756 0.016399657924743443
28 0.869633212414349 0.8868272519954389 0.039754131398629586 0.023429304446978334
11 0.49361950826279727 0.17455530216647663 0.7586497380088674 0.185096921322691
11 0.38926239419588876 0.3168928164196123 0.54 0.10426453819840364
9 0.4729141475211608 0.3848403648802737 0.6344175735590488 0.012887685290763968
17 0.4356428859330915 0.5722805017103763 0.652640064490125 0.036316989737742306