30 0.8276219266424828 0.06936431014823262 0.12898024989923418 0.024706385404789054
7 0.5024869004433696 0.5363683010262258 0.7577589681580008 0.8807953249714937
10 0.5105481660620718 0.9002736602052451 0.7470092704554615 0.1491818700114025
9 0.6838250705360741 0.2157896237172178 0.04368399838774687 0.015210946408209806
9 0.7496856106408706 0.25833238312428736 0.046372430471584035 0.014734891676168756
9 0.6253526803708183 0.26498574686431015 0.040995566303909714 0.01378278221208666
9 0.5665497783151955 0.22006841505131128 0.043010882708585246 0.016160205245153932
9 0.5010237807335751 0.21460376282782212 0.03561870213623539 0.012833523375142533
9 0.49665457476823865 0.27757981755986316 0.04166868198307134 0.01711231470923603
9 0.43045546150745667 0.22220638540478904 0.04234179766223297 0.014734891676168756
9 0.3091495364772269 0.24098346636259976 0.037634018540910925 0.014258836944127709
9 0.3766908504635228 0.27924458380843786 0.04368399838774687 0.014734891676168756
9 0.25471180975413144 0.3358067274800456 0.048387746876259574 0.01378278221208666
9 0.5342885933091495 0.12334378563283922 0.17608222490931077 0.023289623717217788
9 0.5473962112051591 0.32582383124287345 0.046372430471584035 0.01758551881413911
9 0.6458524788391777 0.35957240592930445 0.04166868198307134 0.015684150513112886
9 0.7517009270455461 0.35339224629418475 0.039653365578395806 0.019486887115165337
9 0.749012494961709 0.4135205245153934 0.0490608625554212 0.016160205245153932
9 0.6717251108424023 0.4154218928164196 0.03696493349455864 0.016160205245153932
9 0.5779725916968964 0.41066704675028504 0.0443571140669085 0.01901368301026226
9 0.4348246674727932 0.4135205245153934 0.048387746876259574 0.020915051311288485
9 0.30209189842805323 0.41637115165336375 0.04368399838774687 0.01901368301026226
9 0.5282426440951229 0.45415906499429876 0.21909310761789602 0.020438996579247436
9 0.6918903667875856 0.5898603192702394 0.0719105199516324 0.028517673888255417
9 0.7644699717855704 0.6435689851767389 0.06250302297460701 0.03041904218928164
9 0.6223297057638049 0.6250313568985177 0.06720677146311971 0.03041904218928164
9 0.5215195485691254 0.5684720638540479 0.09543329302700525 0.01711231470923603
9 0.41667875856509473 0.5832041049030787 0.059141475211608216 0.028517673888255417
9 0.3007496977025393 0.5444669327251995 0.09072954453849254 0.020438996579247436
9 0.3303184199919387 0.6611573546180161 0.057126158806932684 0.027568415051311287
9 0.4906045949214027 0.6540279361459521 0.06720677146311971 0.03327251995438996
9 0.6334179766223297 0.7200940706955531 0.05309149536477227 0.026616305587229192
9 0.759093107617896 0.7787941847206385 0.05443772672309553 0.028044469783352337
9 0.678782748891576 0.8027993158494868 0.05511084240225715 0.03041904218928164
9 0.5675574365175332 0.796143101482326 0.06653365578395808 0.03137115165336374
9 0.48422007255139055 0.7947177879133409 0.06787988714228134 0.028517673888255417
9 0.3820677146311971 0.795669897377423 0.07325675130995567 0.03041904218928164
9 0.263111648528819 0.779033637400228 0.06922208786779525 0.03137115165336374
11 0.2637847642079807 0.7274629418472064 0.08266424828698106 0.14116590649942987
11 0.32359935509875054 0.6214680729760548 0.08535268037081821 0.12025370581527937
11 0.38005239822652154 0.7436231470923603 0.08266424828698106 0.14021664766248573
11 0.4795163240628779 0.7421978335233752 0.07862958484482065 0.13261117445838083
11 0.5675574365175332 0.7471864310148233 0.0719105199516324 0.13498859749144812
11 0.6314026602176541 0.6922890535917903 0.09879484079000403 0.08413055872291904
11 0.6720636839983878 0.7799828962371721 0.07930270052398226 0.08080387685290763
11 0.7500201531640467 0.7279361459521094 0.08736799677549374 0.13546465222348916
11 0.7624546553808949 0.5889082098061573 0.07325675130995567 0.1397405929304447
11 0.6949133413945989 0.5342474344355759 0.08199113260781943 0.14354332953249715
11 0.6226642482869811 0.5772633979475484 0.0719105199516324 0.12690706955530218
11 0.49127771060056424 0.6309749144811859 0.08736799677549374 0.08507981755986316
11 0.40794034663442164 0.5439908779931585 0.07930270052398226 0.10789623717217788
11 0.519838774687626 0.5252166476624858 0.13508262797259168 0.11027080957810718
11 0.29940346634421605 0.5152366020524516 0.10820233776702942 0.08365450399087798
11 0.6784482063683999 0.1875085518814139 0.07594115276098347 0.0746237172177879
11 0.7537162434502217 0.234327251995439 0.0719105199516324 0.07129703534777651
11 0.7530471584038694 0.31703249714937287 0.09610640870616687 0.09791334093500571
11 0.7493510681176945 0.40044754846066133 0.06048367593712213 0.051810148232611174
11 0.6804635227730754 0.39712086659064993 0.06922208786779525 0.05846351197263398
11 0.6448448206368399 0.3222605473204105 0.09610640870616687 0.09220923603192703
11 0.6253526803708183 0.23908209806157357 0.07325675130995567 0.06464082098061573
11 0.5655421201128576 0.19559007981755985 0.06922208786779525 0.0679703534777651
11 0.5000161225312374 0.19582668187001143 0.04973397823458283 0.06084093500570126
11 0.4203748488512697 0.19772805017103762 0.07459895203546957 0.06939566704675028
11 0.49632003224506244 0.25833238312428736 0.06519145505844418 0.06416761687571265
11 0.5541152760983474 0.3072890535917902 0.05577992744860943 0.06321550741163055
11 0.5789802498992342 0.38642816419612314 0.04502619911326078 0.06939566704675028
11 0.4291132607819428 0.35267958950969214 0.18750503829101167 0.14639680729760546
11 0.3803869407496977 0.250963511972634 0.06048367593712213 0.07129703534777651
11 0.29973800886739216 0.19630273660205244 0.13710197501007657 0.10076681870011403
11 0.25471180975413144 0.2935034207525655 0.06854897218863361 0.10409350057012544
11 0.30309955663039095 0.3830986316989738 0.06048367593712213 0.08840649942987457