28 0.2352881902458686 0.05131128848346636 0.02720677146311971 0.024230330672748004
30 0.4836759371221282 0.0491733181299886 0.43732365981459087 0.01710376282782212
20 0.5577388149939541 0.12578392246294184 0.575372833534865 0.0862314709236032
20 0.5567311567916163 0.25406214367160773 0.5814187827488916 0.06912770809578107
20 0.5567311567916163 0.41013397947548463 0.5713422007255139 0.1346921322690992
16 0.4181781539701733 0.1952679589509692 0.29826682789197906 0.024230330672748004
16 0.38039097138250705 0.3199828962371722 0.23075372833534866 0.01710376282782212
7 0.5587464731962918 0.6930587229190421 0.5733575171301895 0.4055017103762828
10 0.5582426440951229 0.8847633979475484 0.3385731559854897 0.023517673888255416
9 0.41515517936316004 0.6463797035347777 0.20354695687222893 0.021379703534777653
9 0.6957879887142281 0.6524372862029647 0.28919790407093915 0.03492018244013683
9 0.41414752116082226 0.8441419612314709 0.2841596130592503 0.04489737742303307
9 0.6993147924224103 0.8366590649942988 0.28012898024989924 0.028506271379703536
11 0.4181781539701733 0.5751140250855188 0.28214429665457474 0.1639110604332953
11 0.6988109633212415 0.582596921322691 0.2831519548569125 0.1774515393386545
11 0.4176743248690044 0.7721636259977195 0.2851672712615881 0.20025655644241733
11 0.6988109633212415 0.7725199543899658 0.2851672712615881 0.18814139110604333