6 0.48698895027624306 0.233369140625 0.510621546961326 0.318037109375
23 0.5087983425414365 0.47919921875 0.784074585635359 0.103076171875
23 0.5111602209944751 0.81134765625 0.785 0.102802734375
20 0.5291160220994475 0.5430859375 0.738853591160221 0.0225
20 0.5271685082872929 0.730302734375 0.7271546961325968 0.046123046875
29 0.35881215469613253 0.90697265625 0.48556629834254145 0.0269140625
20 0.5250690607734806 0.666611328125 0.7313674033149171 0.072431640625
35 0.7435220994475137 0.05189453125 0.27854972375690606 0.0291015625
31 0.5072790055248618 0.951357421875 0.04966850828729282 0.022255859375
9 0.515096685082873 0.3741796875 0.2879834254143646 0.02423828125
35 0.1830110497237569 0.052490234375 0.13812154696132597 0.02685546875
20 0.5307872928176796 0.590126953125 0.7419060773480662 0.07533203125
17 0.3383977900552486 0.405966796875 0.22296961325966852 0.01953125