13 0.501813784764208 0.13492873432155073 0.7779121322047562 0.10072120866590649
20 0.5078597339782346 0.22899942987457242 0.7819427650141072 0.08171892816419613
33 0.48770656993147926 0.3411259977194983 0.7335751713018944 0.13683010262257697
34 0.47762998790810157 0.29313854047890536 0.7214832728738412 0.03515678449258837
20 0.501813784764208 0.46987742303306723 0.7806005642885934 0.07886830102622577
20 0.5031559854897218 0.814330102622577 0.7779121322047562 0.047511402508551875
7 0.5024869004433696 0.6532696693272521 0.7685086658605401 0.2765108323831243
10 0.5031559854897218 0.7815478905359179 0.6301209189842805 0.018053021664766248
9 0.28550181378476425 0.7525655644241733 0.22705763804917373 0.03230615735461802
9 0.67378879484079 0.7544669327251996 0.2566182990729544 0.03610889395667047
11 0.31237404272470776 0.6418671607753706 0.3855985489721886 0.25180444697833526
11 0.688565094719871 0.6442417331812998 0.36409915356711003 0.2546550741163056
20 0.44807335751713023 0.8594640820980616 0.6596815800080613 0.04085803876852908
28 0.501813784764208 0.9331043329532497 0.04164852881902459 0.020903648802736603