14 0.5266988950276242 0.679599609375 0.7379005524861879 0.0811328125
14 0.525 0.770595703125 0.7343646408839778 0.080673828125
24 0.5100276243093923 0.168330078125 0.7495441988950275 0.0787890625
14 0.5289226519337017 0.87115234375 0.7284944751381215 0.096865234375
35 0.8604281767955801 0.031064453125 0.24959944751381216 0.025849609375
23 0.5145441988950276 0.272373046875 0.745621546961326 0.125859375
1 0.9070165745856353 0.967421875 0.1541574585635359 0.023671875
17 0.6030386740331493 0.091826171875 0.5698342541436464 0.02732421875
14 0.5246132596685082 0.5619921875 0.7316988950276243 0.132109375
6 0.5220165745856353 0.405498046875 0.7349861878453039 0.120751953125
9 0.5162292817679558 0.437626953125 0.7113259668508287 0.037841796875
31 0.511049723756906 0.938115234375 0.04143646408839779 0.028076171875
35 0.08719613259668509 0.968017578125 0.14675414364640885 0.029296875