15 0.5354834254143647 0.424482421875 0.7553591160220995 0.0558984375
15 0.5359254143646409 0.5324609375 0.7546546961325967 0.057294921875
15 0.5352762430939226 0.593701171875 0.7557596685082872 0.061044921875
15 0.5400276243093923 0.74560546875 0.7603314917127072 0.058349609375
15 0.5396408839779006 0.6723046875 0.7483977900552486 0.0809765625
15 0.5415607734806629 0.807041015625 0.7641988950276243 0.061611328125
15 0.5357872928176796 0.4751171875 0.7514502762430939 0.040478515625
15 0.5402624309392264 0.876103515625 0.7613674033149171 0.065888671875
28 0.8880662983425415 0.969814453125 0.04160220994475138 0.02470703125
17 0.5222790055248618 0.28564453125 0.18819060773480664 0.04150390625
17 0.3168232044198895 0.369873046875 0.3573895027624309 0.0244140625