2 0.5253365578395808 0.2775114025085519 0.7448810963321241 0.3433209806157354
19 0.5198468359532447 0.7235860889395668 0.7741434905280129 0.19355188141391105
20 0.5249778315195486 0.5174458380843786 0.7708948004836759 0.08551596351197263
19 0.5207980652962515 0.8586145952109464 0.7726763401854091 0.06545610034207526
16 0.5390326481257557 0.5731328392246294 0.7393067311567916 0.01638255416191562
5 0.5206086255542121 0.4439481185860889 0.45845223700120924 0.0184806157354618
27 0.8918581217251108 0.9181442417331813 0.03648931882305522 0.02138255416191562
31 0.6929101168883515 0.09282212086659065 0.4341273679967755 0.019917331812998863
16 0.441733172108021 0.5889623717217788 0.546888351471181 0.014618015963511973
16 0.4660701330108827 0.6036659064994299 0.5958968158000807 0.019700684150513112
16 0.3690769850866586 0.6209036488027366 0.4038976219266425 0.013366590649942988