13 0.4977831519548569 0.1634350057012543 0.7752237001209189 0.1653363740022805
21 0.5038291011688835 0.33209806157354615 0.6852075775896815 0.13777936145952108
21 0.5031559854897218 0.4290193842645382 0.6838653768641677 0.05986316989737742
21 0.5024869004433696 0.4945838084378563 0.6852075775896815 0.07506556442417331
21 0.49375251914550583 0.5701254275940707 0.7752237001209189 0.05131128848346636
21 0.4950947198710197 0.8836944127708096 0.7859733978234583 0.047511402508551875
6 0.49979846835953246 0.7245353477765109 0.7631318016928658 0.23850342075256556
9 0.4977831519548569 0.8258266818700114 0.5554212011285772 0.019954389965792473
11 0.20274083031035872 0.7214937286202965 0.12494961708988311 0.1750285062713797
8 0.19709794437726724 0.7913340935005702 0.11366384522370013 0.026225769669327253
8 0.3740427247077791 0.7884834663625998 0.19669488109633212 0.029646522234891677
8 0.5856509471987102 0.7884834663625998 0.13301088270858524 0.0330672748004561
8 0.7501007658202338 0.7907639680729761 0.1829907295445385 0.02508551881413911
11 0.373639661426844 0.7066704675028507 0.20556227327690446 0.20011402508551882
11 0.573559048770657 0.7058152793614595 0.16203143893591293 0.19726339794754846
11 0.7553405884723902 0.7075256556442417 0.18863361547763 0.19726339794754846
27 0.867795243853285 0.9506841505131128 0.0475614671503426 0.019954389965792473