21 0.5004715840386941 0.1653363740022805 0.7859733978234583 0.08361744583808438
21 0.5031559854897218 0.8195553021664767 0.7806005642885934 0.15868586088939565
31 0.5965336557839581 0.049885974914481185 0.5857839580814187 0.023754275940706955
17 0.4091092301491334 0.09169612314709237 0.3560378879484079 0.019954389965792473
27 0.4991253526803708 0.9369070695553022 0.04433696090286175 0.024706385404789054
6 0.49845626763401857 0.4751054732041049 0.7577589681580008 0.5112115165336374
9 0.49644095122934306 0.69365165336374 0.7617896009673518 0.01710376282782212
8 0.4991253526803708 0.7197833523375142 0.5817533252720677 0.019954389965792473
27 0.2593027005239823 0.2394526795895097 0.02955663039097138 0.024706385404789054
27 0.7544014510278114 0.4660775370581528 0.028214429665457477 0.023754275940706955
11 0.5038291011688835 0.33019669327251994 0.545477629987908 0.21569840364880272
11 0.507186618299073 0.5582468643101482 0.5521966948810964 0.22139965792474342