30 0.5561602209944752 0.055205078125 0.14040055248618785 0.02595703125
28 0.9624585635359116 0.955703125 0.04646408839779006 0.07013671875
30 0.5273756906077348 0.937060546875 0.7810082872928178 0.015087890625
15 0.5367955801104972 0.096328125 0.8023618784530386 0.020419921875
15 0.5367955801104972 0.132275390625 0.8023618784530386 0.0426171875
15 0.5367955801104972 0.174453125 0.8073895027624308 0.039951171875
15 0.5330248618784531 0.213515625 0.8073895027624308 0.023974609375
15 0.5317679558011049 0.237041015625 0.8023618784530386 0.02130859375
15 0.533646408839779 0.26234375 0.8036187845303868 0.022197265625
15 0.533646408839779 0.28453125 0.8036187845303868 0.020419921875
15 0.5361602209944751 0.308505859375 0.8061325966850829 0.02751953125
15 0.5374171270718232 0.332919921875 0.8136602209944752 0.01775390625
15 0.5323895027624309 0.3551171875 0.8036187845303868 0.0230859375
15 0.5367955801104972 0.391513671875 0.8073895027624308 0.044384765625
15 0.5355386740331491 0.43634765625 0.8073895027624308 0.043505859375
15 0.5323895027624309 0.474521484375 0.7960773480662984 0.020419921875
15 0.5330248618784531 0.498486328125 0.7998480662983426 0.022197265625
15 0.529889502762431 0.522021484375 0.7960773480662984 0.01775390625
15 0.5349033149171271 0.54376953125 0.8036187845303868 0.023974609375
15 0.5323895027624309 0.58283203125 0.8036187845303868 0.0452734375
15 0.533646408839779 0.6187890625 0.7985911602209944 0.0230859375
15 0.5349033149171271 0.64275390625 0.7985911602209944 0.01953125
15 0.5323895027624309 0.676494140625 0.7960773480662984 0.0426171875
15 0.533646408839779 0.72265625 0.8036187845303868 0.049716796875
15 0.5355386740331491 0.771484375 0.8073895027624308 0.046162109375
15 0.5349033149171271 0.830078125 0.8036187845303868 0.065693359375
15 0.5323895027624309 0.880234375 0.8036187845303868 0.03107421875