21 0.5345310245310245 0.7527734375 0.8210678210678211 0.09552734375
21 0.5325974025974025 0.365947265625 0.8167965367965367 0.125810546875
21 0.5307503607503608 0.65267578125 0.8174314574314575 0.094072265625
21 0.5254545454545454 0.22671875 0.8161471861471862 0.1491796875
21 0.531948051948052 0.52033203125 0.8158874458874459 0.08197265625
21 0.5274025974025974 0.10435546875 0.8102597402597402 0.081875
31 0.4018470418470419 0.041640625 0.5643578643578644 0.026376953125
17 0.3451082251082251 0.4673828125 0.2077200577200577 0.027958984375
17 0.42024531024531026 0.581142578125 0.2315151515151515 0.025498046875
25 0.29884559884559886 0.865400390625 0.36194805194805196 0.021142578125
25 0.2982251082251082 0.888671875 0.35594516594516595 0.022783203125
25 0.2972582972582973 0.90966796875 0.354978354978355 0.0244140625
27 0.5216450216450217 0.9443359375 0.03318903318903319 0.021484375