35 0.3359490196078431 0.09722142857142857 0.40261568627450983 0.030952380952380953
6 0.49869411764705884 0.4365071428571428 0.7176470588235294 0.6269833333333333
9 0.49673333333333336 0.7083333333333334 0.7111098039215686 0.07222142857142856
31 0.20457647058823528 0.14047619047619048 0.03006666666666667 0.01904761904761905
31 0.2 0.4111119047619048 0.02614509803921569 0.01904761904761905
31 0.5294117647058824 0.1408738095238095 0.023529411764705882 0.02142857142857143
31 0.528756862745098 0.4099214285714286 0.03529411764705882 0.01984047619047619
11 0.33267843137254904 0.25833333333333336 0.3254901960784314 0.26904761904761904
11 0.6660117647058823 0.2587309523809524 0.32810588235294114 0.2698404761904762
11 0.3333333333333333 0.5281738095238095 0.32418431372549017 0.26587380952380957
11 0.6614392156862745 0.5273809523809524 0.32679607843137254 0.26587380952380957
24 0.5006549019607843 0.8162690476190476 0.7163411764705883 0.11666666666666667
31 0.1562078431372549 0.90635 0.04052156862745098 0.014285714285714285