30 0.6605199516324063 0.06984036488027366 0.25896815800080614 0.01710376282782212
28 0.8222490931076178 0.06912770809578107 0.02418379685610641 0.014253135689851768
7 0.5416162837565498 0.2269811858608894 0.8091495364772269 0.25441847206385404
10 0.5416162837565498 0.3310290763968073 0.7970576380491737 0.03206955530216648
9 0.3295042321644498 0.3007411630558723 0.12898024989923418 0.015678449258836945
9 0.7058645707376058 0.29682155074116306 0.15618702136235388 0.012115165336374002
11 0.30935106811769447 0.20667046750285062 0.3043127771060056 0.20952109464082097
11 0.7124143490528013 0.20417616875712657 0.39500201531640466 0.20595781071835803
16 0.2866787585650947 0.37735176738882553 0.3033051189036679 0.02066704675028506
16 0.22873841193067312 0.6307012542759407 0.177347843611447 0.018529076396807297
20 0.46402660217654174 0.5034920182440137 0.6539701733172109 0.1959806157354618
20 0.46604191858121724 0.7126567844925884 0.6438935912938332 0.1168757126567845
20 0.46503426037887946 0.8348774230330672 0.6459089076985086 0.12043899657924743
25 0.8796856106408706 0.673460661345496 0.1370415155179363 0.15535917901938426
7 0.8252720677146312 0.6385404789053591 0.014107214832728738 0.011402508551881414
7 0.8277912132204757 0.6520809578107184 0.01713018943974204 0.01282782212086659
7 0.830814187827489 0.6688283922462942 0.021160822249093107 0.01354047890535918