21 0.49470994475138125 0.338974609375 0.7812845303867403 0.295146484375
13 0.4987430939226519 0.142451171875 0.7803176795580111 0.094228515625
13 0.49625690607734807 0.646533203125 0.771864640883978 0.066572265625
10 0.6034530386740331 0.583427734375 0.5546132596685083 0.040224609375
21 0.49161602209944755 0.7643359375 0.7787707182320442 0.078291015625
21 0.4998342541436464 0.5194140625 0.7786602209944752 0.028076171875
21 0.4929281767955801 0.7049609375 0.7821132596685083 0.042724609375
25 0.501560773480663 0.813603515625 0.75103591160221 0.018310546875
25 0.38933701657458564 0.828857421875 0.5334944751381215 0.01953125
25 0.49810773480662984 0.857548828125 0.7821132596685083 0.042724609375
27 0.4929281767955801 0.911865234375 0.02244475138121547 0.02685546875