21 0.5314502762430939 0.2568359375 0.7105110497237569 0.188037109375
6 0.529060773480663 0.65517578125 0.7148204419889502 0.200009765625
10 0.6090469613259668 0.86625 0.5646408839779006 0.0505859375
21 0.5316712707182321 0.506708984375 0.7171823204419889 0.068798828125
21 0.5347099447513812 0.79328125 0.7161049723756907 0.064658203125
32 0.6321270718232045 0.083671875 0.5132734806629834 0.029130859375
21 0.5352762430939226 0.430927734375 0.7080801104972375 0.045849609375
17 0.30675414364640885 0.1292578125 0.21004143646408838 0.028623046875
17 0.5359530386740331 0.376904296875 0.6940883977900553 0.027509765625
9 0.5343922651933701 0.736630859375 0.7152624309392266 0.027705078125
28 0.18986187845303867 0.079853515625 0.0344060773480663 0.026826171875
13 0.5378176795580111 0.9100390625 0.6957872928176796 0.040283203125