10 0.5180662983425414 0.67125 0.6379005524861878 0.07181640625
19 0.4750138121546962 0.3780078125 0.7287845303867403 0.059345703125
19 0.47321823204419894 0.213486328125 0.726671270718232 0.038408203125
19 0.4741988950276243 0.295263671875 0.7241022099447514 0.03837890625
19 0.47285911602209946 0.331005859375 0.7271132596685083 0.03794921875
21 0.47338397790055253 0.571083984375 0.7290469613259669 0.072490234375
31 0.8468232044198896 0.031806640625 0.276560773480663 0.02462890625
19 0.473439226519337 0.25123046875 0.7253176795580111 0.042001953125
21 0.4718232044198895 0.1610546875 0.7287707182320442 0.06267578125
13 0.4785220994475138 0.736689453125 0.7236464088397789 0.0425
21 0.4725414364640884 0.618017578125 0.7210911602209945 0.02240234375
17 0.26795580110497236 0.091806640625 0.4066436464088398 0.0244921875
21 0.4828314917127072 0.9204296875 0.7225966850828729 0.057138671875
10 0.5029558011049724 0.829345703125 0.6990331491712708 0.112197265625
19 0.47454419889502764 0.440146484375 0.7241574585635359 0.057197265625
19 0.4735635359116022 0.498740234375 0.7300690607734808 0.057197265625
1 0.9234392265193371 0.9619140625 0.11838397790055248 0.018134765625
1 0.083853591160221 0.963310546875 0.14798342541436466 0.015341796875
27 0.822803867403315 0.962607421875 0.04341160220994475 0.02232421875