31 0.2322652156388553 0.06877137970353478 0.1380491737202741 0.024942987457240592
27 0.8670898831116485 0.06912770809578107 0.04131398629584845 0.01710376282782212
2 0.5239822652156388 0.505570125427594 0.713422007255139 0.7175256556442418
5 0.5229746070133011 0.800193842645382 0.713422007255139 0.11402508551881414
4 0.27710600564288596 0.38732896237172176 0.1833937928254736 0.029218928164196124
4 0.5204554615074567 0.38376567844925885 0.1864167674324869 0.027793614595210948
4 0.7643087464731962 0.3862599771949829 0.18440145102781136 0.02565564424173318
4 0.28264812575574366 0.6837941847206386 0.15618702136235388 0.01354047890535918
4 0.5214631197097944 0.6841505131128849 0.1864167674324869 0.014253135689851768
4 0.7658202337767029 0.6909207525655644 0.20556227327690446 0.0306442417331813
4 0.2786174929463926 0.7197833523375142 0.14006449012494962 0.01710376282782212
4 0.5249899234179766 0.7215649942987458 0.1430874647319629 0.01781641961231471
4 0.7653164046755341 0.7208523375142531 0.1320032245062475 0.01781641961231471
4 0.7653164046755341 0.41369726339794755 0.1320032245062475 0.01781641961231471
4 0.281136638452237 0.41583523375142534 0.12898024989923418 0.016391106043329533
4 0.5194478033051189 0.4172605473204105 0.12998790810157196 0.016391106043329533
4 0.7643087464731962 0.4179732041049031 0.1320032245062475 0.01781641961231471